2800000006	mathiH
280101004f	ibrAhImaH santAnO dAyUd tasya santAnO yIzukhrISTastasya pUrvvapuruSavaMzazrENI|
280102004d	ibrAhImaH putra ishAk tasya putrO yAkUb tasya putrO yihUdAstasya bhrAtarazca|
2801030061	tasmAd yihUdAtastAmarO garbhE pErassErahau jajnjAtE, tasya pErasaH putrO hiSrON tasya putrO 'rAm|
280104003e	tasya putrO 'mmInAdab tasya putrO nahazOn tasya putraH salmOn|
2801050057	tasmAd rAhabO garbhE bOyam jajnjE, tasmAd rUtO garbhE ObEd jajnjE, tasya putrO yizayaH|
2801060042	tasya putrO dAyUd rAjaH tasmAd mRtOriyasya jAyAyAM sulEmAn jajnjE|
280107003c	tasya putrO rihabiyAm, tasya putrO'biyaH, tasya putra AsA: |
280108003c	tasya sutO yihOzAphaT tasya sutO yihOrAma tasya suta uSiyaH|
2801090036	tasya sutO yOtham tasya suta Aham tasya sutO hiSkiyaH|
28010a0037	tasya sutO minaziH, tasya suta AmOn tasya sutO yOziyaH|
28010b0050	bAbilnagarE pravasanAt pUrvvaM sa yOziyO yikhaniyaM tasya bhrAtRMzca janayAmAsa|
28010c0053	tatO bAbili pravasanakAlE yikhaniyaH zaltIyElaM janayAmAsa, tasya sutaH sirubbAvil|
28010d0035	tasya sutO 'bOhud tasya suta ilIyAkIm tasya sutO'sOr|
28010e0036	asOraH sutaH sAdOk tasya suta AkhIm tasya suta ilIhUd|
28010f0026	tasya suta iliyAsar tasya sutO mattan|
280110007c	tasya sutO yAkUb tasya sutO yUSaph tasya jAyA mariyam; tasya garbhE yIzurajani, tamEva khrISTam (arthAd abhiSiktaM) vadanti|
28011100c6	ittham ibrAhImO dAyUdaM yAvat sAkalyEna caturdazapuruSAH; A dAyUdaH kAlAd bAbili pravasanakAlaM yAvat caturdazapuruSA bhavanti| bAbili pravAsanakAlAt khrISTasya kAlaM yAvat caturdazapuruSA bhavanti|
280112008e	yIzukhrISTasya janma kaththatE| mariyam nAmikA kanyA yUSaphE vAgdattAsIt, tadA tayOH saggamAt prAk sA kanyA pavitrENAtmanA garbhavatI babhUva|
280113006e	tatra tasyAH pati ryUSaph saujanyAt tasyAH kalaggaM prakAzayitum anicchan gOpanEnE tAM pArityaktuM manazcakrE|
28011400a1	sa tathaiva bhAvayati, tadAnIM paramEzvarasya dUtaH svapnE taM darzanaM dattvA vyAjahAra, hE dAyUdaH santAna yUSaph tvaM nijAM jAyAM mariyamam AdAtuM mA bhaiSIH|
28011500b1	yatastasyA garbhaH pavitrAdAtmanO'bhavat, sA ca putraM prasaviSyatE, tadA tvaM tasya nAma yIzum (arthAt trAtAraM) karISyasE, yasmAt sa nijamanujAn tESAM kaluSEbhya uddhariSyati|
280116008d	itthaM sati, pazya garbhavatI kanyA tanayaM prasaviSyatE| immAnUyEl tadIyanjca nAmadhEyaM bhaviSyati|| immAnUyEl asmAkaM saggIzvaraityarthaH|
2801170058	iti yad vacanaM purvvaM bhaviSyadvaktrA IzvaraH kathAyAmAsa, tat tadAnIM siddhamabhavat|
2801180062	anantaraM yUSaph nidrAtO jAgarita utthAya paramEzvarIyadUtasya nidEzAnusArENa nijAM jAyAM jagrAha,
2801190063	kintu yAvat sA nijaM prathamasutaM a suSuvE, tAvat tAM nOpAgacchat, tataH sutasya nAma yIzuM cakrE|
28020100af	anantaraM hErOd saMjnjakE rAjnji rAjyaM zAsati yihUdIyadEzasya baitlEhami nagarE yIzau jAtavati ca, katipayA jyOtirvvudaH pUrvvasyA dizO yirUzAlamnagaraM samEtya kathayamAsuH,
2802020080	yO yihUdIyAnAM rAjA jAtavAn, sa kutrAstE? vayaM pUrvvasyAM dizi tiSThantastadIyAM tArakAm apazyAma tasmAt taM praNantum agamAma|
280203005a	tadA hErOd rAjA kathAmEtAM nizamya yirUzAlamnagarasthitaiH sarvvamAnavaiH sArddham udvijya
2802040057	sarvvAn pradhAnayAjakAn adhyApakAMzca samAhUyAnIya papraccha, khrISTaH kutra janiSyatE?
2802050062	tadA tE kathayAmAsuH, yihUdIyadEzasya baitlEhami nagarE, yatO bhaviSyadvAdinA itthaM likhitamAstE,
28020600ae	sarvvAbhyO rAjadhAnIbhyO yihUdIyasya nIvRtaH| hE yIhUdIyadEzasyE baitlEham tvaM na cAvarA|isrAyElIyalOkAn mE yatO yaH pAlayiSyati| tAdRgEkO mahArAjastvanmadhya udbhaviSyatI||
280207005f	tadAnIM hErOd rAjA tAn jyOtirvvidO gOpanam AhUya sA tArakA kadA dRSTAbhavat, tad vinizcayAmAsa|
280208009b	aparaM tAn baitlEhamaM prahItya gaditavAn, yUyaM yAta, yatnAt taM zizum anviSya taduddEzE prAptE mahyaM vArttAM dAsyatha, tatO mayApi gatvA sa praNaMsyatE|
28020900c0	tadAnIM rAjnja EtAdRzIm AjnjAM prApya tE pratasthirE, tataH pUrvvarsyAM dizi sthitaistai ryA tArakA dRSTA sA tArakA tESAmagrE gatvA yatra sthAnE zizUrAstE, tasya sthAnasyOpari sthagitA tasyau|
28020a0023	tad dRSTvA tE mahAnanditA babhUvuH,
28020b00ca	tatO gEhamadhya pravizya tasya mAtrA mariyamA sAddhaM taM zizuM nirIkSaya daNPavad bhUtvA praNEmuH, aparaM svESAM ghanasampattiM mOcayitvA suvarNaM kunduruM gandharamanjca tasmai darzanIyaM dattavantaH|
28020c0079	pazcAd hErOd rAjasya samIpaM punarapi gantuM svapna IzvarENa niSiddhAH santO 'nyEna pathA tE nijadEzaM prati pratasthirE|
28020d0107	anantaraM tESu gatavatmu paramEzvarasya dUtO yUSaphE svapnE darzanaM datvA jagAda, tvam utthAya zizuM tanmAtaranjca gRhItvA misardEzaM palAyasva, aparaM yAvadahaM tubhyaM vArttAM na kathayiSyAmi, tAvat tatraiva nivasa, yatO rAjA hErOd zizuM nAzayituM mRgayiSyatE|
28020e0057	tadAnIM yUSaph utthAya rajanyAM zizuM tanmAtaranjca gRhItvA misardEzaM prati pratasthE,
28020f00b1	gatvA ca hErOdO nRpatE rmaraNaparyyantaM tatra dEzE nyuvAsa, tEna misardEzAdahaM putraM svakIyaM samupAhUyam| yadEtadvacanam IzvarENa bhaviSyadvAdinA kathitaM tat saphalamabhUt|
2802100107	anantaraM hErOd jyOtirvidbhirAtmAnaM pravanjcitaM vijnjAya bhRzaM cukOpa; aparaM jyOtirvvidbhyastEna vinizcitaM yad dinaM taddinAd gaNayitvA dvitIyavatsaraM praviSTA yAvantO bAlakA asmin baitlEhamnagarE tatsImamadhyE cAsan, lOkAn prahitya tAn sarvvAn ghAtayAmAsa|
28021100b3	ataH anEkasya vilApasya ninAda: krandanasya ca| zOkEna kRtazabdazca rAmAyAM saMnizamyatE| svabAlagaNahEtOrvai rAhEl nArI tu rOdinI| na manyatE prabOdhantu yatastE naiva manti hi||
2802120052	yadEtad vacanaM yirImiyanAmakabhaviSyadvAdinA kathitaM tat tadAnIM saphalam abhUt|
2802130067	tadanantaraM hErEdi rAjani mRtE paramEzvarasya dUtO misardEzE svapnE darzanaM dattvA yUSaphE kathitavAn
2802140078	tvam utthAya zizuM tanmAtaranjca gRhItvA punarapIsrAyElO dEzaM yAhI, yE janAH zizuM nAzayitum amRgayanta, tE mRtavantaH|
2802150043	tadAnIM sa utthAya zizuM tanmAtaranjca gRhlan isrAyEldEzam AjagAma|
28021600f8	kintu yihUdIyadEzE arkhilAyanAma rAjakumArO nijapitu rhErOdaH padaM prApya rAjatvaM karOtIti nizamya tat sthAnaM yAtuM zagkitavAn, pazcAt svapna IzvarAt prabOdhaM prApya gAlIldEzasya pradEzaikaM prasthAya nAsarannAma nagaraM gatvA tatra nyuSitavAn,
280217005e	tEna taM nAsaratIyaM kathayiSyanti, yadEtadvAkyaM bhaviSyadvAdibhirukttaM tat saphalamabhavat|
2803010056	tadAnOM yOhnnAmA majjayitA yihUdIyadEzasya prAntaram upasthAya pracArayan kathayAmAsa,
2803020037	manAMsi parAvarttayata, svargIyarAjatvaM samIpamAgatam|
280303008a	paramEzasya panthAnaM pariSkuruta sarvvataH| tasya rAjapathAMzcaiva samIkuruta sarvvathA| ityEtat prAntarE vAkyaM vadataH kasyacid ravaH||
280304009f	EtadvacanaM yizayiyabhaviSyadvAdinA yOhanamuddizya bhASitam| yOhanO vasanaM mahAggarOmajaM tasya kaTau carmmakaTibandhanaM; sa ca zUkakITAn madhu ca bhuktavAn|
2803050075	tadAnIM yirUzAlamnagaranivAsinaH sarvvE yihUdidEzIyA yarddantaTinyA ubhayataTasthAzca mAnavA bahirAgatya tasya samIpE
2803060046	svIyaM svIyaM duritam aggIkRtya tasyAM yarddani tEna majjitA babhUvuH|
28030700a3	aparaM bahUn phirUzinaH sidUkinazca manujAn maMktuM svasamIpam AgacchtO vilOkya sa tAn abhidadhau, rE rE bhujagavaMzA AgAmInaH kOpAt palAyituM yuSmAn kazcEtitavAn?
280308002e	manaHparAvarttanasya samucitaM phalaM phalata|
28030900a3	kintvasmAkaM tAta ibrAhIm astIti svESu manaHsu cIntayantO mA vyAharata| yatO yuSmAn ahaM vadAmi, Izvara EtEbhyaH pASANEbhya ibrAhImaH santAnAn utpAdayituM zaknOti|
28030a0085	aparaM pAdapAnAM mUlE kuThAra idAnImapi lagan AstE, tasmAd yasmin pAdapE uttamaM phalaM na bhavati, sa kRttO madhyE'gniM nikSEpsyatE|
28030b00dc	aparam ahaM manaHparAvarttanasUcakEna majjanEna yuSmAn majjayAmIti satyaM, kintu mama pazcAd ya Agacchati, sa mattOpi mahAn, ahaM tadIyOpAnahau vOPhumapi nahi yOgyOsmi, sa yuSmAn vahnirUpE pavitra Atmani saMmajjayiSyati|
28030c00a4	tasya kArE sUrpa AstE, sa svIyazasyAni samyak prasphOTya nijAn sakalagOdhUmAn saMgRhya bhANPAgArE sthApayiSyati, kiMntu sarvvANi vuSANyanirvvANavahninA dAhayiSyati|
28030d0055	anantaraM yIzu ryOhanA majjitO bhavituM gAlIlpradEzAd yarddani tasya samIpam AjagAma|
28030e006d	kintu yOhan taM niSidhya babhASE, tvaM kiM mama samIpam Agacchasi? varaM tvayA majjanaM mama prayOjanam AstE|
28030f0079	tadAnIM yIzuH pratyavOcat; IdAnIm anumanyasva, yata itthaM sarvvadharmmasAdhanam asmAkaM karttavyaM, tataH sO'nvamanyata|
28031000ad	anantaraM yIzurammasi majjituH san tatkSaNAt tOyamadhyAd utthAya jagAma, tadA jImUtadvArE muktE jAtE, sa IzvarasyAtmAnaM kapOtavad avaruhya svOparyyAgacchantaM vIkSAnjcakrE|
2803110056	aparam ESa mama priyaH putra EtasminnEva mama mahAsantOSa EtAdRzI vyOmajA vAg babhUva|
2804010049	tataH paraM yIzuH pratArakENa parIkSitO bhavitum AtmanA prAntaram AkRSTaH
280402003a	san catvAriMzadahOrAtrAn anAhArastiSThan kSudhitO babhUva|
2804030072	tadAnIM parIkSitA tatsamIpam Agatya vyAhRtavAn, yadi tvamIzvarAtmajO bhavEstarhyAjnjayA pASANAnEtAn pUpAn vidhEhi|
2804040097	tataH sa pratyabravIt, itthaM likhitamAstE, "manujaH kEvalapUpEna na jIviSyati, kintvIzvarasya vadanAd yAni yAni vacAMsi niHsaranti tairEva jIviSyati|"
280405004c	tadA pratArakastaM puNyanagaraM nItvA mandirasya cUPOpari nidhAya gaditavAn,
28040600dc	tvaM yadizvarasya tanayO bhavEstarhItO'dhaH pata, yata itthaM likhitamAstE, AdEkSyati nijAn dUtAn rakSituM tvAM paramEzvaraH| yathA sarvvESu mArgESu tvadIyacaraNadvayE| na lagEt prastarAghAtastvAM ghariSyanti tE karaiH||
2804070063	tadAnIM yIzustasmai kathitavAn Etadapi likhitamAstE, "tvaM nijaprabhuM paramEzvaraM mA parIkSasva|"
2804080089	anantaraM pratArakaH punarapi tam atyunjcadharAdharOpari nItvA jagataH sakalarAjyAni tadaizvaryyANi ca darzayAzcakAra kathayAnjcakAra ca,
2804090049	yadi tvaM daNPavad bhavan mAM praNamEstarhyaham EtAni tubhyaM pradAsyAmi|
28040a0081	tadAnIM yIzustamavOcat, dUrIbhava pratAraka, likhitamidam AstE, "tvayA nijaH prabhuH paramEzvaraH praNamyaH kEvalaH sa sEvyazca|"
28040b0046	tataH pratArakENa sa paryyatyAji, tadA svargIyadUtairAgatya sa siSEvE|
28040c0051	tadanantaraM yOhan kArAyAM babandhE, tadvArttAM nizamya yIzunA gAlIl prAsthIyata|
28040d0098	tataH paraM sa nAsarannagaraM vihAya jalaghEstaTE sibUlUnnaptAlI EtayOruvabhayOH pradEzayOH sImnOrmadhyavarttI ya: kapharnAhUm tannagaram itvA nyavasat|
28040e0060	tasmAt, anyAdEzIyagAlIli yarddanpArE'bdhirOdhasi| naptAlisibUlUndEzau yatra sthAnE sthitau purA|
28040f00ad	tatratyA manujA yE yE paryyabhrAmyan tamisrakE| tairjanairbRhadAlOkaH paridarziSyatE tadA| avasan yE janA dEzE mRtyucchAyAsvarUpakE| tESAmupari lOkAnAmAlOkaH saMprakAzitaH||
2804100048	yadEtadvacanaM yizayiyabhaviSyadvAdinA prOktaM, tat tadA saphalam abhUt|
280411007e	anantaraM yIzuH susaMvAdaM pracArayan EtAM kathAM kathayitum ArEbhE, manAMsi parAvarttayata, svargIyarAjatvaM savidhamabhavat|
28041200b6	tataH paraM yIzu rgAlIlO jaladhEstaTEna gacchan gacchan Andriyastasya bhrAtA zimOn arthatO yaM pitaraM vadanti EtAvubhau jalaghau jAlaM kSipantau dadarza, yatastau mInadhAriNAvAstAm|
280413005d	tadA sa tAvAhUya vyAjahAra, yuvAM mama pazcAd AgacchataM, yuvAmahaM manujadhAriNau kariSyAmi|
2804140031	tEnaiva tau jAlaM vihAya tasya pazcAt AgacchatAm|
28041500a6	anantaraM tasmAt sthAnAt vrajan vrajan sivadiyasya sutau yAkUb yOhannAmAnau dvau sahajau tAtEna sArddhaM naukOpari jAlasya jIrNOddhAraM kurvvantau vIkSya tAvAhUtavAn|
2804160046	tatkSaNAt tau nAvaM svatAtanjca vihAya tasya pazcAdgAminau babhUvatuH|
28041700ac	anantaraM bhajanabhavanE samupadizan rAjyasya susaMvAdaM pracArayan manujAnAM sarvvaprakArAn rOgAn sarvvaprakArapIPAzca zamayan yIzuH kRtsnaM gAlIldEzaM bhramitum Arabhata|
28041800da	tEna kRtsnasuriyAdEzasya madhyaM tasya yazO vyApnOt, aparaM bhUtagrastA apasmArargINaH pakSAdhAtiprabhRtayazca yAvantO manujA nAnAvidhavyAdhibhiH kliSTA Asan, tESu sarvvESu tasya samIpam AnItESu sa tAn svasthAn cakAra|
2804190067	EtEna gAlIl-dikApani-yirUzAlam-yihUdIyadEzEbhyO yarddanaH pArAnjca bahavO manujAstasya pazcAd Agacchan|
2805010045	anantaraM sa jananivahaM nirIkSya bhUdharOpari vrajitvA samupavivEza|
2805020049	tadAnIM ziSyESu tasya samIpamAgatESu tEna tEbhya ESA kathA kathyAnjcakrE|
2805030041	abhimAnahInA janA dhanyAH, yatastE svargIyarAjyam adhikariSyanti|
2805040039	khidyamAnA manujA dhanyAH, yasmAt tE sAntvanAM prApsanti|
280505003a	namrA mAnavAzca dhanyAH, yasmAt tE mEdinIm adhikariSyanti|
280506004b	dharmmAya bubhukSitAH tRSArttAzca manujA dhanyAH, yasmAt tE paritarpsyanti|
2805070034	kRpAlavO mAnavA dhanyAH, yasmAt tE kRpAM prApsyanti|
280508003f	nirmmalahRdayA manujAzca dhanyAH, yasmAt ta IzcaraM drakSyanti|
2805090049	mElayitArO mAnavA dhanyAH, yasmAt ta Izcarasya santAnatvEna vikhyAsyanti|
28050a0050	dharmmakAraNAt tAPitA manujA dhanyA, yasmAt svargIyarAjyE tESAmadhikarO vidyatE|
28050b0068	yadA manujA mama nAmakRtE yuSmAn nindanti tAPayanti mRSA nAnAdurvvAkyAni vadanti ca, tadA yuyaM dhanyAH|
28050c008d	tadA Anandata, tathA bhRzaM hlAdadhvanjca, yataH svargE bhUyAMsi phalAni lapsyadhvE; tE yuSmAkaM purAtanAn bhaviSyadvAdinO'pi tAdRg atAPayan|
28050d00dd	yuyaM mEdinyAM lavaNarUpAH, kintu yadi lavaNasya lavaNatvam apayAti, tarhi tat kEna prakArENa svAduyuktaM bhaviSyati? tat kasyApi kAryyasyAyOgyatvAt kEvalaM bahiH prakSEptuM narANAM padatalEna dalayitunjca yOgyaM bhavati|
28050e0054	yUyaM jagati dIptirUpAH, bhUdharOpari sthitaM nagaraM guptaM bhavituM nahi zakSyati|
28050f008e	aparaM manujAH pradIpAn prajvAlya drONAdhO na sthApayanti, kintu dIpAdhArOparyyEva sthApayanti, tEna tE dIpA gEhasthitAn sakalAn prakAzayanti|
2805100086	yEna mAnavA yuSmAkaM satkarmmANi vilOkya yuSmAkaM svargasthaM pitaraM dhanyaM vadanti, tESAM samakSaM yuSmAkaM dIptistAdRk prakAzatAm|
2805110080	ahaM vyavasthAM bhaviSyadvAkyanjca lOptum AgatavAn, itthaM mAnubhavata, tE dvE lOptuM nAgatavAn, kintu saphalE karttum AgatOsmi|
280512009f	aparaM yuSmAn ahaM tathyaM vadAmi yAvat vyOmamEdinyO rdhvaMsO na bhaviSyati, tAvat sarvvasmin saphalE na jAtE vyavasthAyA EkA mAtrA bindurEkOpi vA na lOpsyatE|
28051300f3	tasmAt yO jana EtAsAm AjnjAnAm atikSudrAm EkAjnjAmapI laMghatE manujAMnjca tathaiva zikSayati, sa svargIyarAjyE sarvvEbhyaH kSudratvEna vikhyAsyatE, kintu yO janastAM pAlayati, tathaiva zikSayati ca, sa svargIyarAjyE pradhAnatvEna vikhyAsyatE|
2805140098	aparaM yuSmAn ahaM vadAmi, adhyApakaphirUzimAnavAnAM dharmmAnuSThAnAt yuSmAkaM dharmmAnuSThAnE nOttamE jAtE yUyam IzvarIyarAjyaM pravESTuM na zakSyatha|
2805150095	aparanjca tvaM naraM mA vadhIH, yasmAt yO naraM hanti, sa vicArasabhAyAM daNPArhO bhaviSyati, pUrvvakAlInajanEbhya iti kathitamAsIt, yuSmAbhirazrAvi|
2805160127	kintvahaM yuSmAn vadAmi, yaH kazcit kAraNaM vinA nijabhrAtrE kupyati, sa vicArasabhAyAM daNPArhO bhaviSyati; yaH kazcicca svIyasahajaM nirbbOdhaM vadati, sa mahAsabhAyAM daNPArhO bhaviSyati; punazca tvaM mUPha iti vAkyaM yadi kazcit svIyabhrAtaraM vakti, tarhi narakAgnau sa daNPArhO bhaviSyati|
280517008e	atO vEdyAH samIpaM nijanaivEdyE samAnItE'pi nijabhrAtaraM prati kasmAccit kAraNAt tvaM yadi dOSI vidyasE, tadAnIM tava tasya smRti rjAyatE ca,
2805180080	tarhi tasyA vEdyAH samIpE nijanaivaidyaM nidhAya tadaiva gatvA pUrvvaM tEna sArddhaM mila, pazcAt Agatya nijanaivEdyaM nivEdaya|
28051900d2	anyanjca yAvat vivAdinA sArddhaM vartmani tiSThasi, tAvat tEna sArddhaM mElanaM kuru; nO cEt vivAdI vicArayituH samIpE tvAM samarpayati vicArayitA ca rakSiNaH sannidhau samarpayati tadA tvaM kArAyAM badhyEthAH|
28051a0070	tarhi tvAmahaM taththaM bravImi, zESakapardakE'pi na parizOdhitE tasmAt sthAnAt kadApi bahirAgantuM na zakSyasi|
28051b0065	aparaM tvaM mA vyabhicara, yadEtad vacanaM pUrvvakAlInalOkEbhyaH kathitamAsIt, tad yUyaM zrutavantaH;
28051c006f	kintvahaM yuSmAn vadAmi, yadi kazcit kAmataH kAnjcana yOSitaM pazyati, tarhi sa manasA tadaiva vyabhicaritavAn|
28051d0097	tasmAt tava dakSiNaM nEtraM yadi tvAM bAdhatE, tarhi tannEtram utpATya dUrE nikSipa, yasmAt tava sarvvavapuSO narakE nikSEpAt tavaikAggasya nAzO varaM|
28051e008a	yadvA tava dakSiNaH karO yadi tvAM bAdhatE, tarhi taM karaM chittvA dUrE nikSipa, yataH sarvvavapuSO narakE nikSEpAt EkAggasya nAzO varaM|
28051f005a	uktamAstE, yadi kazcin nijajAyAM parityakttum icchati, tarhi sa tasyai tyAgapatraM dadAtu|
28052000a9	kintvahaM yuSmAn vyAharAmi, vyabhicAradOSE na jAtE yadi kazcin nijajAyAM parityajati, tarhi sa tAM vyabhicArayati; yazca tAM tyaktAM striyaM vivahati, sOpi vyabhicarati|
2805210087	punazca tvaM mRSA zapatham na kurvvan IzcarAya nijazapathaM pAlaya, pUrvvakAlInalOkEbhyO yaiSA kathA kathitA, tAmapi yUyaM zrutavantaH|
280522006b	kintvahaM yuSmAn vadAmi, kamapi zapathaM mA kArSTa, arthataH svarganAmnA na, yataH sa Izvarasya siMhAsanaM;
2805230061	pRthivyA nAmnApi na, yataH sA tasya pAdapIThaM; yirUzAlamO nAmnApi na, yataH sA mahArAjasya purI;
2805240057	nijazirOnAmnApi na, yasmAt tasyaikaM kacamapi sitam asitaM vA karttuM tvayA na zakyatE|
280525006d	aparaM yUyaM saMlApasamayE kEvalaM bhavatIti na bhavatIti ca vadata yata itO'dhikaM yat tat pApAtmanO jAyatE|
280526006b	aparaM lOcanasya vinimayEna lOcanaM dantasya vinimayEna dantaH pUrvvaktamidaM vacananjca yuSmAbhirazrUyata|
2805270096	kintvahaM yuSmAn vadAmi yUyaM hiMsakaM naraM mA vyAghAtayata| kintu kEnacit tava dakSiNakapOlE capETAghAtE kRtE taM prati vAmaM kapOlanjca vyAghOTaya|
2805280069	aparaM kEnacit tvayA sArdhdaM vivAdaM kRtvA tava paridhEyavasanE jighRtitE tasmAyuttarIyavasanamapi dEhi|
280529005e	yadi kazcit tvAM krOzamEkaM nayanArthaM anyAyatO dharati, tadA tEna sArdhdaM krOzadvayaM yAhi|
28052a0072	yazca mAnavastvAM yAcatE, tasmai dEhi, yadi kazcit tubhyaM dhArayitum icchati, tarhi taM prati parAMmukhO mA bhUH|
28052b0070	nijasamIpavasini prEma kuru, kintu zatruM prati dvESaM kuru, yadEtat purOktaM vacanaM Etadapi yUyaM zrutavantaH|
28052c00cf	kintvahaM yuSmAn vadAmi, yUyaM ripuvvapi prEma kuruta, yE ca yuSmAn zapantE, tAna, AziSaM vadata, yE ca yuSmAn RtIyantE, tESAM maggalaM kuruta, yE ca yuSmAn nindanti, tAPayanti ca, tESAM kRtE prArthayadhvaM|
28052d00b3	tatra yaH satAmasatAnjcOpari prabhAkaram udAyayati, tathA dhArmmikAnAmadhArmmikAnAnjcOpari nIraM varSayati tAdRzO yO yuSmAkaM svargasthaH pitA, yUyaM tasyaiva santAnA bhaviSyatha|
28052e0091	yE yuSmAsu prEma kurvvanti, yUyaM yadi kEvalaM tEvvEva prEma kurutha, tarhi yuSmAkaM kiM phalaM bhaviSyati? caNPAlA api tAdRzaM kiM na kurvvanti?
28052f0078	aparaM yUyaM yadi kEvalaM svIyabhrAtRtvEna namata, tarhi kiM mahat karmma kurutha? caNPAlA api tAdRzaM kiM na kurvvanti?
280530004e	tasmAt yuSmAkaM svargasthaH pitA yathA pUrNO bhavati, yUyamapi tAdRzA bhavata|
2806010096	sAvadhAnA bhavata, manujAn darzayituM tESAM gOcarE dharmmakarmma mA kuruta, tathA kRtE yuSmAkaM svargasthapituH sakAzAt kinjcana phalaM na prApsyatha|
28060200c4	tvaM yadA dadAsi tadA kapaTinO janA yathA manujEbhyaH prazaMsAM prAptuM bhajanabhavanE rAjamArgE ca tUrIM vAdayanti, tathA mA kuri, ahaM tubhyaM yathArthaM kathayAmi, tE svakAyaM phalam alabhanta|
2806030053	kintu tvaM yadA dadAsi, tadA nijadakSiNakarO yat karOti, tad vAmakaraM mA jnjApaya|
2806040061	tEna tava dAnaM guptaM bhaviSyati yastu tava pitA guptadarzI, sa prakAzya tubhyaM phalaM dAsyati|
28060500c8	aparaM yadA prArthayasE, tadA kapaTinaiva mA kuru, yasmAt tE bhajanabhavanE rAjamArgasya kONE tiSThantO lOkAn darzayantaH prArthayituM prIyantE; ahaM yuSmAn tathyaM vadAmi, tE svakIyaphalaM prApnuvan|
28060600a8	tasmAt prArthanAkAlE antarAgAraM pravizya dvAraM rudvvA guptaM pazyatastava pituH samIpE prArthayasva; tEna tava yaH pitA guptadarzI, sa prakAzya tubhyaM phalaM dAsyati
280607008a	aparaM prArthanAkAlE dEvapUjakAiva mudhA punaruktiM mA kuru, yasmAt tE bOdhantE, bahuvAraM kathAyAM kathitAyAM tESAM prArthanA grAhiSyatE|
2806080068	yUyaM tESAmiva mA kuruta, yasmAt yuSmAkaM yad yat prayOjanaM yAcanAtaH prAgEva yuSmAkaM pitA tat jAnAti|
2806090058	ataEva yUyama IdRk prArthayadhvaM, hE asmAkaM svargasthapitaH, tava nAma pUjyaM bhavatu|
28060a0052	tava rAjatvaM bhavatu; tavEcchA svargE yathA tathaiva mEdinyAmapi saphalA bhavatu|
28060b0026	asmAkaM prayOjanIyam AhAram adya dEhi|
28060c0048	vayaM yathA nijAparAdhinaH kSamAmahE, tathaivAsmAkam aparAdhAn kSamasva|
28060d006e	asmAn parIkSAM mAnaya, kintu pApAtmanO rakSa; rAjatvaM gauravaM parAkramaH EtE sarvvE sarvvadA tava; tathAstu|
28060e0059	yadi yUyam anyESAm aparAdhAn kSamadhvE tarhi yuSmAkaM svargasthapitApi yuSmAn kSamiSyatE;
28060f006a	kintu yadi yUyam anyESAm aparAdhAn na kSamadhvE, tarhi yuSmAkaM janakOpi yuSmAkam aparAdhAn na kSamiSyatE|
28061000bc	aparam upavAsakAlE kapaTinO janA mAnuSAn upavAsaM jnjApayituM svESAM vadanAni mlAnAni kurvvanti, yUyaM taiva viSaNavadanA mA bhavata; ahaM yuSmAn tathyaM vadAmi tE svakIyaphalam alabhanta|
28061100a6	yadA tvam upavasasi, tadA yathA lOkaistvaM upavAsIva na dRzyasE, kintu tava yO'gOcaraH pitA tEnaiva dRzyasE, tatkRtE nijazirasi tailaM marddaya vadananjca prakSAlaya;
2806120041	tEna tava yaH pitA guptadarzI sa prakAzya tubhyaM phalaM dAsyati|
2806130097	aparaM yatra sthAnE kITAH kalagkAzca kSayaM nayanti, caurAzca sandhiM karttayitvA cOrayituM zaknuvanti, tAdRzyAM mEdinyAM svArthaM dhanaM mA saMcinuta|
280614008d	kintu yatra sthAnE kITAH kalagkAzca kSayaM na nayanti, caurAzca sandhiM karttayitvA cOrayituM na zaknuvanti, tAdRzE svargE dhanaM sanjcinuta|
2806150044	yasmAt yatra sthAnE yuSmAMka dhanaM tatraiva khAnE yuSmAkaM manAMsi|
2806160078	lOcanaM dEhasya pradIpakaM, tasmAt yadi tava lOcanaM prasannaM bhavati, tarhi tava kRtsnaM vapu rdIptiyuktaM bhaviSyati|
280617009f	kintu lOcanE'prasannE tava kRtsnaM vapuH tamisrayuktaM bhaviSyati| ataEva yA dIptistvayi vidyatE, sA yadi tamisrayuktA bhavati, tarhi tat tamisraM kiyan mahat|
28061800c2	kOpi manujO dvau prabhU sEvituM na zaknOti, yasmAd EkaM saMmanya tadanyaM na sammanyatE, yadvA Ekatra manO nidhAya tadanyam avamanyatE; tathA yUyamapIzvaraM lakSmInjcEtyubhE sEvituM na zaknutha|
28061900d4	aparam ahaM yuSmabhyaM tathyaM kathayAmi, kiM bhakSiSyAmaH? kiM pAsyAmaH? iti prANadhAraNAya mA cintayata; kiM paridhAsyAmaH? iti kAyarakSaNAya na cintayata; bhakSyAt prANA vasanAnjca vapUMSi kiM zrESThANi na hi?
28061a008e	vihAyasO vihaggamAn vilOkayata; tai rnOpyatE na kRtyatE bhANPAgArE na sanjcIyatE'pi; tathApi yuSmAkaM svargasthaH pitA tEbhya AhAraM vitarati|
28061b0071	yUyaM tEbhyaH kiM zrESThA na bhavatha? yuSmAkaM kazcit manujaH cintayan nijAyuSaH kSaNamapi varddhayituM zaknOti?
28061c008c	aparaM vasanAya kutazcintayata? kSEtrOtpannAni puSpANi kathaM varddhantE tadAlOcayata| tAni tantUn nOtpAdayanti kimapi kAryyaM na kurvvanti;
28061d0056	tathApyahaM yuSmAn vadAmi, sulEmAn tAdRg aizvaryyavAnapi tatpuSpamiva vibhUSitO nAsIt|
28061e00ae	tasmAt kSadya vidyamAnaM zcaH cullyAM nikSEpsyatE tAdRzaM yat kSEtrasthitaM kusumaM tat yadIzcara itthaM bibhUSayati, tarhi hE stOkapratyayinO yuSmAn kiM na paridhApayiSyati?
28061f0056	tasmAt asmAbhiH kimatsyatE? kinjca pAyiSyatE? kiM vA paridhAyiSyatE, iti na cintayata|
2806200063	yasmAt dEvArccakA apIti cESTantE; EtESu dravyESu prayOjanamastIti yuSmAkaM svargasthaH pitA jAnAti|
2806210065	ataEva prathamata IzvarIyarAjyaM dharmmanjca cESTadhvaM, tata EtAni vastUni yuSmabhyaM pradAyiSyantE|
2806220068	zvaH kRtE mA cintayata, zvaEva svayaM svamuddizya cintayiSyati; adyatanI yA cintA sAdyakRtE pracuratarA|
2807010041	yathA yUyaM dOSIkRtA na bhavatha, tatkRtE'nyaM dOSiNaM mA kuruta|
28070200bc	yatO yAdRzEna dOSENa yUyaM parAn dOSiNaH kurutha, tAdRzEna dOSENa yUyamapi dOSIkRtA bhaviSyatha, anyanjca yEna parimANEna yuSmAbhiH parimIyatE, tEnaiva parimANEna yuSmatkRtE parimAyiSyatE|
280703006d	aparanjca nijanayanE yA nAsA vidyatE, tAm anAlOcya tava sahajasya lOcanE yat tRNam AstE, tadEva kutO vIkSasE?
280704008e	tava nijalOcanE nAsAyAM vidyamAnAyAM, hE bhrAtaH, tava nayanAt tRNaM bahiSyartuM anujAnIhi, kathAmEtAM nijasahajAya kathaM kathayituM zaknOSi?
280705007b	hE kapaTin, Adau nijanayanAt nAsAM bahiSkuru tatO nijadRSTau suprasannAyAM tava bhrAtR rlOcanAt tRNaM bahiSkartuM zakSyasi|
28070600af	anyanjca sAramEyEbhyaH pavitravastUni mA vitarata, varAhANAM samakSanjca muktA mA nikSipata; nikSEpaNAt tE tAH sarvvAH padai rdalayiSyanti, parAvRtya yuSmAnapi vidArayiSyanti|
280707007a	yAcadhvaM tatO yuSmabhyaM dAyiSyatE; mRgayadhvaM tata uddEzaM lapsyadhvE; dvAram Ahata, tatO yuSmatkRtE muktaM bhaviSyati|
2807080076	yasmAd yEna yAcyatE, tEna labhyatE; yEna mRgyatE tEnOddEzaH prApyatE; yEna ca dvAram AhanyatE, tatkRtE dvAraM mOcyatE|
2807090033	AtmajEna pUpE prArthitE tasmai pASANaM vizrANayati,
28070a004f	mInE yAcitE ca tasmai bhujagaM vitarati, EtAdRzaH pitA yuSmAkaM madhyE ka AstE?
28070b00a2	tasmAd yUyam abhadrAH santO'pi yadi nijabAlakEbhya uttamaM dravyaM dAtuM jAnItha, tarhi yuSmAkaM svargasthaH pitA svIyayAcakEbhyaH kimuttamAni vastUni na dAsyati?
28070c009b	yUSmAn pratItarESAM yAdRzO vyavahArO yuSmAkaM priyaH, yUyaM tAn prati tAdRzAnEva vyavahArAn vidhatta; yasmAd vyavasthAbhaviSyadvAdinAM vacanAnAm iti sAram|
28070d0077	sagkIrNadvArENa pravizata; yatO narakagamanAya yad dvAraM tad vistIrNaM yacca vartma tad bRhat tEna bahavaH pravizanti|
28070e0072	aparaM svargagamanAya yad dvAraM tat kIdRk saMkIrNaM| yacca vartma tat kIdRg durgamam| taduddESTAraH kiyantO'lpAH|
28070f00a8	aparanjca yE janA mESavEzEna yuSmAkaM samIpam Agacchanti, kintvantardurantA vRkA EtAdRzEbhyO bhaviSyadvAdibhyaH sAvadhAnA bhavata, yUyaM phalEna tAn paricEtuM zaknutha|
2807100055	manujAH kiM kaNTakinO vRkSAd drAkSAphalAni zRgAlakOlitazca uPumbaraphalAni zAtayanti?
2807110056	tadvad uttama Eva pAdapa uttamaphalAni janayati, adhamapAdapaEvAdhamaphalAni janayati|
2807120073	kintUttamapAdapaH kadApyadhamaphalAni janayituM na zaknOti, tathAdhamOpi pAdapa uttamaphalAni janayituM na zaknOti|
2807130047	aparaM yE yE pAdapA adhamaphalAni janayanti, tE kRttA vahnau kSipyantE|
2807140026	ataEva yUyaM phalEna tAn paricESyatha|
2807150097	yE janA mAM prabhuM vadanti, tE sarvvE svargarAjyaM pravEkSyanti tanna, kintu yO mAnavO mama svargasthasya pituriSTaM karmma karOti sa Eva pravEkSyati|
28071600ba	tad dinE bahavO mAM vadiSyanti, hE prabhO hE prabhO, tava nAmnA kimasmAmi rbhaviSyadvAkyaM na vyAhRtaM? tava nAmnA bhUtAH kiM na tyAjitAH? tava nAmnA kiM nAnAdbhutAni karmmANi na kRtAni?
2807170058	tadAhaM vadiSyAmi, hE kukarmmakAriNO yuSmAn ahaM na vEdmi, yUyaM matsamIpAd dUrIbhavata|
2807180063	yaH kazcit mamaitAH kathAH zrutvA pAlayati, sa pASANOpari gRhanirmmAtrA jnjAninA saha mayOpamIyatE|
2807190068	yatO vRSTau satyAm AplAva AgatE vAyau vAtE ca tESu tadgEhaM lagnESu pASANOpari tasya bhittEstanna patati
28071a0061	kintu yaH kazcit mamaitAH kathAH zrutvA na pAlayati sa saikatE gEhanirmmAtrA 'jnjAninA upamIyatE|
28071b006b	yatO jalavRSTau satyAm AplAva AgatE pavanE vAtE ca tai rgRhE samAghAtE tat patati tatpatanaM mahad bhavati|
28071c0045	yIzunaitESu vAkyESu samApitESu mAnavAstadIyOpadEzam AzcaryyaM mEnirE|
28071d004c	yasmAt sa upAdhyAyA iva tAn nOpadidEza kintu samarthapuruSaiva samupadidEza|
2808010041	yadA sa parvvatAd avArOhat tadA bahavO mAnavAstatpazcAd vavrajuH|
2808020073	EkaH kuSThavAn Agatya taM praNamya babhASE, hE prabhO, yadi bhavAn saMmanyatE, tarhi mAM nirAmayaM karttuM zaknOti|
2808030078	tatO yIzuH karaM prasAryya tasyAggaM spRzan vyAjahAra, sammanyE'haM tvaM nirAmayO bhava; tEna sa tatkSaNAt kuSThEnAmOci|
28080400b9	tatO yIzustaM jagAda, avadhEhi kathAmEtAM kazcidapi mA brUhi, kintu yAjakasya sannidhiM gatvA svAtmAnaM darzaya manujEbhyO nijanirAmayatvaM pramANayituM mUsAnirUpitaM dravyam utsRja ca|
280805006b	tadanantaraM yIzunA kapharnAhUmnAmani nagarE praviSTE kazcit zatasEnApatistatsamIpam Agatya vinIya babhASE,
2808060054	hE prabhO, madIya EkO dAsaH pakSAghAtavyAdhinA bhRzaM vyathitaH, satu zayanIya AstE|
2808070043	tadAnIM yIzustasmai kathitavAn, ahaM gatvA taM nirAmayaM kariSyAmi|
28080800a5	tataH sa zatasEnApatiH pratyavadat, hE prabhO, bhavAn yat mama gEhamadhyaM yAti tadyOgyabhAjanaM nAhamasmi; vAgmAtram Adizatu, tEnaiva mama dAsO nirAmayO bhaviSyati|
28080900bc	yatO mayi paranidhnE'pi mama nidEzavazyAH kati kati sEnAH santi, tata Ekasmin yAhItyuktE sa yAti, tadanyasmin EhItyuktE sa AyAti, tathA mama nijadAsE karmmaitat kurvvityuktE sa tat karOti|
28080a00a9	tadAnIM yIzustasyaitat vacO nizamya vismayApannO'bhUt; nijapazcAdgAminO mAnavAn avOcca, yuSmAn tathyaM vacmi, isrAyElIyalOkAnAM madhyE'pi naitAdRzO vizvAsO mayA prAptaH|
28080b007e	anyaccAhaM yuSmAn vadAmi, bahavaH pUrvvasyAH pazcimAyAzca diza Agatya ibrAhImA ishAkA yAkUbA ca sAkam militvA samupavEkSyanti;
28080c0065	kintu yatra sthAnE rOdanadantagharSaNE bhavatastasmin bahirbhUtatamisrE rAjyasya santAnA nikSEsyantE|
28080d008a	tataH paraM yIzustaM zatasEnApatiM jagAda, yAhi, tava pratItyanusAratO maggalaM bhUyAt; tadA tasminnEva daNPE tadIyadAsO nirAmayO babhUva|
28080e0064	anantaraM yIzuH pitarasya gEhamupasthAya jvarENa pIPitAM zayanIyasthitAM tasya zvazrUM vIkSAnjcakrE|
28080f0056	tatastEna tasyAH karasya spRSTatavAt jvarastAM tatyAja, tadA sA samutthAya tAn siSEvE|
280810009b	anantaraM sandhyAyAM satyAM bahuzO bhUtagrastamanujAn tasya samIpam AninyuH sa ca vAkyEna bhUtAn tyAjayAmAsa, sarvvaprakArapIPitajanAMzca nirAmayAn cakAra;
28081100a9	tasmAt, sarvvA durbbalatAsmAkaM tEnaiva paridhAritA| asmAkaM sakalaM vyAdhiM saEva saMgRhItavAn| yadEtadvacanaM yizayiyabhaviSyadvAdinOktamAsIt, tattadA saphalamabhavat|
2808120052	anantaraM yIzuzcaturdikSu jananivahaM vilOkya taTinyAH pAraM yAtuM ziSyAn AdidEza|
280813006b	tadAnIm Eka upAdhyAya Agatya kathitavAn, hE gurO, bhavAn yatra yAsyati tatrAhamapi bhavataH pazcAd yAsyAmi|
2808140096	tatO yIzu rjagAda, krOSTuH sthAtuM sthAnaM vidyatE, vihAyasO vihaggamAnAM nIPAni ca santi; kintu manuSyaputrasya ziraH sthApayituM sthAnaM na vidyatE|
2808150078	anantaram apara EkaH ziSyastaM babhASE, hE prabhO, prathamatO mama pitaraM zmazAnE nidhAtuM gamanArthaM mAm anumanyasva|
2808160049	tatO yIzuruktavAn mRtA mRtAn zmazAnE nidadhatu, tvaM mama pazcAd Agaccha|
280817003a	anantaraM tasmin nAvamArUPhE tasya ziSyAstatpazcAt jagmuH|
2808180092	pazcAt sAgarasya madhyaM tESu gatESu tAdRzaH prabalO jhanjbhzanila udatiSThat, yEna mahAtaragga utthAya taraNiM chAditavAn, kintu sa nidrita AsIt|
2808190073	tadA ziSyA Agatya tasya nidrAbhaggaM kRtvA kathayAmAsuH, hE prabhO, vayaM mriyAmahE, bhavAn asmAkaM prANAn rakSatu|
28081a0080	tadA sa tAn uktavAn, hE alpavizvAsinO yUyaM kutO vibhItha? tataH sa utthAya vAtaM sAgaranjca tarjayAmAsa, tatO nirvvAtamabhavat|
28081b0069	aparaM manujA vismayaM vilOkya kathayAmAsuH, ahO vAtasaritpatI asya kimAjnjAgrAhiNau? kIdRzO'yaM mAnavaH|
28081c00c6	anantaraM sa pAraM gatvA gidErIyadEzam upasthitavAn; tadA dvau bhUtagrastamanujau zmazAnasthAnAd bahi rbhUtvA taM sAkSAt kRtavantau, tAvEtAdRzau pracaNPAvAstAM yat tEna sthAnEna kOpi yAtuM nAzaknOt|
28081d008f	tAvucaiH kathayAmAsatuH, hE Izvarasya sUnO yIzO, tvayA sAkam AvayOH kaH sambandhaH? nirUpitakAlAt prAgEva kimAvAbhyAM yAtanAM dAtum atrAgatOsi?
28081e003b	tadAnIM tAbhyAM kinjcid dUrE varAhANAm EkO mahAvrajO'carat|
28081f0070	tatO bhUtau tau tasyAntikE vinIya kathayAmAsatuH, yadyAvAM tyAjayasi, tarhi varAhANAM madhyEvrajam AvAM prEraya|
28082000a4	tadA yIzuravadat yAtaM, anantaraM tau yadA manujau vihAya varAhAn Azritavantau, tadA tE sarvvE varAhA uccasthAnAt mahAjavEna dhAvantaH sAgarIyatOyE majjantO mamruH|
280821006d	tatO varAharakSakAH palAyamAnA madhyEnagaraM tau bhUtagrastau prati yadyad aghaTata, tAH sarvvavArttA avadan|
280822007b	tatO nAgarikAH sarvvE manujA yIzuM sAkSAt karttuM bahirAyAtAH tanjca vilOkya prArthayAnjcakrirE bhavAn asmAkaM sImAtO yAtu|
2809010041	anantaraM yIzu rnaukAmAruhya punaH pAramAgatya nijagrAmam Ayayau|
28090200c3	tataH katipayA janA EkaM pakSAghAtinaM svaTTOpari zAyayitvA tatsamIpam Anayan; tatO yIzustESAM pratItiM vijnjAya taM pakSAghAtinaM jagAda, hE putra, susthirO bhava, tava kaluSasya marSaNaM jAtam|
2809030055	tAM kathAM nizamya kiyanta upAdhyAyA manaHsu cintitavanta ESa manuja IzvaraM nindati|
2809040061	tataH sa tESAm EtAdRzIM cintAM vijnjAya kathitavAn, yUyaM manaHsu kRta EtAdRzIM kucintAM kurutha?
2809050063	tava pApamarSaNaM jAtaM, yadvA tvamutthAya gaccha, dvayOranayO rvAkyayOH kiM vAkyaM vaktuM sugamaM?
28090600a9	kintu mEdinyAM kaluSaM kSamituM manujasutasya sAmarthyamastIti yUyaM yathA jAnItha, tadarthaM sa taM pakSAghAtinaM gaditavAn, uttiSTha, nijazayanIyaM AdAya gEhaM gaccha|
2809070032	tataH sa tatkSaNAd utthAya nijagEhaM prasthitavAn|
2809080077	mAnavA itthaM vilOkya vismayaM mEnirE, IzvarENa mAnavAya sAmarthyam IdRzaM dattaM iti kAraNAt taM dhanyaM babhASirE ca|
28090900b4	anantaraM yIzustatsthAnAd gacchan gacchan karasaMgrahasthAnE samupaviSTaM mathinAmAnam EkaM manujaM vilOkya taM babhASE, mama pazcAd Agaccha, tataH sa utthAya tasya pazcAd vavrAja|
28090a0086	tataH paraM yIzau gRhE bhOktum upaviSTE bahavaH karasaMgrAhiNaH kaluSiNazca mAnavA Agatya tEna sAkaM tasya ziSyaizca sAkam upavivizuH|
28090b0075	phirUzinastad dRSTvA tasya ziSyAn babhASirE, yuSmAkaM guruH kiM nimittaM karasaMgrAhibhiH kaluSibhizca sAkaM bhuMktE?
28090c0072	yIzustat zrutvA tAn pratyavadat, nirAmayalOkAnAM cikitsakEna prayOjanaM nAsti, kintu sAmayalOkAnAM prayOjanamAstE|
28090d00ba	atO yUyaM yAtvA vacanasyAsyArthaM zikSadhvam, dayAyAM mE yathA prIti rna tathA yajnjakarmmaNi|yatO'haM dhArmmikAn AhvAtuM nAgatO'smi kintu manaH parivarttayituM pApina AhvAtum AgatO'smi|
28090e0089	anantaraM yOhanaH ziSyAstasya samIpam Agatya kathayAmAsuH, phirUzinO vayanjca punaH punarupavasAmaH, kintu tava ziSyA nOpavasanti, kutaH?
28090f00c3	tadA yIzustAn avOcat yAvat sakhInAM saMggE kanyAyA varastiSThati, tAvat kiM tE vilApaM karttuM zakluvanti? kintu yadA tESAM saMggAd varaM nayanti, tAdRzaH samaya AgamiSyati, tadA tE upavatsyanti|
2809100080	purAtanavasanE kOpi navInavastraM na yOjayati, yasmAt tEna yOjitEna purAtanavasanaM chinatti tacchidranjca bahukutsitaM dRzyatE|
28091100dc	anyanjca purAtanakutvAM kOpi navAnagOstanIrasaM na nidadhAti, yasmAt tathA kRtE kutU rvidIryyatE tEna gOstanIrasaH patati kutUzca nazyati; tasmAt navInAyAM kutvAM navInO gOstanIrasaH sthApyatE, tEna dvayOravanaM bhavati|
28091200a8	aparaM tEnaitatkathAkathanakAlE EkO'dhipatistaM praNamya babhASE, mama duhitA prAyENaitAvatkAlE mRtA, tasmAd bhavAnAgatya tasyA gAtrE hastamarpayatu, tEna sA jIviSyati|
2809130039	tadAnIM yIzuH ziSyaiH sAkam utthAya tasya pazcAd vavrAja|
2809140074	ityanantarE dvAdazavatsarAn yAvat pradarAmayEna zIrNaikA nArI tasya pazcAd Agatya tasya vasanasya granthiM pasparza;
280915005c	yasmAt mayA kEvalaM tasya vasanaM spRSTvA svAsthyaM prApsyatE, sA nArIti manasi nizcitavatI|
2809160095	tatO yIzurvadanaM parAvarttya tAM jagAda, hE kanyE, tvaM susthirA bhava, tava vizvAsastvAM svasthAmakArSIt| EtadvAkyE gaditaEva sA yOSit svasthAbhUt|
2809170064	aparaM yIzustasyAdhyakSasya gEhaM gatvA vAdakaprabhRtIn bahUn lOkAn zabdAyamAnAn vilOkya tAn avadat,
2809180053	panthAnaM tyaja, kanyEyaM nAmriyata nidritAstE; kathAmEtAM zrutvA tE tamupajahasuH|
2809190059	kintu sarvvESu bahiSkRtESu sO'bhyantaraM gatvA kanyAyAH karaM dhRtavAn, tEna sOdatiSThat;
28091a0033	tatastatkarmmaNO yazaH kRtsnaM taM dEzaM vyAptavat|
28091b009b	tataH paraM yIzustasmAt sthAnAd yAtrAM cakAra; tadA hE dAyUdaH santAna, asmAn dayasva, iti vadantau dvau janAvandhau prOcairAhUyantau tatpazcAd vavrajatuH|
28091c00c4	tatO yIzau gEhamadhyaM praviSTaM tAvapi tasya samIpam upasthitavantau, tadAnIM sa tau pRSTavAn karmmaitat karttuM mama sAmarthyam AstE, yuvAM kimiti pratIthaH? tadA tau pratyUcatuH, satyaM prabhO|
28091d008a	tadAnIM sa tayO rlOcanAni spRzan babhASE, yuvayOH pratItyanusArAd yuvayO rmaggalaM bhUyAt| tEna tatkSaNAt tayO rnEtrANi prasannAnyabhavan,
28091e0055	pazcAd yIzustau dRPhamAjnjApya jagAda, avadhattam EtAM kathAM kOpi manujO ma jAnIyAt|
28091f0046	kintu tau prasthAya tasmin kRtsnE dEzE tasya kIrttiM prakAzayAmAsatuH|
280920005b	aparaM tau bahiryAta EtasminnantarE manujA EkaM bhUtagrastamUkaM tasya samIpam AnItavantaH|
2809210088	tEna bhUtE tyAjitE sa mUkaH kathAM kathayituM prArabhata, tEna janA vismayaM vijnjAya kathayAmAsuH, isrAyElO vaMzE kadApi nEdRgadRzyata;
2809220044	kintu phirUzinaH kathayAnjcakruH bhUtAdhipatinA sa bhUtAn tyAjayati|
28092300b0	tataH paraM yIzustESAM bhajanabhavana upadizan rAjyasya susaMvAdaM pracArayan lOkAnAM yasya ya AmayO yA ca pIPAsIt, tAn zamayan zamayaMzca sarvvANi nagarANi grAmAMzca babhrAma|
2809240060	anyanjca manujAn vyAkulAn arakSakamESAniva ca tyaktAn nirIkSya tESu kAruNikaH san ziSyAn avadat,
2809250030	zasyAni pracurANi santi, kintu chEttAraH stOkAH|
2809260043	kSEtraM pratyaparAn chEdakAn prahEtuM zasyasvAminaM prArthayadhvam|
280a010077	anantaraM yIzu rdvAdazaziSyAn AhUyAmEdhyabhUtAn tyAjayituM sarvvaprakArarOgAn pIPAzca zamayituM tEbhyaH sAmarthyamadAt|
280a020083	tESAM dvAdazaprESyANAM nAmAnyEtAni| prathamaM zimOn yaM pitaraM vadanti, tataH paraM tasya sahaja AndriyaH, sivadiyasya putrO yAkUb
280a030056	tasya sahajO yOhan; philip barthalamay thOmAH karasaMgrAhI mathiH, AlphEyaputrO yAkUb,
280a040041	kinAnIyaH zimOn, ya ISkariyOtIyayihUdAH khrISTaM parakarE'rpayat|
280a050078	EtAn dvAdazaziSyAn yIzuH prESayan ityAjnjApayat, yUyam anyadEzIyAnAM padavIM zEmirONIyAnAM kimapi nagaranjca na pravizyE
280a060038	isrAyElgOtrasya hAritA yE yE mESAstESAmEva samIpaM yAta|
280a070048	gatvA gatvA svargasya rAjatvaM savidhamabhavat, EtAM kathAM pracArayata|
280a080094	AmayagrastAn svasthAn kuruta, kuSThinaH pariSkuruta, mRtalOkAn jIvayata, bhUtAn tyAjayata, vinA mUlyaM yUyam alabhadhvaM vinaiva mUlyaM vizrANayata|
280a090040	kintu svESAM kaTibandhESu svarNarUpyatAmrANAM kimapi na gRhlIta|
280a0a007d	anyacca yAtrAyai cElasampuTaM vA dvitIyavasanaM vA pAdukE vA yaSTiH, EtAn mA gRhlIta, yataH kAryyakRt bharttuM yOgyO bhavati|
280a0b0076	aparaM yUyaM yat puraM yanjca grAmaM pravizatha, tatra yO janO yOgyapAtraM tamavagatya yAnakAlaM yAvat tatra tiSThata|
280a0c0036	yadA yUyaM tadgEhaM pravizatha, tadA tamAziSaM vadata|
280a0d0066	yadi sa yOgyapAtraM bhavati, tarhi tatkalyANaM tasmai bhaviSyati, nOcEt sAzIryuSmabhyamEva bhaviSyati|
280a0e0081	kintu yE janA yuSmAkamAtithyaM na vidadhati yuSmAkaM kathAnjca na zRNvanti tESAM gEhAt purAdvA prasthAnakAlE svapadUlIH pAtayata|
280a0f0062	yuSmAnahaM tathyaM vacmi vicAradinE tatpurasya dazAtaH sidOmamOrApurayOrdazA sahyatarA bhaviSyati|
280a100077	pazyata, vRkayUthamadhyE mESaH yathAvistathA yuSmAna prahiNOmi, tasmAd yUyam ahiriva satarkAH kapOtAivAhiMsakA bhavata|
280a110067	nRbhyaH sAvadhAnA bhavata; yatastai ryUyaM rAjasaMsadi samarpiSyadhvE tESAM bhajanagEhE prahAriSyadhvE|
280a12005c	yUyaM mannAmahEtOH zAstRNAM rAjnjAnjca samakSaM tAnanyadEzinazcAdhi sAkSitvArthamAnESyadhvE|
280a13009a	kintvitthaM samarpitA yUyaM kathaM kimuttaraM vakSyatha tatra mA cintayata, yatastadA yuSmAbhi ryad vaktavyaM tat taddaNPE yuSmanmanaH su samupasthAsyati|
280a140047	yasmAt tadA yO vakSyati sa na yUyaM kintu yuSmAkamantarasthaH pitrAtmA|
280a15006a	sahajaH sahajaM tAtaH sutanjca mRtau samarpayiSyati, apatyAgi svasvapitrO rvipakSIbhUya tau ghAtayiSyanti|
280a16006d	mannamahEtOH sarvvE janA yuSmAn RtIyiSyantE, kintu yaH zESaM yAvad dhairyyaM ghRtvA sthAsyati, sa trAyiSyatE|
280a1700b5	tai ryadA yUyamEkapurE tAPiSyadhvE, tadA yUyamanyapuraM palAyadhvaM yuSmAnahaM tathyaM vacmi yAvanmanujasutO naiti tAvad isrAyEldEzIyasarvvanagarabhramaNaM samApayituM na zakSyatha|
280a18002b	gurOH ziSyO na mahAn, prabhOrdAsO na mahAn|
280a190095	yadi ziSyO nijagurO rdAsazca svaprabhOH samAnO bhavati tarhi tad yathESTaM| cEttairgRhapatirbhUtarAja ucyatE, tarhi parivArAH kiM tathA na vakSyantE?
280a1a0086	kintu tEbhyO yUyaM mA bibhIta, yatO yanna prakAziSyatE, tAdRk chAditaM kimapi nAsti, yacca na vyanjciSyatE, tAdRg guptaM kimapi nAsti|
280a1b006c	yadahaM yuSmAn tamasi vacmi tad yuSmAbhirdIptau kathyatAM; karNAbhyAM yat zrUyatE tad gEhOpari pracAryyatAM|
280a1c006f	yE kAyaM hantuM zaknuvanti nAtmAnaM, tEbhyO mA bhaiSTa; yaH kAyAtmAnau nirayE nAzayituM, zaknOti, tatO bibhIta|
280a1d0068	dvau caTakau kimEkatAmramudrayA na vikrIyEtE? tathApi yuSmattAtAnumatiM vinA tESAmEkOpi bhuvi na patati|
280a1e0029	yuSmacchirasAM sarvvakacA gaNitAMH santi|
280a1f0030	atO mA bibhIta, yUyaM bahucaTakEbhyO bahumUlyAH|
280a200045	yO manujasAkSAnmAmaggIkurutE tamahaM svargasthatAtasAkSAdaggIkariSyE|
280a210049	pRthvyAmahaM zAntiM dAtumAgataiti mAnubhavata, zAntiM dAtuM na kintvasiM|
280a22003f	pitRmAtRzcazrUbhiH sAkaM sutasutAbadhU rvirOdhayitunjcAgatEsmi|
280a230029	tataH svasvaparivAraEva nRzatru rbhavitA|
280a240039	yaH pitari mAtari vA mattOdhikaM prIyatE, sa na madarhaH;
280a25003c	yazca sutE sutAyAM vA mattOdhikaM prIyatE, sEpi na madarhaH|
280a260036	yaH svakruzaM gRhlan matpazcAnnaiti, sEpi na madarhaH|
280a270056	yaH svaprANAnavati, sa tAn hArayiSyatE, yastu matkRtE svaprANAn hArayati, sa tAnavati|
280a280078	yO yuSmAkamAtithyaM vidadhAti, sa mamAtithyaM vidadhAti, yazca mamAtithyaM vidadhAti, sa matprErakasyAtithyaM vidadhAti|
280a2900b0	yO bhaviSyadvAdIti jnjAtvA tasyAtithyaM vidhattE, sa bhaviSyadvAdinaH phalaM lapsyatE, yazca dhArmmika iti viditvA tasyAtithyaM vidhattE sa dhArmmikamAnavasya phalaM prApsyati|
280a2a00b1	yazca kazcit EtESAM kSudranarANAm yaM kanjcanaikaM ziSya iti viditvA kaMsaikaM zItalasalilaM tasmai dattE, yuSmAnahaM tathyaM vadAmi, sa kEnApi prakArENa phalEna na vanjciSyatE|
280b010073	itthaM yIzuH svadvAdazaziSyANAmAjnjApanaM samApya purE pura upadESTuM susaMvAdaM pracArayituM tatsthAnAt pratasthE|
280b020085	anantaraM yOhan kArAyAM tiSThan khriSTasya karmmaNAM vArttaM prApya yasyAgamanavArttAsIt saEva kiM tvaM? vA vayamanyam apEkSiSyAmahE?
280b030028	Etat praSTuM nijau dvau ziSyau prAhiNOt|
280b0400b0	yIzuH pratyavOcat, andhA nEtrANi labhantE, khanjcA gacchanti, kuSThinaH svasthA bhavanti, badhirAH zRNvanti, mRtA jIvanta uttiSThanti, daridrANAM samIpE susaMvAdaH pracAryyata,
280b050049	EtAni yadyad yuvAM zRNuthaH pazyathazca gatvA tadvArttAM yOhanaM gadataM|
280b060029	yasyAhaM na vighnIbhavAmi, saEva dhanyaH|
280b07008d	anantaraM tayOH prasthitayO ryIzu ryOhanam uddizya janAn jagAda, yUyaM kiM draSTuM vahirmadhyEprAntaram agacchata? kiM vAtEna kampitaM nalaM?
280b080089	vA kiM vIkSituM vahirgatavantaH? kiM parihitasUkSmavasanaM manujamEkaM? pazyata, yE sUkSmavasanAni paridadhati, tE rAjadhAnyAM tiSThanti|
280b09007d	tarhi yUyaM kiM draSTuM bahiragamata, kimEkaM bhaviSyadvAdinaM? tadEva satyaM| yuSmAnahaM vadAmi, sa bhaviSyadvAdinOpi mahAn;
280b0a0092	yataH, pazya svakIyadUtOyaM tvadagrE prESyatE mayA| sa gatvA tava panthAnaM smayak pariSkariSyati|| EtadvacanaM yamadhi likhitamAstE sO'yaM yOhan|
280b0b009a	aparaM yuSmAnahaM tathyaM bravImi, majjayitu ryOhanaH zrESThaH kOpi nArItO nAjAyata; tathApi svargarAjyamadhyE sarvvEbhyO yaH kSudraH sa yOhanaH zrESThaH|
280b0c0069	aparanjca A yOhanO'dya yAvat svargarAjyaM balAdAkrAntaM bhavati Akraminazca janA balEna tadadhikurvvanti|
280b0d004e	yatO yOhanaM yAvat sarvvabhaviSyadvAdibhi rvyavasthayA ca upadEzaH prAkAzyata|
280b0e0060	yadi yUyamidaM vAkyaM grahItuM zaknutha, tarhi zrEyaH, yasyAgamanasya vacanamAstE sO'yam EliyaH|
280b0f0023	yasya zrOtuM karNau staH sa zRNOtu|
280b10005f	EtE vidyamAnajanAH kai rmayOpamIyantE? yE bAlakA haTTa upavizya svaM svaM bandhumAhUya vadanti,
280b11009b	vayaM yuSmAkaM samIpE vaMzIravAdayAma, kintu yUyaM nAnRtyata; yuSmAkaM samIpE ca vayamarOdima, kintu yUyaM na vyalapata, tAdRzai rbAlakaista upamAyiSyantE|
280b120054	yatO yOhan Agatya na bhuktavAn na pItavAMzca, tEna lOkA vadanti, sa bhUtagrasta iti|
280b1300a3	manujasuta Agatya bhuktavAn pItavAMzca, tEna lOkA vadanti, pazyata ESa bhOktA madyapAtA caNPAlapApinAM bandhazca, kintu jnjAninO jnjAnavyavahAraM nirdOSaM jAnanti|
280b140080	sa yatra yatra purE bahvAzcaryyaM karmma kRtavAn, tannivAsinAM manaHparAvRttyabhAvAt tAni nagarANi prati hantEtyuktA kathitavAn,
280b1500c0	hA kOrAsIn, hA baitsaidE, yuSmanmadhyE yadyadAzcaryyaM karmma kRtaM yadi tat sOrasIdOnnagara akAriSyata, tarhi pUrvvamEva tannivAsinaH zANavasanE bhasmani cOpavizantO manAMsi parAvarttiSyanta|
280b16005c	tasmAdahaM yuSmAn vadAmi, vicAradinE yuSmAkaM dazAtaH sOrasIdOnO rdazA sahyatarA bhaviSyati|
280b1700c1	aparanjca bata kapharnAhUm, tvaM svargaM yAvadunnatOsi, kintu narakE nikSEpsyasE, yasmAt tvayi yAnyAzcaryyANi karmmaNyakAriSata, yadi tAni sidOmnagara akAriSyanta, tarhi tadadya yAvadasthAsyat|
280b180054	kintvahaM yuSmAn vadAmi, vicAradinE tava daNPataH sidOmO daNPO sahyatarO bhaviSyati|
280b1900b7	EtasminnEva samayE yIzuH punaruvAca, hE svargapRthivyOrEkAdhipatE pitastvaM jnjAnavatO viduSazca lOkAn pratyEtAni na prakAzya bAlakAn prati prakAzitavAn, iti hEtOstvAM dhanyaM vadAmi|
280b1a0033	hE pitaH, itthaM bhavEt yata idaM tvadRSTAvuttamaM|
280b1b0094	pitrA mayi sarvvANi samarpitAni, pitaraM vinA kOpi putraM na jAnAti, yAn prati putrENa pitA prakAzyatE tAn vinA putrAd anyaH kOpi pitaraM na jAnAti|
280b1c005b	hE parizrAntA bhArAkrAntAzca lOkA yUyaM matsannidhim Agacchata, ahaM yuSmAn vizramayiSyAmi|
280b1d008b	ahaM kSamaNazIlO namramanAzca, tasmAt mama yugaM svESAmupari dhArayata mattaH zikSadhvanjca, tEna yUyaM svE svE manasi vizrAmaM lapsyadhbE|
280b1e002e	yatO mama yugam anAyAsaM mama bhArazca laghuH|
280c010082	anantaraM yIzu rvizrAmavArE zsyamadhyEna gacchati, tadA tacchiSyA bubhukSitAH santaH zsyamanjjarIzchatvA chitvA khAditumArabhanta|
280c020069	tad vilOkya phirUzinO yIzuM jagaduH, pazya vizrAmavArE yat karmmAkarttavyaM tadEva tava ziSyAH kurvvanti|
280c030067	sa tAn pratyAvadata, dAyUd tatsagginazca bubhukSitAH santO yat karmmAkurvvan tat kiM yuSmAbhi rnApAThi?
280c04006c	yE darzanIyAH pUpAH yAjakAn vinA tasya tatsaggimanujAnAnjcAbhOjanIyAsta IzvarAvAsaM praviSTEna tEna bhuktAH|
280c05008c	anyacca vizrAmavArE madhyEmandiraM vizrAmavArIyaM niyamaM lagvantOpi yAjakA nirdOSA bhavanti, zAstramadhyE kimidamapi yuSmAbhi rna paThitaM?
280c06003c	yuSmAnahaM vadAmi, atra sthAnE mandirAdapi garIyAn Eka AstE|
280c07007f	kintu dayAyAM mE yathA prIti rna tathA yajnjakarmmaNi| EtadvacanasyArthaM yadi yuyam ajnjAsiSTa tarhi nirdOSAn dOSiNO nAkArSTa|
280c08002e	anyacca manujasutO vizrAmavArasyApi patirAstE|
280c090070	anantaraM sa tatsthAnAt prasthAya tESAM bhajanabhavanaM praviSTavAn, tadAnIm EkaH zuSkakarAmayavAn upasthitavAn|
280c0a0053	tatO yIzum apavadituM mAnuSAH papracchuH, vizrAmavArE nirAmayatvaM karaNIyaM na vA?
280c0b008a	tEna sa pratyuvAca, vizrAmavArE yadi kasyacid avi rgarttE patati, tarhi yastaM ghRtvA na tOlayati, EtAdRzO manujO yuSmAkaM madhyE ka AstE?
280c0c0044	avE rmAnavaH kiM nahi zrEyAn? atO vizrAmavArE hitakarmma karttavyaM|
280c0d0065	anantaraM sa taM mAnavaM gaditavAn, karaM prasAraya; tEna karE prasAritE sOnyakaravat svasthO'bhavat|
280c0e0056	tadA phirUzinO bahirbhUya kathaM taM haniSyAma iti kumantraNAM tatprAtikUlyEna cakruH|
280c0f0074	tatO yIzustad viditvA sthanAntaraM gatavAn; anyESu bahunarESu tatpazcAd gatESu tAn sa nirAmayAn kRtvA ityAjnjApayat,
280c10001a	yUyaM mAM na paricAyayata|
280c1100b3	tasmAt mama prIyO manOnItO manasastuSTikArakaH| madIyaH sEvakO yastu vidyatE taM samIkSatAM| tasyOpari svakIyAtmA mayA saMsthApayiSyatE| tEnAnyadEzajAtESu vyavasthA saMprakAzyatE|
280c120056	kEnApi na virOdhaM sa vivAdanjca kariSyati| na ca rAjapathE tEna vacanaM zrAvayiSyatE|
280c130089	vyavasthA calitA yAvat nahi tEna kariSyatE| tAvat nalO vidIrNO'pi bhaMkSyatE nahi tEna ca| tathA sadhUmavarttinjca na sa nirvvApayiSyatE|
280c14002f	pratyAzAnjca kariSyanti tannAmni bhinnadEzajAH|
280c15004f	yAnyEtAni vacanAni yizayiyabhaviSyadvAdinA prOktAnyAsan, tAni saphalAnyabhavan|
280c160080	anantaraM lOkai statsamIpam AnItO bhUtagrastAndhamUkaikamanujastEna svasthIkRtaH, tataH sO'ndhO mUkO draSTuM vaktunjcArabdhavAn|
280c170045	anEna sarvvE vismitAH kathayAnjcakruH, ESaH kiM dAyUdaH santAnO nahi?
280c180069	kintu phirUzinastat zrutvA gaditavantaH, bAlsibUbnAmnO bhUtarAjasya sAhAyyaM vinA nAyaM bhUtAn tyAjayati|
280c1900c3	tadAnIM yIzustESAm iti mAnasaM vijnjAya tAn avadat kinjcana rAjyaM yadi svavipakSAd bhidyatE, tarhi tat ucchidyatE; yacca kinjcana nagaraM vA gRhaM svavipakSAd vibhidyatE, tat sthAtuM na zaknOti|
280c1a007a	tadvat zayatAnO yadi zayatAnaM bahiH kRtvA svavipakSAt pRthak pRthak bhavati, tarhi tasya rAjyaM kEna prakArENa sthAsyati?
280c1b008d	ahanjca yadi bAlsibUbA bhUtAn tyAjayAmi, tarhi yuSmAkaM santAnAH kEna bhUtAn tyAjayanti? tasmAd yuSmAkam EtadvicArayitArasta Eva bhaviSyanti|
280c1c005c	kintavahaM yadIzvarAtmanA bhUtAn tyAjayAmi, tarhIzvarasya rAjyaM yuSmAkaM sannidhimAgatavat|
280c1d00af	anyanjca kOpi balavanta janaM prathamatO na badvvA kEna prakArENa tasya gRhaM pravizya taddravyAdi lOThayituM zaknOti? kintu tat kRtvA tadIyagRsya dravyAdi lOThayituM zaknOti|
280c1e005f	yaH kazcit mama svapakSIyO nahi sa vipakSIya AstE, yazca mayA sAkaM na saMgRhlAti, sa vikirati|
280c1f00a2	ataEva yuSmAnahaM vadAmi, manujAnAM sarvvaprakArapApAnAM nindAyAzca marSaNaM bhavituM zaknOti, kintu pavitrasyAtmanO viruddhanindAyA marSaNaM bhavituM na zaknOti|
280c2000cb	yO manujasutasya viruddhAM kathAM kathayati, tasyAparAdhasya kSamA bhavituM zaknOti, kintu yaH kazcit pavitrasyAtmanO viruddhAM kathAM kathayati nEhalOkE na prEtya tasyAparAdhasya kSamA bhavituM zaknOti|
280c2100b8	pAdapaM yadi bhadraM vadatha, tarhi tasya phalamapi sAdhu vaktavyaM, yadi ca pAdapaM asAdhuM vadatha, tarhi tasya phalamapyasAdhu vaktavyaM; yataH svIyasvIyaphalEna pAdapaH paricIyatE|
280c22008d	rE bhujagavaMzA yUyamasAdhavaH santaH kathaM sAdhu vAkyaM vaktuM zakSyatha? yasmAd antaHkaraNasya pUrNabhAvAnusArAd vadanAd vacO nirgacchati|
280c23008a	tEna sAdhurmAnavO'ntaHkaraNarUpAt sAdhubhANPAgArAt sAdhu dravyaM nirgamayati, asAdhurmAnuSastvasAdhubhANPAgArAd asAdhuvastUni nirgamayati|
280c240064	kintvahaM yuSmAn vadAmi, manujA yAvantyAlasyavacAMsi vadanti, vicAradinE taduttaramavazyaM dAtavyaM,
280c250049	yatastvaM svIyavacObhi rniraparAdhaH svIyavacObhizca sAparAdhO gaNiSyasE|
280c260065	tadAnIM katipayA upAdhyAyAH phirUzinazca jagaduH, hE gurO vayaM bhavattaH kinjcana lakSma didRkSAmaH|
280c270095	tadA sa pratyuktavAn, duSTO vyabhicArI ca vaMzO lakSma mRgayatE, kintu bhaviSyadvAdinO yUnasO lakSma vihAyAnyat kimapi lakSma tE na pradarzayiSyantE|
280c280071	yatO yUnam yathA tryahOrAtraM bRhanmInasya kukSAvAsIt, tathA manujaputrOpi tryahOrAtraM mEdinyA madhyE sthAsyati|
280c2900b9	aparaM nInivIyA mAnavA vicAradina EtadvaMzIyAnAM pratikUlam utthAya tAn dOSiNaH kariSyanti, yasmAttE yUnasa upadEzAt manAMsi parAvarttayAnjcakrirE, kintvatra yUnasOpi gurutara Eka AstE|
280c2a00d4	punazca dakSiNadEzIyA rAjnjI vicAradina EtadvaMzIyAnAM pratikUlamutthAya tAn dOSiNaH kariSyati yataH sA rAjnjI sulEmanO vidyAyAH kathAM zrOtuM mEdinyAH sImna Agacchat, kintu sulEmanOpi gurutara EkO janO'tra AstE|
280c2b00a5	aparaM manujAd bahirgatO 'pavitrabhUtaH zuSkasthAnEna gatvA vizrAmaM gavESayati, kintu tadalabhamAnaH sa vakti, yasmA; nikEtanAd AgamaM, tadEva vEzma pakAvRtya yAmi|
280c2c0083	pazcAt sa tat sthAnam upasthAya tat zUnyaM mArjjitaM zObhitanjca vilOkya vrajan svatOpi duSTatarAn anyasaptabhUtAn sagginaH karOti|
280c2d0092	tatastE tat sthAnaM pravizya nivasanti, tEna tasya manujasya zESadazA pUrvvadazAtOtIvAzubhA bhavati, EtESAM duSTavaMzyAnAmapi tathaiva ghaTiSyatE|
280c2e0082	mAnavEbhya EtAsAM kathanAM kathanakAlE tasya mAtA sahajAzca tEna sAkaM kAnjcit kathAM kathayituM vAnjchantO bahirEva sthitavantaH|
280c2f007d	tataH kazcit tasmai kathitavAn, pazya tava jananI sahajAzca tvayA sAkaM kAnjcana kathAM kathayituM kAmayamAnA bahistiSThanti|
280c30003d	kintu sa taM pratyavadat, mama kA jananI? kE vA mama sahajAH?
280c310054	pazcAt ziSyAn prati karaM prasAryya kathitavAn, pazya mama jananI mama sahajAzcaitE;
280c32005c	yaH kazcit mama svargasthasya pituriSTaM karmma kurutE, saEva mama bhrAtA bhaginI jananI ca|
280d010049	aparanjca tasmin dinE yIzuH sadmanO gatvA saritpatE rOdhasi samupavivEza|
280d02006e	tatra tatsannidhau bahujanAnAM nivahOpasthitEH sa taraNimAruhya samupAvizat, tEna mAnavA rOdhasi sthitavantaH|
280d030067	tadAnIM sa dRSTAntaistAn itthaM bahuza upadiSTavAn| pazyata, kazcit kRSIvalO bIjAni vaptuM bahirjagAma,
280d040050	tasya vapanakAlE katipayabIjESu mArgapArzvE patitESu vihagAstAni bhakSitavantaH|
280d050058	aparaM katipayabIjESu stOkamRdyuktapASANE patitESu mRdalpatvAt tatkSaNAt tAnyagkuritAni,
280d060044	kintu ravAvuditE dagdhAni tESAM mUlApraviSTatvAt zuSkatAM gatAni ca|
280d070050	aparaM katipayabIjESu kaNTakAnAM madhyE patitESu kaNTakAnyEdhitvA tAni jagrasuH|
280d08008d	aparanjca katipayabIjAni urvvarAyAM patitAni; tESAM madhyE kAnicit zataguNAni kAnicit SaSTiguNAni kAnicit triMzaguMNAni phalAni phalitavanti|
280d090024	zrOtuM yasya zrutI AsAtE sa zRNuyAt|
280d0a0052	anantaraM ziSyairAgatya sO'pRcchyata, bhavatA tEbhyaH kutO dRSTAntakathA kathyatE?
280d0b006d	tataH sa pratyavadat, svargarAjyasya nigUPhAM kathAM vEdituM yuSmabhyaM sAmarthyamadAyi, kintu tEbhyO nAdAyi|
280d0c00a3	yasmAd yasyAntikE varddhatE, tasmAyEva dAyiSyatE, tasmAt tasya bAhulyaM bhaviSyati, kintu yasyAntikE na varddhatE, tasya yat kinjcanAstE, tadapi tasmAd AdAyiSyatE|
280d0d0078	tE pazyantOpi na pazyanti, zRNvantOpi na zRNvanti, budhyamAnA api na budhyantE ca, tasmAt tEbhyO dRSTAntakathA kathyatE|
280d0e0190	yathA karNaiH zrOSyatha yUyaM vai kintu yUyaM na bhOtsyatha| nEtrairdrakSyatha yUyanjca parijnjAtuM na zakSyatha| tE mAnuSA yathA naiva paripazyanti lOcanaiH| karNai ryathA na zRNvanti na budhyantE ca mAnasaiH| vyAvarttitESu cittESu kAlE kutrApi tairjanaiH| mattastE manujAH svasthA yathA naiva bhavanti ca| tathA tESAM manuSyANAM kriyantE sthUlabuddhayaH| badhirIbhUtakarNAzca jAtAzca mudritA dRzaH|
280d0f0046	yadEtAni vacanAni yizayiyabhaviSyadvAdinA prOktAni tESu tAni phalanti|
280d10006d	kintu yuSmAkaM nayanAni dhanyAni, yasmAt tAni vIkSantE; dhanyAzca yuSmAkaM zabdagrahAH, yasmAt tairAkarNyatE|
280d1100cc	mayA yUyaM tathyaM vacAmi yuSmAbhi ryadyad vIkSyatE, tad bahavO bhaviSyadvAdinO dhArmmikAzca mAnavA didRkSantOpi draSTuM nAlabhanta, punazca yUyaM yadyat zRNutha, tat tE zuzrUSamANA api zrOtuM nAlabhanta|
280d120022	kRSIvalIyadRSTAntasyArthaM zRNuta|
280d130093	mArgapArzvE bIjAnyuptAni tasyArtha ESaH, yadA kazcit rAjyasya kathAM nizamya na budhyatE, tadA pApAtmAgatya tadIyamanasa uptAM kathAM haran nayati|
280d14005e	aparaM pASANasthalE bIjAnyuptAni tasyArtha ESaH; kazcit kathAM zrutvaiva harSacittEna gRhlAti,
280d15009f	kintu tasya manasi mUlApraviSTatvAt sa kinjcitkAlamAtraM sthirastiSThati; pazcAta tatkathAkAraNAt kOpi klEstAPanA vA cEt jAyatE, tarhi sa tatkSaNAd vighnamEti|
280d160098	aparaM kaNTakAnAM madhyE bIjAnyuptAni tadartha ESaH; kEnacit kathAyAM zrutAyAM sAMsArikacintAbhi rbhrAntibhizca sA grasyatE, tEna sA mA viphalA bhavati|
280d1700ad	aparam urvvarAyAM bIjAnyuptAni tadartha ESaH; yE tAM kathAM zrutvA vudhyantE, tE phalitAH santaH kEcit zataguNAni kEcita SaSTiguNAni kEcicca triMzadguNAni phalAni janayanti|
280d1800a0	anantaraM sOparAmEkAM dRSTAntakathAmupasthApya tEbhyaH kathayAmAsa; svargIyarAjyaM tAdRzEna kEnacid gRhasthEnOpamIyatE, yEna svIyakSEtrE prazastabIjAnyaupyanta|
280d190073	kintu kSaNadAyAM sakalalOkESu suptESu tasya ripurAgatya tESAM gOdhUmabIjAnAM madhyE vanyayavamabIjAnyuptvA vavrAja|
280d1a0062	tatO yadA bIjEbhyO'gkarA jAyamAnAH kaNizAni ghRtavantaH; tadA vanyayavasAnyapi dRzyamAnAnyabhavan|
280d1b0090	tatO gRhasthasya dAsEyA Agamya tasmai kathayAnjcakruH, hE mahEccha, bhavatA kiM kSEtrE bhadrabIjAni naupyanta? tathAtvE vanyayavasAni kRta Ayan?
280d1c008e	tadAnIM tEna tE pratigaditAH, kEnacit ripuNA karmmadamakAri| dAsEyAH kathayAmAsuH, vayaM gatvA tAnyutpAyya kSipAmO bhavataH kIdRzIcchA jAyatE?
280d1d005d	tEnAvAdi, nahi, zagkE'haM vanyayavasOtpATanakAlE yuSmAbhistaiH sAkaM gOdhUmA apyutpATiSyantE|
280d1e00e5	ataH zsyakarttanakAlaM yAvad ubhayAnyapi saha varddhantAM, pazcAt karttanakAlE karttakAn vakSyAmi, yUyamAdau vanyayavasAni saMgRhya dAhayituM vITikA badvvA sthApayata; kintu sarvvE gOdhUmA yuSmAbhi rbhANPAgAraM nItvA sthApyantAm|
280d1f0075	anantaraM sOparAmEkAM dRSTAntakathAmutthApya tEbhyaH kathitavAn kazcinmanujaH sarSapabIjamEkaM nItvA svakSEtra uvApa|
280d2000cb	sarSapabIjaM sarvvasmAd bIjAt kSudramapi sadagkuritaM sarvvasmAt zAkAt bRhad bhavati; sa tAdRzastaru rbhavati, yasya zAkhAsu nabhasaH khagA Agatya nivasanti; svargIyarAjyaM tAdRzasya sarSapaikasya samam|
280d2100cc	punarapi sa upamAkathAmEkAM tEbhyaH kathayAnjcakAra; kAcana yOSit yat kiNvamAdAya drONatrayamitagOdhUmacUrNAnAM madhyE sarvvESAM mizrIbhavanaparyyantaM samAcchAdya nidhattavatI, tatkiNvamiva svargarAjyaM|
280d22007b	itthaM yIzu rmanujanivahAnAM sannidhAvupamAkathAbhirEtAnyAkhyAnAni kathitavAn upamAM vinA tEbhyaH kimapi kathAM nAkathayat|
280d23009d	EtEna dRSTAntIyEna vAkyEna vyAdAya vadanaM nijaM| ahaM prakAzayiSyAmi guptavAkyaM purAbhavaM| yadEtadvacanaM bhaviSyadvAdinA prOktamAsIt, tat siddhamabhavat|
280d24009b	sarvvAn manujAn visRjya yIzau gRhaM praviSTE tacchiSyA Agatya yIzavE kathitavantaH, kSEtrasya vanyayavasIyadRSTAntakathAm bhavAna asmAn spaSTIkRtya vadatu|
280d25003e	tataH sa pratyuvAca, yEna bhadrabIjAnyupyantE sa manujaputraH,
280d26002e	kSEtraM jagat, bhadrabIjAnI rAjyasya santAnAH,
280d270081	vanyayavasAni pApAtmanaH santAnAH| yEna ripuNA tAnyuptAni sa zayatAnaH, karttanasamayazca jagataH zESaH, karttakAH svargIyadUtAH|
280d280045	yathA vanyayavasAni saMgRhya dAhyantE, tathA jagataH zESE bhaviSyati;
280d290074	arthAt manujasutaH svAMyadUtAn prESayiSyati, tEna tE ca tasya rAjyAt sarvvAn vighnakAriNO'dhArmmikalOkAMzca saMgRhya
280d2a0044	yatra rOdanaM dantagharSaNanjca bhavati, tatrAgnikuNPE nikSEpsyanti|
280d2b0071	tadAnIM dhArmmikalOkAH svESAM pitU rAjyE bhAskaraiva tEjasvinO bhaviSyanti| zrOtuM yasya zrutI AsAtE, ma zRNuyAt|
280d2c008c	aparanjca kSEtramadhyE nidhiM pazyan yO gOpayati, tataH paraM sAnandO gatvA svIyasarvvasvaM vikrIya ttakSEtraM krINAti, sa iva svargarAjyaM|
280d2d002a	anyanjca yO vaNik uttamAM muktAM gavESayan
280d2e0051	mahArghAM muktAM vilOkya nijasarvvasvaM vikrIya tAM krINAti, sa iva svargarAjyaM|
280d2f0049	punazca samudrO nikSiptaH sarvvaprakAramInasaMgrAhyAnAyaiva svargarAjyaM|
280d30007a	tasmin AnAyE pUrNE janA yathA rOdhasyuttOlya samupavizya prazastamInAn saMgrahya bhAjanESu nidadhatE, kutsitAn nikSipanti;
280d310084	tathaiva jagataH zESE bhaviSyati, phalataH svargIyadUtA Agatya puNyavajjanAnAM madhyAt pApinaH pRthak kRtvA vahnikuNPE nikSEpsyanti,
280d320034	tatra rOdanaM dantai rdantagharSaNanjca bhaviSyataH|
280d33005a	yIzunA tE pRSTA yuSmAbhiH kimEtAnyAkhyAnAnyabudhyanta? tadA tE pratyavadan, satyaM prabhO|
280d34008d	tadAnIM sa kathitavAn, nijabhANPAgArAt navInapurAtanAni vastUni nirgamayati yO gRhasthaH sa iva svargarAjyamadhi zikSitAH svarva upadESTAraH|
280d350083	anantaraM yIzurEtAH sarvvA dRSTAntakathAH samApya tasmAt sthAnAt pratasthE| aparaM svadEzamAgatya janAn bhajanabhavana upadiSTavAn;
280d360059	tE vismayaM gatvA kathitavanta EtasyaitAdRzaM jnjAnam AzcaryyaM karmma ca kasmAd ajAyata?
280d37007e	kimayaM sUtradhArasya putrO nahi? Etasya mAtu rnAma ca kiM mariyam nahi? yAkub-yUSaph-zimOn-yihUdAzca kimEtasya bhrAtarO nahi?
280d380073	Etasya bhaginyazca kimasmAkaM madhyE na santi? tarhi kasmAdayamEtAni labdhavAn? itthaM sa tESAM vighnarUpO babhUva;
280d390064	tatO yIzunA nigaditaM svadEzIyajanAnAM madhyaM vinA bhaviSyadvAdI kutrApyanyatra nAsammAnyO bhavatI|
280d3a0043	tESAmavizvAsahEtOH sa tatra sthAnE bahvAzcaryyakarmmANi na kRtavAn|
280e010038	tadAnIM rAjA hErOd yIzO ryazaH zrutvA nijadAsEyAn jagAd,
280e020053	ESa majjayitA yOhan, pramitEbhayastasyOtthAnAt tEnEtthamadbhutaM karmma prakAzyatE|
280e030069	purA hErOd nijabhrAtu: philipO jAyAyA hErOdIyAyA anurOdhAd yOhanaM dhArayitvA baddhA kArAyAM sthApitavAn|
280e040035	yatO yOhan uktavAn, EtsayAH saMgrahO bhavatO nOcitaH|
280e05006a	tasmAt nRpatistaM hantumicchannapi lOkEbhyO vibhayAnjcakAra; yataH sarvvE yOhanaM bhaviSyadvAdinaM mEnirE|
280e06005e	kintu hErOdO janmAhIyamaha upasthitE hErOdIyAyA duhitA tESAM samakSaM nRtitvA hErOdamaprINyat|
280e070059	tasmAt bhUpatiH zapathaM kurvvan iti pratyajnjAsIt, tvayA yad yAcyatE, tadEvAhaM dAsyAmi|
280e08006a	sA kumArI svIyamAtuH zikSAM labdhA babhASE, majjayituryOhana uttamAggaM bhAjanE samAnIya mahyaM vizrANaya|
280e090067	tatO rAjA zuzOca, kintu bhOjanAyOpavizatAM sagginAM svakRtazapathasya cAnurOdhAt tat pradAtuma AdidEza|
280e0a003b	pazcAt kArAM prati naraM prahitya yOhana uttamAggaM chittvA
280e0b0058	tat bhAjana AnAyya tasyai kumAryyai vyazrANayat, tataH sA svajananyAH samIpaM tanninAya|
280e0c0070	pazcAt yOhanaH ziSyA Agatya kAyaM nItvA zmazAnE sthApayAmAsustatO yIzOH sannidhiM vrajitvA tadvArttAM babhASirE|
280e0d0083	anantaraM yIzuriti nizabhya nAvA nirjanasthAnam EkAkI gatavAn, pazcAt mAnavAstat zrutvA nAnAnagarEbhya Agatya padaistatpazcAd IyuH|
280e0e006e	tadAnIM yIzu rbahirAgatya mahAntaM jananivahaM nirIkSya tESu kAruNikaH man tESAM pIPitajanAn nirAmayAn cakAra|
280e0f00b7	tataH paraM sandhyAyAM ziSyAstadantikamAgatya kathayAnjcakruH, idaM nirjanasthAnaM vElApyavasannA; tasmAt manujAn svasvagrAmaM gantuM svArthaM bhakSyANi krEtunjca bhavAn tAn visRjatu|
280e10004c	kintu yIzustAnavAdIt, tESAM gamanE prayOjanaM nAsti, yUyamEva tAn bhOjayata|
280e110040	tadA tE pratyavadan, asmAkamatra pUpapanjcakaM mInadvayanjcAstE|
280e120028	tadAnIM tEnOktaM tAni madantikamAnayata|
280e1300c5	anantaraM sa manujAn yavasOparyyupavESTum AjnjApayAmAsa; apara tat pUpapanjcakaM mInadvayanjca gRhlan svargaM prati nirIkSyEzvarIyaguNAn anUdya bhaMktvA ziSyEbhyO dattavAn, ziSyAzca lOkEbhyO daduH|
280e140063	tataH sarvvE bhuktvA paritRptavantaH, tatastadavaziSTabhakSyaiH pUrNAn dvAdazaPalakAn gRhItavantaH|
280e15004a	tE bhOktAraH strIrbAlakAMzca vihAya prAyENa panjca sahasrANi pumAMsa Asan|
280e160065	tadanantaraM yIzu rlOkAnAM visarjanakAlE ziSyAn taraNimArOPhuM svAgrE pAraM yAtunjca gAPhamAdiSTavAn|
280e170062	tatO lOkESu visRSTESu sa viviktE prArthayituM girimEkaM gatvA sandhyAM yAvat tatraikAkI sthitavAn|
280e180052	kintu tadAnIM sammukhavAtatvAt saritpatE rmadhyE taraggaistaraNirdOlAyamAnAbhavat|
280e190045	tadA sa yAminyAzcaturthapraharE padbhyAM vrajan tESAmantikaM gatavAn|
280e1a0074	kintu ziSyAstaM sAgarOpari vrajantaM vilOkya samudvignA jagaduH, ESa bhUta iti zagkamAnA uccaiH zabdAyAnjcakrirE ca|
280e1b003e	tadaiva yIzustAnavadat, susthirA bhavata, mA bhaiSTa, ESO'ham|
280e1c005d	tataH pitara ityuktavAn, hE prabhO, yadi bhavAnEva, tarhi mAM bhavatsamIpaM yAtumAjnjApayatu|
280e1d004f	tataH tEnAdiSTaH pitarastaraNitO'varuhya yIzErantikaM prAptuM tOyOpari vavrAja|
280e1e0077	kintu pracaNPaM pavanaM vilOkya bhayAt tOyE maMktum ArEbhE, tasmAd uccaiH zabdAyamAnaH kathitavAn, hE prabhO, mAmavatu|
280e1f005b	yIzustatkSaNAt karaM prasAryya taM dharan uktavAn, ha stOkapratyayin tvaM kutaH samazEthAH?
280e200030	anantaraM tayOstaraNimArUPhayOH pavanO nivavRtE|
280e21005c	tadAnIM yE taraNyAmAsan, ta Agatya taM praNabhya kathitavantaH, yathArthastvamEvEzvarasutaH|
280e22003d	anantaraM pAraM prApya tE ginESarannAmakaM nagaramupatasthuH,
280e230082	tadA tatratyA janA yIzuM paricIya taddEzsya caturdizO vArttAM prahitya yatra yAvantaH pIPitA Asan, tAvataEva tadantikamAnayAmAsuH|
280e240076	aparaM tadIyavasanasya granthimAtraM spraSTuM vinIya yAvantO janAstat sparzaM cakrirE, tE sarvvaEva nirAmayA babhUvuH|
280f01005c	aparaM yirUzAlamnagarIyAH katipayA adhyApakAH phirUzinazca yIzOH samIpamAgatya kathayAmAsuH,
280f020060	tava ziSyAH kimartham aprakSAlitakarai rbhakSitvA paramparAgataM prAcInAnAM vyavahAraM lagvantE?
280f03004c	tatO yIzuH pratyuvAca, yUyaM paramparAgatAcArENa kuta IzvarAjnjAM lagvadhvE|
280f040067	Izvara ityAjnjApayat, tvaM nijapitarau saMmanyEthAH, yEna ca nijapitarau nindyEtE, sa nizcitaM mriyEta;
280f05006d	kintu yUyaM vadatha, yaH svajanakaM svajananIM vA vAkyamidaM vadati, yuvAM mattO yallabhEthE, tat nyavidyata,
280f060065	sa nijapitarau puna rna saMmaMsyatE| itthaM yUyaM paramparAgatEna svESAmAcArENEzvarIyAjnjAM lumpatha|
280f07004e	rE kapaTinaH sarvvE yizayiyO yuSmAnadhi bhaviSyadvacanAnyEtAni samyag uktavAn|
280f08005b	vadanai rmanujA EtE samAyAnti madantikaM| tathAdharai rmadIyanjca mAnaM kurvvanti tE narAH|
280f09005e	kintu tESAM manO mattO vidUraEva tiSThati| zikSayantO vidhIn nrAjnjA bhajantE mAM mudhaiva tE|
280f0a003b	tatO yIzu rlOkAn AhUya prOktavAn, yUyaM zrutvA budhyadhbaM|
280f0b006e	yanmukhaM pravizati, tat manujam amEdhyaM na karOti, kintu yadAsyAt nirgacchati, tadEva mAnuSamamEdhyI karOtI|
280f0c0070	tadAnIM ziSyA Agatya tasmai kathayAnjcakruH, EtAM kathAM zrutvA phirUzinO vyarajyanta, tat kiM bhavatA jnjAyatE?
280f0d0052	sa pratyavadat, mama svargasthaH pitA yaM kanjcidagkuraM nArOpayat, sa utpAvdyatE|
280f0e0076	tE tiSThantu, tE andhamanujAnAm andhamArgadarzakA Eva; yadyandhO'ndhaM panthAnaM darzayati, tarhyubhau garttE patataH|
280f0f003a	tadA pitarastaM pratyavadat, dRSTAntamimamasmAn bOdhayatu|
280f100030	yIzunA prOktaM, yUyamadya yAvat kimabOdhAH stha?
280f11004f	kathAmimAM kiM na budhyadhbE? yadAsyaM prEvizati, tad udarE patan bahirniryAti,
280f12004b	kintvAsyAd yanniryAti, tad antaHkaraNAt niryAtatvAt manujamamEdhyaM karOti|
280f130078	yatO'ntaHkaraNAt kucintA badhaH pAradArikatA vEzyAgamanaM cairyyaM mithyAsAkSyam IzvaranindA caitAni sarvvANi niryyAnti|
280f14005b	EtAni manuSyamapavitrI kurvvanti kintvaprakSAlitakarENa bhOjanaM manujamamEdhyaM na karOti|
280f15004a	anantaraM yIzustasmAt sthAnAt prasthAya sOrasIdOnnagarayOH sImAmupatasyau|
280f16009e	tadA tatsImAtaH kAcit kinAnIyA yOSid Agatya tamuccairuvAca, hE prabhO dAyUdaH santAna, mamaikA duhitAstE sA bhUtagrastA satI mahAklEzaM prApnOti mama dayasva|
280f170082	kintu yIzustAM kimapi nOktavAn, tataH ziSyA Agatya taM nivEdayAmAsuH, ESA yOSid asmAkaM pazcAd uccairAhUyAgacchati, EnAM visRjatu|
280f18005e	tadA sa pratyavadat, isrAyElgOtrasya hAritamESAn vinA kasyApyanyasya samIpaM nAhaM prESitOsmi|
280f190041	tataH sA nArIsamAgatya taM praNamya jagAda, hE prabhO mAmupakuru|
280f1a003f	sa uktavAn, bAlakAnAM bhakSyamAdAya sAramEyEbhyO dAnaM nOcitaM|
280f1b006d	tadA sA babhASE, hE prabhO, tat satyaM, tathApi prabhO rbhanjcAd yaducchiSTaM patati, tat sAramEyAH khAdanti|
280f1c008c	tatO yIzuH pratyavadat, hE yOSit, tava vizvAsO mahAn tasmAt tava manObhilaSitaM sidyyatu, tEna tasyAH kanyA tasminnEva daNPE nirAmayAbhavat|
280f1d0067	anantaraM yIzastasmAt sthAnAt prasthAya gAlIlsAgarasya sannidhimAgatya dharAdharamAruhya tatrOpavivEza|
280f1e008e	pazcAt jananivahO bahUn khanjcAndhamUkazuSkakaramAnuSAn AdAya yIzOH samIpamAgatya taccaraNAntikE sthApayAmAsuH, tataH sA tAn nirAmayAn akarOt|
280f1f00a2	itthaM mUkA vAkyaM vadanti, zuSkakarAH svAsthyamAyAnti, paggavO gacchanti, andhA vIkSantE, iti vilOkya lOkA vismayaM manyamAnA isrAyEla IzvaraM dhanyaM babhASirE|
280f2000dd	tadAnIM yIzuH svaziSyAn AhUya gaditavAn, EtajjananivahESu mama dayA jAyatE, EtE dinatrayaM mayA sAkaM santi, ESAM bhakSyavastu ca kanjcidapi nAsti, tasmAdahamEtAnakRtAhArAn na visrakSyAmi, tathAtvE vartmamadhyE klAmyESuH|
280f210060	tadA ziSyA UcuH, Etasmin prAntaramadhya EtAvatO martyAn tarpayituM vayaM kutra pUpAn prApsyAmaH?
280f22005d	yIzurapRcchat, yuSmAkaM nikaTE kati pUpA AsatE? ta UcuH, saptapUpA alpAH kSudramInAzca santi|
280f23002d	tadAnIM sa lOkanivahaM bhUmAvupavESTum Adizya
280f240063	tAn saptapUpAn mInAMzca gRhlan IzvarIyaguNAn anUdya bhaMktvA ziSyEbhyO dadau, ziSyA lOkEbhyO daduH|
280f25005a	tataH sarvvE bhuktvA tRptavantaH; tadavaziSTabhakSyENa saptaPalakAn paripUryya saMjagRhuH|
280f260048	tE bhOktArO yOSitO bAlakAMzca vihAya prAyENa catuHsahasrANi puruSA Asan|
280f270047	tataH paraM sa jananivahaM visRjya tarimAruhya magdalApradEzaM gatavAn|
281001006e	tadAnIM phirUzinaH sidUkinazcAgatya taM parIkSituM nabhamIyaM kinjcana lakSma darzayituM tasmai nivEdayAmAsuH|
281002005d	tataH sa uktavAn, sandhyAyAM nabhasO raktatvAd yUyaM vadatha, zvO nirmmalaM dinaM bhaviSyati;
28100300c3	prAtaHkAlE ca nabhasO raktatvAt malinatvAnjca vadatha, jhanjbhzadya bhaviSyati| hE kapaTinO yadi yUyam antarIkSasya lakSma bOddhuM zaknutha, tarhi kAlasyaitasya lakSma kathaM bOddhuM na zaknutha?
28100400a9	EtatkAlasya duSTO vyabhicArI ca vaMzO lakSma gavESayati, kintu yUnasO bhaviSyadvAdinO lakSma vinAnyat kimapi lakSma tAn na darzayiyyatE| tadAnIM sa tAn vihAya pratasthE|
2810050043	anantaramanyapAragamanakAlE tasya ziSyAH pUpamAnEtuM vismRtavantaH|
2810060059	yIzustAnavAdIt, yUyaM phirUzinAM sidUkinAnjca kiNvaM prati sAvadhAnAH satarkAzca bhavata|
2810070068	tEna tE parasparaM vivicya kathayitumArEbhirE, vayaM pUpAnAnEtuM vismRtavanta EtatkAraNAd iti kathayati|
281008006a	kintu yIzustadvijnjAya tAnavOcat, hE stOkavizvAsinO yUyaM pUpAnAnayanamadhi kutaH parasparamEtad viviMkya?
2810090082	yuSmAbhiH kimadyApi na jnjAyatE? panjcabhiH pUpaiH panjcasahasrapuruSESu bhOjitESu bhakSyOcchiSTapUrNAn kati PalakAn samagRhlItaM;
28100a006d	tathA saptabhiH pUpaizcatuHsahasrapuruSESu bhEjitESu kati PalakAn samagRhlIta, tat kiM yuSmAbhirna smaryyatE?
28100b0084	tasmAt phirUzinAM sidUkinAnjca kiNvaM prati sAvadhAnAstiSThata, kathAmimAm ahaM pUpAnadhi nAkathayaM, Etad yUyaM kutO na budhyadhvE?
28100c008c	tadAnIM pUpakiNvaM prati sAvadhAnAstiSThatEti nOktvA phirUzinAM sidUkinAnjca upadEzaM prati sAvadhAnAstiSThatEti kathitavAn, iti tairabOdhi|
28100d0073	aparanjca yIzuH kaisariyA-philipipradEzamAgatya ziSyAn apRcchat, yO'haM manujasutaH sO'haM kaH? lOkairahaM kimucyE?
28100e0092	tadAnIM tE kathitavantaH, kEcid vadanti tvaM majjayitA yOhan, kEcidvadanti, tvam EliyaH, kEcicca vadanti, tvaM yirimiyO vA kazcid bhaviSyadvAdIti|
28100f0049	pazcAt sa tAn papraccha, yUyaM mAM kaM vadatha? tataH zimOn pitara uvAca,
2810100020	tvamamarEzvarasyAbhiSiktaputraH|
281011008f	tatO yIzuH kathitavAn, hE yUnasaH putra zimOn tvaM dhanyaH; yataH kOpi anujastvayyEtajjnjAnaM nOdapAdayat, kintu mama svargasyaH pitOdapAdayat|
2810120091	atO'haM tvAM vadAmi, tvaM pitaraH (prastaraH) ahanjca tasya prastarasyOpari svamaNPalIM nirmmAsyAmi, tEna nirayO balAt tAM parAjEtuM na zakSyati|
28101300a6	ahaM tubhyaM svargIyarAjyasya kunjjikAM dAsyAmi, tEna yat kinjcana tvaM pRthivyAM bhaMtsyasi tatsvargE bhaMtsyatE, yacca kinjcana mahyAM mOkSyasi tat svargE mOkSyatE|
2810140056	pazcAt sa ziSyAnAdizat, ahamabhiSiktO yIzuriti kathAM kasmaicidapi yUyaM mA kathayata|
28101500da	anyanjca yirUzAlamnagaraM gatvA prAcInalOkEbhyaH pradhAnayAjakEbhya upAdhyAyEbhyazca bahuduHkhabhOgastai rhatatvaM tRtIyadinE punarutthAnanjca mamAvazyakam EtAH kathA yIzustatkAlamArabhya ziSyAn jnjApayitum ArabdhavAn|
2810160085	tadAnIM pitarastasya karaM ghRtvA tarjayitvA kathayitumArabdhavAn, hE prabhO, tat tvattO dUraM yAtu, tvAM prati kadApi na ghaTiSyatE|
2810170095	kintu sa vadanaM parAvartya pitaraM jagAda, hE vighnakArin, matsammukhAd dUrIbhava, tvaM mAM bAdhasE, IzvarIyakAryyAt mAnuSIyakAryyaM tubhyaM rOcatE|
2810180088	anantaraM yIzuH svIyaziSyAn uktavAn yaH kazcit mama pazcAdgAmI bhavitum icchati, sa svaM dAmyatu, tathA svakruzaM gRhlan matpazcAdAyAtu|
281019006e	yatO yaH prANAn rakSitumicchati, sa tAn hArayiSyati, kintu yO madarthaM nijaprANAn hArayati, sa tAn prApsyati|
28101a0082	mAnuSO yadi sarvvaM jagat labhatE nijapraNAn hArayati, tarhi tasya kO lAbhaH? manujO nijaprANAnAM vinimayEna vA kiM dAtuM zaknOti?
28101b006c	manujasutaH svadUtaiH sAkaM pituH prabhAvENAgamiSyati; tadA pratimanujaM svasvakarmmAnusArAt phalaM dAsyati|
28101c008a	ahaM yuSmAn tathyaM vacmi, sarAjyaM manujasutam AgataM na pazyantO mRtyuM na svAdiSyanti, EtAdRzAH katipayajanA atrApi daNPAyamAnAH santi|
2811010091	anantaraM SaPdinEbhyaH paraM yIzuH pitaraM yAkUbaM tatsahajaM yOhananjca gRhlan uccAdrE rviviktasthAnam Agatya tESAM samakSaM rUpamanyat dadhAra|
281102003d	tEna tadAsyaM tEjasvi, tadAbharaNam AlOkavat pANParamabhavat|
2811030045	anyacca tEna sAkaM saMlapantau mUsA Eliyazca tEbhyO darzanaM dadatuH|
28110400a9	tadAnIM pitarO yIzuM jagAda, hE prabhO sthitiratrAsmAkaM zubhA, yadi bhavatAnumanyatE, tarhi bhavadarthamEkaM mUsArthamEkam EliyArthanjcaikam iti trINi dUSyANi nirmmama|
28110500b0	EtatkathanakAla Eka ujjavalaH payOdastESAmupari chAyAM kRtavAn, vAridAd ESA nabhasIyA vAg babhUva, mamAyaM priyaH putraH, asmin mama mahAsantOSa Etasya vAkyaM yUyaM nizAmayata|
2811060042	kintu vAcamEtAM zRNvantaEva ziSyA mRzaM zagkamAnA nyubjA nyapatan|
2811070044	tadA yIzurAgatya tESAM gAtrANi spRzan uvAca, uttiSThata, mA bhaiSTa|
2811080034	tadAnIM nEtrANyunmIlya yIzuM vinA kamapi na dadRzuH|
28110900a4	tataH param adrEravarOhaNakAlE yIzustAn ityAdidEza, manujasutasya mRtAnAM madhyAdutthAnaM yAvanna jAyatE, tAvat yuSmAbhirEtaddarzanaM kasmaicidapi na kathayitavyaM|
28110a004d	tadA ziSyAstaM papracchuH, prathamam Eliya AyAsyatIti kuta upAdhyAyairucyatE?
28110b0047	tatO yIzuH pratyavAdIt, EliyaH prAgEtya sarvvANi sAdhayiSyatIti satyaM,
28110c008d	kintvahaM yuSmAn vacmi, Eliya Etya gataH, tE tamaparicitya tasmin yathEcchaM vyavajahuH; manujasutEnApi tESAmantikE tAdRg duHkhaM bhOktavyaM|
28110d0056	tadAnIM sa majjayitAraM yOhanamadhi kathAmEtAM vyAhRtavAn, itthaM tacchiSyA bubudhirE|
28110e0060	pazcAt tESu jananivahasyAntikamAgatESu kazcit manujastadantikamEtya jAnUnI pAtayitvA kathitavAn,
28110f007c	hE prabhO, matputraM prati kRpAM vidadhAtu, sOpasmArAmayEna bhRzaM vyathitaH san punaH puna rvahnau muhu rjalamadhyE patati|
2811100052	tasmAd bhavataH ziSyANAM samIpE tamAnayaM kintu tE taM svAsthaM karttuM na zaktAH|
28111100a3	tadA yIzuH kathitavAn rE avizvAsinaH, rE vipathagAminaH, punaH katikAlAn ahaM yuSmAkaM sannidhau sthAsyAmi? katikAlAn vA yuSmAn sahiSyE? tamatra mamAntikamAnayata|
281112005a	pazcAd yIzunA tarjataEva sa bhUtastaM vihAya gatavAn, taddaNPaEva sa bAlakO nirAmayO'bhUt|
2811130057	tataH ziSyA guptaM yIzumupAgatya babhASirE, kutO vayaM taM bhUtaM tyAjayituM na zaktAH?
2811140026	yIzunA tE prOktAH, yuSmAkamapratyayAt;
2811150109	yuSmAnahaM tathyaM vacmi yadi yuSmAkaM sarSapaikamAtrOpi vizvAsO jAyatE, tarhi yuSmAbhirasmin zailE tvamitaH sthAnAt tat sthAnaM yAhIti brUtE sa tadaiva caliSyati, yuSmAkaM kimapyasAdhyanjca karmma na sthAsyAti| kintu prArthanOpavAsau vinaitAdRzO bhUtO na tyAjyEta|
2811160075	aparaM tESAM gAlIlpradEzE bhramaNakAlE yIzunA tE gaditAH, manujasutO janAnAM karESu samarpayiSyatE tai rhaniSyatE ca,
2811170044	kintu tRtIyE'hina ma utthApiSyatE, tEna tE bhRzaM duHkhitA babhUvaH|
28111800ac	tadanantaraM tESu kapharnAhUmnagaramAgatESu karasaMgrAhiNaH pitarAntikamAgatya papracchuH, yuSmAkaM guruH kiM mandirArthaM karaM na dadAti? tataH pitaraH kathitavAn dadAti|
28111900d5	tatastasmin gRhamadhyamAgatE tasya kathAkathanAt pUrvvamEva yIzuruvAca, hE zimOn, mEdinyA rAjAnaH svasvApatyEbhyaH kiM vidEzibhyaH kEbhyaH karaM gRhlanti? atra tvaM kiM budhyasE? tataH pitara uktavAn, vidEzibhyaH|
28111a002e	tadA yIzuruktavAn, tarhi santAnA muktAH santi|
28111b00d7	tathApi yathAsmAbhistESAmantarAyO na janyatE, tatkRtE jaladhEstIraM gatvA vaPizaM kSipa, tEnAdau yO mIna utthAsyati, taM ghRtvA tanmukhE mOcitE tOlakaikaM rUpyaM prApsyasi, tad gRhItvA tava mama ca kRtE tEbhyO dEhi|
2812010047	tadAnIM ziSyA yIzOH samIpamAgatya pRSTavantaH svargarAjyE kaH zrESThaH?
281202004b	tatO yIzuH kSudramEkaM bAlakaM svasamIpamAnIya tESAM madhyE nidhAya jagAda,
281203006b	yuSmAnahaM satyaM bravImi, yUyaM manOvinimayEna kSudrabAlavat na santaH svargarAjyaM pravESTuM na zaknutha|
2812040058	yaH kazcid Etasya kSudrabAlakasya samamAtmAnaM namrIkarOti, saEva svargarAjayE zrESThaH|
281205004c	yaH kazcid EtAdRzaM kSudrabAlakamEkaM mama nAmni gRhlAti, sa mAmEva gRhlAti|
2812060090	kintu yO janO mayi kRtavizvAsAnAmEtESAM kSudraprANinAm EkasyApi vidhniM janayati, kaNThabaddhapESaNIkasya tasya sAgarAgAdhajalE majjanaM zrEyaH|
2812070080	vighnAt jagataH santApO bhaviSyati, vighnO'vazyaM janayiSyatE, kintu yEna manujEna vighnO janiSyatE tasyaiva santApO bhaviSyati|
28120800b3	tasmAt tava karazcaraNO vA yadi tvAM bAdhatE, tarhi taM chittvA nikSipa, dvikarasya dvipadasya vA tavAnaptavahnau nikSEpAt, khanjjasya vA chinnahastasya tava jIvanE pravEzO varaM|
2812090085	aparaM tava nEtraM yadi tvAM bAdhatE, tarhi tadapyutpAvya nikSipa, dvinEtrasya narakAgnau nikSEpAt kANasya tava jIvanE pravEzO varaM|
28120a0041	tasmAdavadhaddhaM, EtESAM kSudraprANinAm Ekamapi mA tucchIkuruta,
28120b0096	yatO yuSmAnahaM tathyaM bravImi, svargE tESAM dUtA mama svargasthasya piturAsyaM nityaM pazyanti| EvaM yE yE hAritAstAn rakSituM manujaputra Agacchat|
28120c00a2	yUyamatra kiM viviMgghvE? kasyacid yadi zataM mESAH santi, tESAmEkO hAryyatE ca, tarhi sa EkOnazataM mESAn vihAya parvvataM gatvA taM hAritamEkaM kiM na mRgayatE?
28120d008c	yadi ca kadAcit tanmESOddEzaM lamatE, tarhi yuSmAnahaM satyaM kathayAmi, sO'vipathagAmibhya EkOnazatamESEbhyOpi tadEkahEtOradhikam AhlAdatE|
28120e0050	tadvad EtESAM kSudraprAEnAm EkOpi nazyatIti yuSmAkaM svargasthapitu rnAbhimatam|
28120f00b0	yadyapi tava bhrAtA tvayi kimapyaparAdhyati, tarhi gatvA yuvayOrdvayOH sthitayOstasyAparAdhaM taM jnjApaya| tatra sa yadi tava vAkyaM zRNOti, tarhi tvaM svabhrAtaraM prAptavAn,
281210008d	kintu yadi na zRNOti, tarhi dvAbhyAM tribhi rvA sAkSIbhiH sarvvaM vAkyaM yathA nizcitaM jAyatE, tadartham EkaM dvau vA sAkSiNau gRhItvA yAhi|
28121100a7	tEna sa yadi tayO rvAkyaM na mAnyatE, tarhi samAjaM tajjnjApaya, kintu yadi samAjasyApi vAkyaM na mAnyatE, tarhi sa tava samIpE dEvapUjakaiva caNPAlaiva ca bhaviSyati|
2812120081	ahaM yuSmAn satyaM vadAmi, yuSmAbhiH pRthivyAM yad badhyatE tat svargE bhaMtsyatE; mEdinyAM yat bhOcyatE, svargE'pi tat mOkSyatE|
2812130096	punarahaM yuSmAn vadAmi, mEdinyAM yuSmAkaM yadi dvAvEkavAkyIbhUya kinjcit prArthayEtE, tarhi mama svargasthapitrA tat tayOH kRtE sampannaM bhaviSyati|
281214004a	yatO yatra dvau trayO vA mama nAnni milanti, tatraivAhaM tESAM madhyE'smi|
2812150076	tadAnIM pitarastatsamIpamAgatya kathitavAn hE prabhO, mama bhrAtA mama yadyaparAdhyati, tarhi taM katikRtvaH kSamiSyE?
2812160073	kiM saptakRtvaH? yIzustaM jagAda, tvAM kEvalaM saptakRtvO yAvat na vadAmi, kintu saptatyA guNitaM saptakRtvO yAvat|
281217003f	aparaM nijadAsaiH saha jigaNayiSuH kazcid rAjEva svargarAjayaM|
2812180066	ArabdhE tasmin gaNanE sArddhasahasramudrApUritAnAM dazasahasrapuTakAnAm EkO'ghamarNastatsamakSamAnAyi|
2812190077	tasya parizOdhanAya dravyAbhAvAt parizOdhanArthaM sa tadIyabhAryyAputrAdisarvvasvanjca vikrIyatAmiti tatprabhurAdidEza|
28121a0072	tEna sa dAsastasya pAdayOH patan praNamya kathitavAn, hE prabhO bhavatA ghairyyE kRtE mayA sarvvaM parizOdhiSyatE|
28121b0046	tadAnIM dAsasya prabhuH sakaruNaH san sakalarNaM kSamitvA taM tatyAja|
28121c00a2	kintu tasmin dAsE bahi ryAtE, tasya zataM mudrAcaturthAMzAn yO dhArayati, taM sahadAsaM dRSdvA tasya kaNThaM niSpIPya gaditavAn, mama yat prApyaM tat parizOdhaya|
28121d0067	tadA tasya sahadAsastatpAdayOH patitvA vinIya babhASE, tvayA dhairyyE kRtE mayA sarvvaM parizOdhiSyatE|
28121e005e	tathApi sa tat nAgagIkRtya yAvat sarvvamRNaM na parizOdhitavAn tAvat taM kArAyAM sthApayAmAsa|
28121f0067	tadA tasya sahadAsAstasyaitAdRg AcaraNaM vilOkya prabhOH samIpaM gatvA sarvvaM vRttAntaM nivEdayAmAsuH|
281220006d	tadA tasya prabhustamAhUya jagAda, rE duSTa dAsa, tvayA matsannidhau prArthitE mayA tava sarvvamRNaM tyaktaM;
2812210058	yathA cAhaM tvayi karuNAM kRtavAn, tathaiva tvatsahadAsE karuNAkaraNaM kiM tava nOcitaM?
281222007a	iti kathayitvA tasya prabhuH kruddhyan nijaprApyaM yAvat sa na parizOdhitavAn, tAvat prahArakAnAM karESu taM samarpitavAn|
281223007c	yadi yUyaM svAntaHkaraNaiH svasvasahajAnAm aparAdhAn na kSamadhvE, tarhi mama svargasyaH pitApi yuSmAn pratItthaM kariSyati|
2813010068	anantaram EtAsu kathAsu samAptAsu yIzu rgAlIlapradEzAt prasthAya yardantIrasthaM yihUdApradEzaM prAptaH|
281302003d	tadA tatpazcAt jananivahE gatE sa tatra tAn nirAmayAn akarOt|
2813030075	tadanantaraM phirUzinastatsamIpamAgatya pArIkSituM taM papracchuH, kasmAdapi kAraNAt narENa svajAyA parityAjyA na vA?
281304005a	sa pratyuvAca, prathamam IzvarO naratvEna nArItvEna ca manujAn sasarja, tasmAt kathitavAn,
2813050075	mAnuSaH svapitarau parityajya svapatnyAm AsakSyatE, tau dvau janAvEkAggau bhaviSyataH, kimEtad yuSmAbhi rna paThitam?
2813060060	atastau puna rna dvau tayOrEkAggatvaM jAtaM, IzvarENa yacca samayujyata, manujO na tad bhindyAt|
2813070071	tadAnIM tE taM pratyavadan, tathAtvE tyAjyapatraM dattvA svAM svAM jAyAM tyaktuM vyavasthAM mUsAH kathaM lilEkha?
281308007b	tataH sa kathitavAn, yuSmAkaM manasAM kAThinyAd yuSmAn svAM svAM jAyAM tyaktum anvamanyata kintu prathamAd ESO vidhirnAsIt|
2813090099	atO yuSmAnahaM vadAmi, vyabhicAraM vinA yO nijajAyAM tyajEt anyAnjca vivahEt, sa paradArAn gacchati; yazca tyaktAM nArIM vivahati sOpi paradArESu ramatE|
28130a0072	tadA tasya ziSyAstaM babhASirE, yadi svajAyayA sAkaM puMsa EtAdRk sambandhO jAyatE, tarhi vivahanamEva na bhadraM|
28130b0065	tataH sa uktavAn, yEbhyastatsAmarthyaM AdAyi, tAn vinAnyaH kOpi manuja EtanmataM grahItuM na zaknOti|
28130c0080	katipayA jananaklIbaH katipayA narakRtaklIbaH svargarAjyAya katipayAH svakRtaklIbAzca santi, yE grahItuM zaknuvanti tE gRhlantu|
28130d0085	aparam yathA sa zizUnAM gAtrESu hastaM datvA prArthayatE, tadarthaM tatsamIMpaM zizava AnIyanta, tata AnayitRn ziSyAstiraskRtavantaH|
28130e0062	kintu yIzuruvAca, zizavO madantikam Agacchantu, tAn mA vArayata, EtAdRzAM zizUnAmEva svargarAjyaM|
28130f003d	tataH sa tESAM gAtrESu hastaM datvA tasmAt sthAnAt pratasthE|
2813100064	aparam Eka Agatya taM papraccha, hE paramagurO, anantAyuH prAptuM mayA kiM kiM satkarmma karttavyaM?
281311007f	tataH sa uvAca, mAM paramaM kutO vadasi? vinEzcaraM na kOpi paramaH, kintu yadyanantAyuH prAptuM vAnjchasi, tarhyAjnjAH pAlaya|
2813120081	tadA sa pRSTavAn, kAH kA AjnjAH? tatO yIzuH kathitavAn, naraM mA hanyAH, paradArAn mA gacchEH, mA cOrayEH, mRSAsAkSyaM mA dadyAH,
281313003b	nijapitarau saMmanyasva, svasamIpavAsini svavat prEma kuru|
2813140042	sa yuvA kathitavAn, A bAlyAd EtAH pAlayAmi, idAnIM kiM nyUnamAstE?
28131500a9	tatO yIzuravadat, yadi siddhO bhavituM vAnjchasi, tarhi gatvA nijasarvvasvaM vikrIya daridrEbhyO vitara, tataH svargE vittaM lapsyasE; Agaccha, matpazcAdvarttI ca bhava|
2813160043	EtAM vAcaM zrutvA sa yuvA svIyabahusampattE rviSaNaH san calitavAn|
2813170063	tadA yIzuH svaziSyAn avadat, dhaninAM svargarAjyapravEzO mahAduSkara iti yuSmAnahaM tathyaM vadAmi|
281318005d	punarapi yuSmAnahaM vadAmi, dhaninAM svargarAjyapravEzAt sUcIchidrENa mahAggagamanaM sukaraM|
281319005d	iti vAkyaM nizamya ziSyA aticamatkRtya kathayAmAsuH; tarhi kasya paritrANaM bhavituM zaknOti?
28131a005c	tadA sa tAn dRSdvA kathayAmAsa, tat mAnuSANAmazakyaM bhavati, kintvIzvarasya sarvvaM zakyam|
28131b0072	tadA pitarastaM gaditavAn, pazya, vayaM sarvvaM parityajya bhavataH pazcAdvarttinO 'bhavAma; vayaM kiM prApsyAmaH?
28131c00f7	tatO yIzuH kathitavAn, yuSmAnahaM tathyaM vadAmi, yUyaM mama pazcAdvarttinO jAtA iti kAraNAt navInasRSTikAlE yadA manujasutaH svIyaizcaryyasiMhAsana upavEkSyati, tadA yUyamapi dvAdazasiMhAsanESUpavizya isrAyElIyadvAdazavaMzAnAM vicAraM kariSyatha|
28131d00c5	anyacca yaH kazcit mama nAmakAraNAt gRhaM vA bhrAtaraM vA bhaginIM vA pitaraM vA mAtaraM vA jAyAM vA bAlakaM vA bhUmiM parityajati, sa tESAM zataguNaM lapsyatE, anantAyumO'dhikAritvanjca prApsyati|
28131e0048	kintu agrIyA anEkE janAH pazcAt, pazcAtIyAzcAnEkE lOkA agrE bhaviSyanti|
2814010066	svargarAjyam EtAdRzA kEnacid gRhasyEna samaM, yO'tiprabhAtE nijadrAkSAkSEtrE kRSakAn niyOktuM gatavAn|
2814020058	pazcAt taiH sAkaM dinaikabhRtiM mudrAcaturthAMzaM nirUpya tAn drAkSAkSEtraM prErayAmAsa|
2814030051	anantaraM praharaikavElAyAM gatvA haTTE katipayAn niSkarmmakAn vilOkya tAnavadat,
2814040057	yUyamapi mama drAkSAkSEtraM yAta, yuSmabhyamahaM yOgyabhRtiM dAsyAmi, tatastE vavrajuH|
2814050044	punazca sa dvitIyatRtIyayOH praharayO rbahi rgatvA tathaiva kRtavAn|
2814060099	tatO daNPadvayAvaziSTAyAM vElAyAM bahi rgatvAparAn katipayajanAn niSkarmmakAn vilOkya pRSTavAn, yUyaM kimartham atra sarvvaM dinaM niSkarmmANastiSThatha?
2814070088	tE pratyavadan, asmAn na kOpi karmamaNi niyuMktE| tadAnIM sa kathitavAn, yUyamapi mama drAkSAkSEtraM yAta, tEna yOgyAM bhRtiM lapsyatha|
281408008b	tadanantaraM sandhyAyAM satyAM saEva drAkSAkSEtrapatiradhyakSaM gadivAn, kRSakAn AhUya zESajanamArabhya prathamaM yAvat tEbhyO bhRtiM dEhi|
2814090050	tEna yE daNPadvayAvasthitE samAyAtAstESAm EkaikO janO mudrAcaturthAMzaM prApnOt|
28140a006d	tadAnIM prathamaniyuktA janA AgatyAnumitavantO vayamadhikaM prapsyAmaH, kintu tairapi mudrAcaturthAMzO'lAbhi|
28140b004f	tatastE taM gRhItvA tEna kSEtrapatinA sAkaM vAgyuddhaM kurvvantaH kathayAmAsuH,
28140c0081	vayaM kRtsnaM dinaM tApaklEzau sOPhavantaH, kintu pazcAtAyA sE janA daNPadvayamAtraM parizrAntavantastE'smAbhiH samAnAMzAH kRtAH|
28140d007f	tataH sa tESAmEkaM pratyuvAca, hE vatsa, mayA tvAM prati kOpyanyAyO na kRtaH kiM tvayA matsamakSaM mudrAcaturthAMzO nAggIkRtaH?
28140e0060	tasmAt tava yat prApyaM tadAdAya yAhi, tubhyaM yati, pazcAtIyaniyuktalOkAyApi tati dAtumicchAmi|
28140f0065	svEcchayA nijadravyavyavaharaNaM kiM mayA na karttavyaM? mama dAtRtvAt tvayA kim IrSyAdRSTiH kriyatE?
2814100074	ittham agrIyalOkAH pazcatIyA bhaviSyanti, pazcAtIyajanAzcagrIyA bhaviSyanti, ahUtA bahavaH kintvalpE manObhilaSitAH|
281411004e	tadanantaraM yIzu ryirUzAlamnagaraM gacchan mArgamadhyE ziSyAn EkAntE vabhASE,
2814120066	pazya vayaM yirUzAlamnagaraM yAmaH, tatra pradhAnayAjakAdhyApakAnAM karESu manuSyaputraH samarpiSyatE;
281413009b	tE ca taM hantumAjnjApya tiraskRtya vEtrENa praharttuM kruzE dhAtayitunjcAnyadEzIyAnAM karESu samarpayiSyanti, kintu sa tRtIyadivasE zmazAnAd utthApiSyatE|
2814140060	tadAnIM sivadIyasya nArI svaputrAvAdAya yIzOH samIpam Etya praNamya kanjcanAnugrahaM taM yayAcE|
28141500a0	tadA yIzustAM prOktavAn, tvaM kiM yAcasE? tataH sA babhASE, bhavatO rAjatvE mamAnayOH sutayOrEkaM bhavaddakSiNapArzvE dvitIyaM vAmapArzva upavESTum AjnjApayatu|
28141600d0	yIzuH pratyuvAca, yuvAbhyAM yad yAcyatE, tanna budhyatE, ahaM yEna kaMsEna pAsyAmi yuvAbhyAM kiM tEna pAtuM zakyatE? ahanjca yEna majjEnEna majjiSyE, yuvAbhyAM kiM tEna majjayituM zakyatE? tE jagaduH zakyatE|
28141700de	tadA sa uktavAn, yuvAM mama kaMsEnAvazyaM pAsyathaH, mama majjanEna ca yuvAmapi majjiSyEthE, kintu yESAM kRtE mattAtEna nirUpitam idaM tAn vihAyAnyaM kamapi maddakSiNapArzvE vAmapArzvE ca samupavEzayituM mamAdhikArO nAsti|
281418003c	EtAM kathAM zrutvAnyE dazaziSyAstau bhrAtarau prati cukupuH|
2814190087	kintu yIzuH svasamIpaM tAnAhUya jagAda, anyadEzIyalOkAnAM narapatayastAn adhikurvvanti, yE tu mahAntastE tAn zAsati, iti yUyaM jAnItha|
28141a005d	kintu yuSmAkaM madhyE na tathA bhavEt, yuSmAkaM yaH kazcit mahAn bubhUSati, sa yuSmAn sEvEta;
28141b0040	yazca yuSmAkaM madhyE mukhyO bubhUSati, sa yuSmAkaM dAsO bhavEt|
28141c006b	itthaM manujaputraH sEvyO bhavituM nahi, kintu sEvituM bahUnAM paritrANamUlyArthaM svaprANAn dAtunjcAgataH|
28141d0052	anantaraM yirIhOnagarAt tESAM bahirgamanasamayE tasya pazcAd bahavO lOkA vavrajuH|
28141e0097	aparaM vartmapArzva upavizantau dvAvandhau tEna mArgENa yIzO rgamanaM nizamya prOccaiH kathayAmAsatuH, hE prabhO dAyUdaH santAna, AvayO rdayAM vidhEhi|
28141f008a	tatO lOkAH sarvvE tuSNImbhavatamityuktvA tau tarjayAmAsuH; tathApi tau punaruccaiH kathayAmAsatuH hE prabhO dAyUdaH santAna, AvAM dayasva|
2814200068	tadAnIM yIzuH sthagitaH san tAvAhUya bhASitavAn, yuvayOH kRtE mayA kiM karttarvyaM? yuvAM kiM kAmayEthE?
281421003b	tadA tAvuktavantau, prabhO nEtrANi nau prasannAni bhavEyuH|
281422006f	tadAnIM yIzustau prati pramannaH san tayO rnEtrANi pasparza, tEnaiva tau suvIkSAnjcakrAtE tatpazcAt jagmutuzca|
2815010094	anantaraM tESu yirUzAlamnagarasya samIpavErttinO jaitunanAmakadharAdharasya samIpasthtiM baitphagigrAmam AgatESu, yIzuH ziSyadvayaM prESayan jagAda,
2815020075	yuvAM sammukhasthagrAmaM gatvA baddhAM yAM savatsAM garddabhIM haThAt prApsyathaH, tAM mOcayitvA madantikam AnayataM|
2815030074	tatra yadi kazcit kinjcid vakSyati, tarhi vadiSyathaH, EtasyAM prabhOH prayOjanamAstE, tEna sa tatkSaNAt prahESyati|
2815040089	sIyOnaH kanyakAM yUyaM bhASadhvamiti bhAratIM| pazya tE namrazIlaH san nRpa Aruhya gardabhIM| arthAdAruhya tadvatsamAyAsyati tvadantikaM|
2815050033	bhaviSyadvAdinOktaM vacanamidaM tadA saphalamabhUt|
2815060036	anantaraM tau zSyi yIzO ryathAnidEzaM taM grAmaM gatvA
2815070061	gardabhIM tadvatsanjca samAnItavantau, pazcAt tadupari svIyavasanAnI pAtayitvA tamArOhayAmAsatuH|
2815080078	tatO bahavO lOkA nijavasanAni pathi prasArayitumArEbhirE, katipayA janAzca pAdapaparNAdikaM chitvA pathi vistArayAmAsuH|
2815090095	agragAminaH pazcAdgAminazca manujA uccairjaya jaya dAyUdaH santAnEti jagaduH paramEzvarasya nAmnA ya AyAti sa dhanyaH, sarvvOparisthasvargEpi jayati|
28150a0057	itthaM tasmin yirUzAlamaM praviSTE kO'yamiti kathanAt kRtsnaM nagaraM canjcalamabhavat|
28150b004c	tatra lOkOH kathayAmAsuH, ESa gAlIlpradEzIya-nAsaratIya-bhaviSyadvAdI yIzuH|
28150c0090	anantaraM yIzurIzvarasya mandiraM pravizya tanmadhyAt krayavikrayiNO vahizcakAra; vaNijAM mudrAsanAnI kapOtavikrayiNAnjcasanAnI ca nyuvjayAmAsa|
28150d0079	aparaM tAnuvAca, ESA lipirAstE, "mama gRhaM prArthanAgRhamiti vikhyAsyati", kintu yUyaM tad dasyUnAM gahvaraM kRtavantaH|
28150e004c	tadanantaram andhakhanjcalOkAstasya samIpamAgatAH, sa tAn nirAmayAn kRtavAn|
28150f00b1	yadA pradhAnayAjakA adhyApakAzca tEna kRtAnyEtAni citrakarmmANi dadRzuH, jaya jaya dAyUdaH santAna, mandirE bAlakAnAm EtAdRzam uccadhvaniM zuzruvuzca, tadA mahAkruddhA babhUvaH,
28151000d1	taM papracchuzca, imE yad vadanti, tat kiM tvaM zRNOSi? tatO yIzustAn avOcat, satyam; stanyapAyizizUnAnjca bAlakAnAnjca vaktrataH| svakIyaM mahimAnaM tvaM saMprakAzayasi svayaM| EtadvAkyaM yUyaM kiM nApaThata?
281511004b	tatastAn vihAya sa nagarAd baithaniyAgrAmaM gatvA tatra rajanIM yApayAmAsa|
281512004a	anantaraM prabhAtE sati yIzuH punarapi nagaramAgacchan kSudhArttO babhUva|
28151300ce	tatO mArgapArzva uPumbaravRkSamEkaM vilOkya tatsamIpaM gatvA patrANi vinA kimapi na prApya taM pAdapaM prOvAca, adyArabhya kadApi tvayi phalaM na bhavatu; tEna tatkSaNAt sa uPumbaramAhIruhaH zuSkatAM gataH|
281514005b	tad dRSTvA ziSyA AzcaryyaM vijnjAya kathayAmAsuH, AH, uPumvarapAdapO'titUrNaM zuSkO'bhavat|
28151500ef	tatO yIzustAnuvAca, yuSmAnahaM satyaM vadAmi, yadi yUyamasandigdhAH pratItha, tarhi yUyamapi kEvalOPumvarapAdapaM pratItthaM karttuM zakSyatha, tanna, tvaM calitvA sAgarE patEti vAkyaM yuSmAbhirasmina zailE prOktEpi tadaiva tad ghaTiSyatE|
2815160042	tathA vizvasya prArthya yuSmAbhi ryad yAciSyatE, tadEva prApsyatE|
28151700bd	anantaraM mandiraM pravizyOpadEzanasamayE tatsamIpaM pradhAnayAjakAH prAcInalOkAzcAgatya papracchuH, tvayA kEna sAmarthyanaitAni karmmANi kriyantE? kEna vA tubhyamEtAni sAmarthyAni dattAni?
28151800a6	tatO yIzuH pratyavadat, ahamapi yuSmAn vAcamEkAM pRcchAmi, yadi yUyaM taduttaraM dAtuM zakSyatha, tadA kEna sAmarthyEna karmmANyEtAni karOmi, tadahaM yuSmAn vakSyAmi|
28151900b4	yOhanO majjanaM kasyAjnjayAbhavat? kimIzvarasya manuSyasya vA? tatastE parasparaM vivicya kathayAmAsuH, yadIzvarasyEti vadAmastarhi yUyaM taM kutO na pratyaita? vAcamEtAM vakSyati|
28151a005b	manuSyasyEti vaktumapi lOkEbhyO bibhImaH, yataH sarvvairapi yOhan bhaviSyadvAdIti jnjAyatE|
28151b0096	tasmAt tE yIzuM pratyavadan, tad vayaM na vidmaH| tadA sa tAnuktavAn, tarhi kEna sAmarathyEna karmmANyEtAnyahaM karOmi, tadapyahaM yuSmAn na vakSyAmi|
28151c0080	kasyacijjanasya dvau sutAvAstAM sa Ekasya sutasya samIpaM gatvA jagAda, hE suta, tvamadya mama drAkSAkSEtrE karmma kartuM vraja|
28151d0038	tataH sa uktavAn, na yAsyAmi, kintu zESE'nutapya jagAma|
28151e006c	anantaraM sOnyasutasya samIpaM gatvA tathaiva kathtivAn; tataH sa pratyuvAca, mahEccha yAmi, kintu na gataH|
28151f00e3	EtayOH putrayO rmadhyE piturabhimataM kEna pAlitaM? yuSmAbhiH kiM budhyatE? tatastE pratyUcuH, prathamEna putrENa| tadAnIM yIzustAnuvAca, ahaM yuSmAn tathyaM vadAmi, caNPAlA gaNikAzca yuSmAkamagrata Izvarasya rAjyaM pravizanti|
281520009a	yatO yuSmAkaM samIpaM yOhani dharmmapathEnAgatE yUyaM taM na pratItha, kintu caNPAlA gaNikAzca taM pratyAyan, tad vilOkyApi yUyaM pratyEtuM nAkhidyadhvaM|
28152100e1	aparamEkaM dRSTAntaM zRNuta, kazcid gRhasthaH kSEtrE drAkSAlatA rOpayitvA taccaturdikSu vAraNIM vidhAya tanmadhyE drAkSAyantraM sthApitavAn, mAnjcanjca nirmmitavAn, tataH kRSakESu tat kSEtraM samarpya svayaM dUradEzaM jagAma|
2815220060	tadanantaraM phalasamaya upasthitE sa phalAni prAptuM kRSIvalAnAM samIpaM nijadAsAn prESayAmAsa|
2815230075	kintu kRSIvalAstasya tAn dAsEyAn dhRtvA kanjcana prahRtavantaH, kanjcana pASANairAhatavantaH, kanjcana ca hatavantaH|
281524005f	punarapi sa prabhuH prathamatO'dhikadAsEyAn prESayAmAsa, kintu tE tAn pratyapi tathaiva cakruH|
2815250064	anantaraM mama sutE gatE taM samAdariSyantE, ityuktvA zESE sa nijasutaM tESAM sannidhiM prESayAmAsa|
2815260086	kintu tE kRSIvalAH sutaM vIkSya parasparam iti mantrayitum ArEbhirE, ayamuttarAdhikArI vayamEnaM nihatyAsyAdhikAraM svavazIkariSyAmaH|
281527003b	pazcAt tE taM dhRtvA drAkSAkSEtrAd bahiH pAtayitvAbadhiSuH|
2815280046	yadA sa drAkSAkSEtrapatirAgamiSyati, tadA tAn kRSIvalAn kiM kariSyati?
2815290090	tatastE pratyavadan, tAn kaluSiNO dAruNayAtanAbhirAhaniSyati, yE ca samayAnukramAt phalAni dAsyanti, tAdRzESu kRSIvalESu kSEtraM samarpayiSyati|
28152a00da	tadA yIzunA tE gaditAH, grahaNaM na kRtaM yasya pASANasya nicAyakaiH| pradhAnaprastaraH kONE saEva saMbhaviSyati| Etat parEzituH karmmAsmadRSTAvadbhutaM bhavEt| dharmmagranthE likhitamEtadvacanaM yuSmAbhiH kiM nApAThi?
28152b005c	tasmAdahaM yuSmAn vadAmi, yuSmatta IzvarIyarAjyamapanIya phalOtpAdayitranyajAtayE dAyiSyatE|
28152c007a	yO jana EtatpASANOpari patiSyati, taM sa bhaMkSyatE, kintvayaM pASANO yasyOpari patiSyati, taM sa dhUlivat cUrNIkariSyati|
28152d0087	tadAnIM prAdhanayAjakAH phirUzinazca tasyEmAM dRSTAntakathAM zrutvA sO'smAnuddizya kathitavAn, iti vijnjAya taM dharttuM cESTitavantaH;
28152e003e	kintu lOkEbhyO bibhyuH, yatO lOkaiH sa bhaviSyadvAdItyajnjAyi|
281601002f	anantaraM yIzuH punarapi dRSTAntEna tAn avAdIt,
2816020070	svargIyarAjyam EtAdRzasya nRpatEH samaM, yO nija putraM vivAhayan sarvvAn nimantritAn AnEtuM dAsEyAn prahitavAn,
2816030020	kintu tE samAgantuM nESTavantaH|
28160400c4	tatO rAjA punarapi dAsAnanyAn ityuktvA prESayAmAsa, nimantritAn vadata, pazyata, mama bhEjyamAsAditamAstE, nijavTaSAdipuSTajantUn mArayitvA sarvvaM khAdyadravyamAsAditavAn, yUyaM vivAhamAgacchata|
2816050059	tathapi tE tucchIkRtya kEcit nijakSEtraM kEcid vANijyaM prati svasvamArgENa calitavantaH|
2816060042	anyE lOkAstasya dAsEyAn dhRtvA daurAtmyaM vyavahRtya tAnavadhiSuH|
281607006e	anantaraM sa nRpatistAM vArttAM zrutvA krudhyan sainyAni prahitya tAn ghAtakAn hatvA tESAM nagaraM dAhayAmAsa|
281608005b	tataH sa nijadAsEyAn babhASE, vivAhIyaM bhOjyamAsAditamAstE, kintu nimantritA janA ayOgyAH|
281609005e	tasmAd yUyaM rAjamArgaM gatvA yAvatO manujAn pazyata, tAvataEva vivAhIyabhOjyAya nimantrayata|
28160a008f	tadA tE dAsEyA rAjamArgaM gatvA bhadrAn abhadrAn vA yAvatO janAn dadRzuH, tAvataEva saMgRhyAnayan; tatO'bhyAgatamanujai rvivAhagRham apUryyata|
28160b0079	tadAnIM sa rAjA sarvvAnabhyAgatAn draSTum abhyantaramAgatavAn; tadA tatra vivAhIyavasanahInamEkaM janaM vIkSya taM jagAd,
28160c0056	hE mitra, tvaM vivAhIyavasanaM vinA kathamatra praviSTavAn? tEna sa niruttarO babhUva|
28160d008e	tadA rAjA nijAnucarAn avadat, Etasya karacaraNAn baddhA yatra rOdanaM dantairdantagharSaNanjca bhavati, tatra vahirbhUtatamisrE taM nikSipata|
28160e0026	itthaM bahava AhUtA alpE manObhimatAH|
28160f0054	anantaraM phirUzinaH pragatya yathA saMlApEna tam unmAthE pAtayEyustathA mantrayitvA
28161000b9	hErOdIyamanujaiH sAkaM nijaziSyagaNEna taM prati kathayAmAsuH, hE gurO, bhavAn satyaH satyamIzvarIyamArgamupadizati, kamapi mAnuSaM nAnurudhyatE, kamapi nApEkSatE ca, tad vayaM jAnImaH|
281611005b	ataH kaisarabhUpAya karO'smAkaM dAtavyO na vA? atra bhavatA kiM budhyatE? tad asmAn vadatu|
2816120056	tatO yIzustESAM khalatAM vijnjAya kathitavAn, rE kapaTinaH yuyaM kutO mAM parikSadhvE?
2816130057	tatkaradAnasya mudrAM mAM darzayata| tadAnIM taistasya samIpaM mudrAcaturthabhAga AnItE
2816140050	sa tAn papraccha, atra kasyEyaM mUrtti rnAma cAstE? tE jagaduH, kaisarabhUpasya|
2816150058	tataH sa uktavAna, kaisarasya yat tat kaisarAya datta, Izvarasya yat tad IzvarAya datta|
2816160040	iti vAkyaM nizamya tE vismayaM vijnjAya taM vihAya calitavantaH|
2816170069	tasminnahani sidUkinO'rthAt zmazAnAt nOtthAsyantIti vAkyaM yE vadanti, tE yIzErantikam Agatya papracchuH,
2816180090	hE gurO, kazcinmanujazcEt niHsantAnaH san prANAn tyajati, tarhi tasya bhrAtA tasya jAyAM vyuhya bhrAtuH santAnam utpAdayiSyatIti mUsA AdiSTavAn|
28161900a7	kintvasmAkamatra kE'pi janAH saptasahOdarA Asan, tESAM jyESTha EkAM kanyAM vyavahAt, aparaM prANatyAgakAlE svayaM niHsantAnaH san tAM striyaM svabhrAtari samarpitavAn,
28161a002c	tatO dvitIyAdisaptamAntAzca tathaiva cakruH|
28161b0016	zESE sApI nArI mamAra|
28161c006c	mRtAnAm utthAnasamayE tESAM saptAnAM madhyE sA nArI kasya bhAryyA bhaviSyati? yasmAt sarvvaEva tAM vyavahan|
28161d005c	tatO yIzuH pratyavAdIt, yUyaM dharmmapustakam IzvarIyAM zaktinjca na vijnjAya bhrAntimantaH|
28161e0066	utthAnaprAptA lOkA na vivahanti, na ca vAcA dIyantE, kintvIzvarasya svargasthadUtAnAM sadRzA bhavanti|
28161f0035	aparaM mRtAnAmutthAnamadhi yuSmAn pratIyamIzvarOktiH,
2816200080	"ahamibrAhIma Izvara ishAka IzvarO yAkUba Izvara" iti kiM yuSmAbhi rnApAThi? kintvIzvarO jIvatAm Izvara:, sa mRtAnAmIzvarO nahi|
2816210033	iti zrutvA sarvvE lOkAstasyOpadEzAd vismayaM gatAH|
281622004d	anantaraM sidUkinAm niruttaratvavArtAM nizamya phirUzina Ekatra militavantaH,
2816230031	tESAmEkO vyavasthApakO yIzuM parIkSituM papaccha,
281624002d	hE gurO vyavasthAzAstramadhyE kAjnjA zrESThA?
281625006a	tatO yIzuruvAca, tvaM sarvvAntaHkaraNaiH sarvvaprANaiH sarvvacittaizca sAkaM prabhau paramEzvarE prIyasva,
2816260033	ESA prathamamahAjnjA| tasyAH sadRzI dvitIyAjnjaiSA,
2816270028	tava samIpavAsini svAtmanIva prEma kuru|
2816280053	anayO rdvayOrAjnjayOH kRtsnavyavasthAyA bhaviSyadvaktRgranthasya ca bhArastiSThati|
281629003a	anantaraM phirUzinAm Ekatra sthitikAlE yIzustAn papraccha,
28162a0062	khrISTamadhi yuSmAkaM kIdRgbOdhO jAyatE? sa kasya santAnaH? tatastE pratyavadan, dAyUdaH santAnaH|
28162b0047	tadA sa uktavAn, tarhi dAyUd katham AtmAdhiSThAnEna taM prabhuM vadati?
28162c00d4	yathA mama prabhumidaM vAkyamavadat paramEzvaraH| tavArIn pAdapIThaM tE yAvannahi karOmyahaM| tAvat kAlaM madIyE tvaM dakSapArzva upAviza| atO yadi dAyUd taM prabhuM vadati, rtiha sa kathaM tasya santAnO bhavati?
28162d003c	tadAnIM tESAM kOpi tadvAkyasya kimapyuttaraM dAtuM nAzaknOt;
28162e0042	taddinamArabhya taM kimapi vAkyaM praSTuM kasyApi sAhasO nAbhavat|
281701002b	anantaraM yIzu rjananivahaM ziSyAMzcAvadat,
281702002c	adhyApakAH phirUzinazca mUsAsanE upavizanti,
28170300a9	atastE yuSmAn yadyat mantum AjnjApayanti, tat manyadhvaM pAlayadhvanjca, kintu tESAM karmmAnurUpaM karmma na kurudhvaM; yatastESAM vAkyamAtraM sAraM kAryyE kimapi nAsti|
2817040072	tE durvvahAn gurutarAn bhArAn badvvA manuSyANAM skandhEpari samarpayanti, kintu svayamaggulyaikayApi na cAlayanti|
2817050085	kEvalaM lOkadarzanAya sarvvakarmmANi kurvvanti; phalataH paTTabandhAn prasAryya dhArayanti, svavastrESu ca dIrghagranthIn dhArayanti;
281706003b	bhOjanabhavana uccasthAnaM, bhajanabhavanE pradhAnamAsanaM,
2817070043	haTThE namaskAraM gururiti sambOdhananjcaitAni sarvvANi vAnjchanti|
2817080052	kintu yUyaM gurava iti sambOdhanIyA mA bhavata, yatO yuSmAkam EkaH khrISTaEva guru
2817090077	ryUyaM sarvvE mithO bhrAtarazca| punaH pRthivyAM kamapi pitEti mA sambudhyadhvaM, yatO yuSmAkamEkaH svargasthaEva pitA|
28170a004b	yUyaM nAyakEti sambhASitA mA bhavata, yatO yuSmAkamEkaH khrISTaEva nAyakaH|
28170b003e	aparaM yuSmAkaM madhyE yaH pumAn zrESThaH sa yuSmAn sEviSyatE|
28170c0066	yatO yaH svamunnamati, sa nataH kariSyatE; kintu yaH kazcit svamavanataM karOti, sa unnataH kariSyatE|
28170d0118	hanta kapaTina upAdhyAyAH phirUzinazca, yUyaM manujAnAM samakSaM svargadvAraM rundha, yUyaM svayaM tEna na pravizatha, pravivikSUnapi vArayatha| vata kapaTina upAdhyAyAH phirUzinazca yUyaM chalAd dIrghaM prArthya vidhavAnAM sarvvasvaM grasatha, yuSmAkaM ghOrataradaNPO bhaviSyati|
28170e0078	hanta kapaTina upAdhyAyAH phirUzinazca, yUyamEkaM svadharmmAvalambinaM karttuM sAgaraM bhUmaNPalanjca pradakSiNIkurutha,
28170f0038	kanjcana prApya svatO dviguNanarakabhAjanaM taM kurutha|
281710008b	vata andhapathadarzakAH sarvvE, yUyaM vadatha, mandirasya zapathakaraNAt kimapi na dEyaM; kintu mandirasthasuvarNasya zapathakaraNAd dEyaM|
2817110055	hE mUPhA hE andhAH suvarNaM tatsuvarNapAvakamandiram EtayOrubhayO rmadhyE kiM zrEyaH?
2817120077	anyacca vadatha, yajnjavEdyAH zapathakaraNAt kimapi na dEyaM, kintu taduparisthitasya naivEdyasya zapathakaraNAd dEyaM|
2817130054	hE mUPhA hE andhAH, naivEdyaM tannaivEdyapAvakavEdirEtayOrubhayO rmadhyE kiM zrEyaH?
2817140052	ataH kEnacid yajnjavEdyAH zapathE kRtE taduparisthasya sarvvasya zapathaH kriyatE|
2817150045	kEnacit mandirasya zapathE kRtE mandiratannivAsinOH zapathaH kriyatE|
2817160056	kEnacit svargasya zapathE kRtE IzvarIyasiMhAsanataduparyyupaviSTayOH zapathaH kriyatE|
28171700cf	hanta kapaTina upAdhyAyAH phirUzinazca, yUyaM pOdinAyAH sitacchatrAyA jIrakasya ca dazamAMzAn dattha, kintu vyavasthAyA gurutarAn nyAyadayAvizvAsAn parityajatha; imE yuSmAbhirAcaraNIyA amI ca na laMghanIyAH|
2817180049	hE andhapathadarzakA yUyaM mazakAn apasArayatha, kintu mahAggAn grasatha|
281719009e	hanta kapaTina upAdhyAyAH phirUzinazca, yUyaM pAnapAtrANAM bhOjanapAtrANAnjca bahiH pariSkurutha; kintu tadabhyantaraM durAtmatayA kaluSENa ca paripUrNamAstE|
28171a0075	hE andhAH phirUzilOkA Adau pAnapAtrANAM bhOjanapAtrANAnjcAbhyantaraM pariSkuruta, tEna tESAM bahirapi pariSkAriSyatE|
28171b00bb	hanta kapaTina upAdhyAyAH phirUzinazca, yUyaM zuklIkRtazmazAnasvarUpA bhavatha, yathA zmazAnabhavanasya bahizcAru, kintvabhyantaraM mRtalOkAnAM kIkazaiH sarvvaprakAramalEna ca paripUrNam;
28171c006b	tathaiva yUyamapi lOkAnAM samakSaM bahirdhArmmikAH kintvantaHkaraNESu kEvalakApaTyAdharmmAbhyAM paripUrNAH|
28171d007b	hA hA kapaTina upAdhyAyAH phirUzinazca, yUyaM bhaviSyadvAdinAM zmazAnagEhaM nirmmAtha, sAdhUnAM zmazAnanikEtanaM zObhayatha
28171e0081	vadatha ca yadi vayaM svESAM pUrvvapuruSANAM kAla asthAsyAma, tarhi bhaviSyadvAdinAM zONitapAtanE tESAM sahabhAginO nAbhaviSyAma|
28171f004e	atO yUyaM bhaviSyadvAdighAtakAnAM santAnA iti svayamEva svESAM sAkSyaM dattha|
281720003a	atO yUyaM nijapUrvvapuruSANAM parimANapAtraM paripUrayata|
2817210047	rE bhujagAH kRSNabhujagavaMzAH, yUyaM kathaM narakadaNPAd rakSiSyadhvE|
28172200de	pazyata, yuSmAkamantikam ahaM bhaviSyadvAdinO buddhimata upAdhyAyAMzca prESayiSyAmi, kintu tESAM katipayA yuSmAbhi rghAniSyantE, kruzE ca ghAniSyantE, kEcid bhajanabhavanE kaSAbhirAghAniSyantE, nagarE nagarE tAPiSyantE ca;
28172300f5	tEna satpuruSasya hAbilO raktapAtamArabhya bErikhiyaH putraM yaM sikhariyaM yUyaM mandirayajnjavEdyO rmadhyE hatavantaH, tadIyazONitapAtaM yAvad asmin dEzE yAvatAM sAdhupuruSANAM zONitapAtO 'bhavat tat sarvvESAmAgasAM daNPA yuSmAsu varttiSyantE|
2817240048	ahaM yuSmAnta tathyaM vadAmi, vidyamAnE'smin puruSE sarvvE varttiSyantE|
28172500ec	hE yirUzAlam hE yirUzAlam nagari tvaM bhaviSyadvAdinO hatavatI, tava samIpaM prEritAMzca pASANairAhatavatI, yathA kukkuTI zAvakAn pakSAdhaH saMgRhlAti, tathA tava santAnAn saMgrahItuM ahaM bahuvAram aicchaM; kintu tvaM na samamanyathAH|
2817260031	pazyata yaSmAkaM vAsasthAnam ucchinnaM tyakSyatE|
2817270084	ahaM yuSmAn tathyaM vadAmi, yaH paramEzvarasya nAmnAgacchati, sa dhanya iti vANIM yAvanna vadiSyatha, tAvat mAM puna rna drakSyatha|
2818010062	anantaraM yIzu ryadA mandirAd bahi rgacchati, tadAnIM ziSyAstaM mandiranirmmANaM darzayitumAgatAH|
28180200a0	tatO yIzustAnuvAca, yUyaM kimEtAni na pazyatha? yuSmAnahaM satyaM vadAmi, Etannicayanasya pASANaikamapyanyapASANEpari na sthAsyati sarvvANi bhUmisAt kAriSyantE|
28180300ba	anantaraM tasmin jaitunaparvvatOpari samupaviSTE ziSyAstasya samIpamAgatya guptaM papracchuH, EtA ghaTanAH kadA bhaviSyanti? bhavata Agamanasya yugAntasya ca kiM lakSma? tadasmAn vadatu|
281804003e	tadAnIM yIzustAnavOcat, avadhadvvaM, kOpi yuSmAn na bhramayEt|
281805005b	bahavO mama nAma gRhlanta AgamiSyanti, khrISTO'hamEvEti vAcaM vadantO bahUn bhramayiSyanti|
281806008b	yUyanjca saMgrAmasya raNasya cAPambaraM zrOSyatha, avadhadvvaM tEna canjcalA mA bhavata, EtAnyavazyaM ghaTiSyantE, kintu tadA yugAntO nahi|
281807007d	aparaM dEzasya vipakSO dEzO rAjyasya vipakSO rAjyaM bhaviSyati, sthAnE sthAnE ca durbhikSaM mahAmArI bhUkampazca bhaviSyanti,
2818080015	EtAni duHkhOpakramAH|
28180900a0	tadAnIM lOkA duHkhaM bhOjayituM yuSmAn parakarESu samarpayiSyanti haniSyanti ca, tathA mama nAmakAraNAd yUyaM sarvvadEzIyamanujAnAM samIpE ghRNArhA bhaviSyatha|
28180a005e	bahuSu vighnaM prAptavatsu parasparam RtIyAM kRtavatsu ca EkO'paraM parakarESu samarpayiSyati|
28180b0040	tathA bahavO mRSAbhaviSyadvAdina upasthAya bahUn bhramayiSyanti|
28180c003a	duSkarmmaNAM bAhulyAnjca bahUnAM prEma zItalaM bhaviSyati|
28180d0045	kintu yaH kazcit zESaM yAvad dhairyyamAzrayatE, saEva paritrAyiSyatE|
28180e0081	aparaM sarvvadEzIyalOkAn pratimAkSI bhavituM rAjasya zubhasamAcAraH sarvvajagati pracAriSyatE, EtAdRzi sati yugAnta upasthAsyati|
28180f008a	atO yat sarvvanAzakRdghRNArhaM vastu dAniyElbhaviSyadvadinA prOktaM tad yadA puNyasthAnE sthApitaM drakSyatha, (yaH paThati, sa budhyatAM)
281810003c	tadAnIM yE yihUdIyadEzE tiSThanti, tE parvvatESu palAyantAM|
281811004b	yaH kazcid gRhapRSThE tiSThati, sa gRhAt kimapi vastvAnEtum adhE nAvarOhEt|
281812003d	yazca kSEtrE tiSThati, sOpi vastramAnEtuM parAvRtya na yAyAt|
2818130037	tadAnIM garbhiNIstanyapAyayitrINAM durgati rbhaviSyati|
2818140056	atO yaSmAkaM palAyanaM zItakAlE vizrAmavArE vA yanna bhavEt, tadarthaM prArthayadhvam|
2818150074	A jagadArambhAd EtatkAlaparyyanantaM yAdRzaH kadApi nAbhavat na ca bhaviSyati tAdRzO mahAklEzastadAnIm upasthAsyati|
2818160094	tasya klEzasya samayO yadi hsvO na kriyEta, tarhi kasyApi prANinO rakSaNaM bhavituM na zaknuyAt, kintu manOnItamanujAnAM kRtE sa kAlO hsvIkariSyatE|
281817007f	aparanjca pazyata, khrISTO'tra vidyatE, vA tatra vidyatE, tadAnIM yadI kazcid yuSmAna iti vAkyaM vadati, tathApi tat na pratIt|
28181800a8	yatO bhAktakhrISTA bhAktabhaviSyadvAdinazca upasthAya yAni mahanti lakSmANi citrakarmmANi ca prakAzayiSyanti, tai ryadi sambhavEt tarhi manOnItamAnavA api bhrAmiSyantE|
2818190034	pazyata, ghaTanAtaH pUrvvaM yuSmAn vArttAm avAdiSam|
28181a008d	ataH pazyata, sa prAntarE vidyata iti vAkyE kEnacit kathitEpi bahi rmA gacchata, vA pazyata, sOntaHpurE vidyatE, EtadvAkya uktEpi mA pratIta|
28181b006e	yatO yathA vidyut pUrvvadizO nirgatya pazcimadizaM yAvat prakAzatE, tathA mAnuSaputrasyApyAgamanaM bhaviSyati|
28181c002c	yatra zavastiSThati, tatrEva gRdhrA milanti|
28181d00a2	aparaM tasya klEzasamayasyAvyavahitaparatra sUryyasya tEjO lOpsyatE, candramA jyOsnAM na kariSyati, nabhasO nakSatrANi patiSyanti, gagaNIyA grahAzca vicaliSyanti|
28181e00af	tadAnIm AkAzamadhyE manujasutasya lakSma darziSyatE, tatO nijaparAkramENa mahAtEjasA ca mEghArUPhaM manujasutaM nabhasAgacchantaM vilOkya pRthivyAH sarvvavaMzIyA vilapiSyanti|
28181f0094	tadAnIM sa mahAzabdAyamAnatUryyA vAdakAn nijadUtAn prahESyati, tE vyOmna EkasImAtO'parasImAM yAvat caturdizastasya manOnItajanAn AnIya mElayiSyanti|
2818200096	uPumbarapAdapasya dRSTAntaM zikSadhvaM; yadA tasya navInAH zAkhA jAyantE, pallavAdizca nirgacchati, tadA nidAghakAlaH savidhO bhavatIti yUyaM jAnItha;
281821003e	tadvad EtA ghaTanA dRSTvA sa samayO dvAra upAsthAd iti jAnIta|
281822005a	yuSmAnahaM tathyaM vadAmi, idAnIntanajanAnAM gamanAt pUrvvamEva tAni sarvvANi ghaTiSyantE|
2818230036	nabhOmEdinyO rluptayOrapi mama vAk kadApi na lOpsyatE|
281824005b	aparaM mama tAtaM vinA mAnuSaH svargasthO dUtO vA kOpi taddinaM taddaNPanjca na jnjApayati|
2818250052	aparaM nOhE vidyamAnE yAdRzamabhavat tAdRzaM manujasutasyAgamanakAlEpi bhaviSyati|
281826008a	phalatO jalAplAvanAt pUrvvaM yaddinaM yAvat nOhaH pOtaM nArOhat, tAvatkAlaM yathA manuSyA bhOjanE pAnE vivahanE vivAhanE ca pravRttA Asan;
2818270082	aparam AplAvitOyamAgatya yAvat sakalamanujAn plAvayitvA nAnayat, tAvat tE yathA na vidAmAsuH, tathA manujasutAgamanEpi bhaviSyati|
281828003b	tadA kSEtrasthitayOrdvayOrEkO dhAriSyatE, aparastyAjiSyatE|
2818290045	tathA pESaNyA piMSatyOrubhayO ryOSitOrEkA dhAriSyatE'parA tyAjiSyatE|
28182a0064	yuSmAkaM prabhuH kasmin daNPa AgamiSyati, tad yuSmAbhi rnAvagamyatE, tasmAt jAgrataH santastiSThata|
28182b007a	kutra yAmE stEna AgamiSyatIti cEd gRhasthO jnjAtum azakSyat, tarhi jAgaritvA taM sandhiM karttitum avArayiSyat tad jAnIta|
28182c005b	yuSmAbhiravadhIyatAM, yatO yuSmAbhi ryatra na budhyatE, tatraiva daNPE manujasuta AyAsyati|
28182d0071	prabhu rnijaparivArAn yathAkAlaM bhOjayituM yaM dAsam adhyakSIkRtya sthApayati, tAdRzO vizvAsyO dhImAn dAsaH kaH?
28182e003d	prabhurAgatya yaM dAsaM tathAcarantaM vIkSatE, saEva dhanyaH|
28182f0042	yuSmAnahaM satyaM vadAmi, sa taM nijasarvvasvasyAdhipaM kariSyati|
2818300042	kintu prabhurAgantuM vilambata iti manasi cintayitvA yO duSTO dAsO
2818310042	'paradAsAn praharttuM mattAnAM saggE bhOktuM pAtunjca pravarttatE,
2818320053	sa dAsO yadA nApEkSatE, yanjca daNPaM na jAnAti, tatkAlaEva tatprabhurupasthAsyati|
281833006e	tadA taM daNPayitvA yatra sthAnE rOdanaM dantagharSaNanjcAsAtE, tatra kapaTibhiH sAkaM taddazAM nirUpayiSyati|
2819010071	yA daza kanyAH pradIpAn gRhlatyO varaM sAkSAt karttuM bahiritAH, tAbhistadA svargIyarAjyasya sAdRzyaM bhaviSyati|
281902003b	tAsAM kanyAnAM madhyE panjca sudhiyaH panjca durdhiya Asan|
2819030039	yA durdhiyastAH pradIpAn saggE gRhItvA tailaM na jagRhuH,
2819040032	kintu sudhiyaH pradIpAn pAtrENa tailanjca jagRhuH|
281905003d	anantaraM varE vilambitE tAH sarvvA nidrAviSTA nidrAM jagmuH|
2819060056	anantaram arddharAtrE pazyata vara Agacchati, taM sAkSAt karttuM bahiryAtEti janaravAt
2819070038	tAH sarvvAH kanyA utthAya pradIpAn AsAdayituM Arabhanta|
281908004d	tatO durdhiyaH sudhiya UcuH, kinjcit tailaM datta, pradIpA asmAkaM nirvvANAH|
2819090083	kintu sudhiyaH pratyavadan, dattE yuSmAnasmAMzca prati tailaM nyUnIbhavEt, tasmAd vikrEtRNAM samIpaM gatvA svArthaM tailaM krINIta|
28190a0066	tadA tAsu krEtuM gatAsu vara AjagAma, tatO yAH sajjitA Asan, tAstEna sAkaM vivAhIyaM vEzma pravivizuH|
28190b0064	anantaraM dvArE ruddhE aparAH kanyA Agatya jagaduH, hE prabhO, hE prabhO, asmAn prati dvAraM mOcaya|
28190c0036	kintu sa uktavAn, tathyaM vadAmi, yuSmAnahaM na vEdmi|
28190d0069	atO jAgrataH santastiSThata, manujasutaH kasmin dinE kasmin daNPE vAgamiSyati, tad yuSmAbhi rna jnjAyatE|
28190e0073	aparaM sa EtAdRzaH kasyacit puMsastulyaH, yO dUradEzaM prati yAtrAkAlE nijadAsAn AhUya tESAM svasvasAmarthyAnurUpam
28190f0088	Ekasmin mudrANAM panjca pOTalikAH anyasmiMzca dvE pOTalikE aparasmiMzca pOTalikaikAm itthaM pratijanaM samarpya svayaM pravAsaM gatavAn|
281910005a	anantaraM yO dAsaH panjca pOTalikAH labdhavAn, sa gatvA vANijyaM vidhAya tA dviguNIcakAra|
281911003e	yazca dAsO dvE pOTalikE alabhata, sOpi tA mudrA dviguNIcakAra|
281912006e	kintu yO dAsa EkAM pOTalikAM labdhavAn, sa gatvA bhUmiM khanitvA tanmadhyE nijaprabhOstA mudrA gOpayAnjcakAra|
281913005d	tadanantaraM bahutithE kAlE gatE tESAM dAsAnAM prabhurAgatya tairdAsaiH samaM gaNayAnjcakAra|
281914009f	tadAnIM yaH panjca pOTalikAH prAptavAn sa tA dviguNIkRtamudrA AnIya jagAda; hE prabhO, bhavatA mayi panjca pOTalikAH samarpitAH, pazyatu, tA mayA dviguNIkRtAH|
28191500a8	tadAnIM tasya prabhustamuvAca, hE uttama vizvAsya dAsa, tvaM dhanyOsi, stOkEna vizvAsyO jAtaH, tasmAt tvAM bahuvittAdhipaM karOmi, tvaM svaprabhOH sukhasya bhAgI bhava|
281916007d	tatO yEna dvE pOTalikE labdhE sOpyAgatya jagAda, hE prabhO, bhavatA mayi dvE pOTalikE samarpitE, pazyatu tE mayA dviguNIkRtE|
28191700a9	tEna tasya prabhustamavOcat, hE uttama vizvAsya dAsa, tvaM dhanyOsi, stOkEna vizvAsyO jAtaH, tasmAt tvAM bahudraviNAdhipaM karOmi, tvaM nijaprabhOH sukhasya bhAgI bhava|
28191800b1	anantaraM ya EkAM pOTalikAM labdhavAn, sa Etya kathitavAn, hE prabhO, tvAM kaThinanaraM jnjAtavAn, tvayA yatra nOptaM, tatraiva kRtyatE, yatra ca na kIrNaM, tatraiva saMgRhyatE|
2819190063	atOhaM sazagkaH san gatvA tava mudrA bhUmadhyE saMgOpya sthApitavAn, pazya, tava yat tadEva gRhANa|
28191a008d	tadA tasya prabhuH pratyavadat rE duSTAlasa dAsa, yatrAhaM na vapAmi, tatra chinadmi, yatra ca na kirAmi, tatrEva saMgRhlAmIti cEdajAnAstarhi
28191b0057	vaNikSu mama vittArpaNaM tavOcitamAsIt, yEnAhamAgatya vRdvyA sAkaM mUlamudrAH prApsyam|
28191c0047	atOsmAt tAM pOTalikAm AdAya yasya daza pOTalikAH santi tasminnarpayata|
28191d0094	yEna vardvyatE tasminnaivArpiSyatE, tasyaiva ca bAhulyaM bhaviSyati, kintu yEna na vardvyatE, tasyAntikE yat kinjcana tiSThati, tadapi punarnESyatE|
28191e007c	aparaM yUyaM tamakarmmaNyaM dAsaM nItvA yatra sthAnE krandanaM dantagharSaNanjca vidyEtE, tasmin bahirbhUtatamasi nikSipata|
28191f0063	yadA manujasutaH pavitradUtAn sagginaH kRtvA nijaprabhAvEnAgatya nijatEjOmayE siMhAsanE nivEkSyati,
2819200096	tadA tatsammukhE sarvvajAtIyA janA saMmEliSyanti| tatO mESapAlakO yathA chAgEbhyO'vIn pRthak karOti tathA sOpyEkasmAdanyam itthaM tAn pRthaka kRtvAvIn
2819210025	dakSiNE chAgAMzca vAmE sthApayiSyati|
2819220096	tataH paraM rAjA dakSiNasthitAn mAnavAn vadiSyati, Agacchata mattAtasyAnugrahabhAjanAni, yuSmatkRta A jagadArambhat yad rAjyam AsAditaM tadadhikuruta|
2819230061	yatO bubhukSitAya mahyaM bhOjyam adatta, pipAsitAya pEyamadatta, vidEzinaM mAM svasthAnamanayata,
281924006c	vastrahInaM mAM vasanaM paryyadhApayata, pIPItaM mAM draSTumAgacchata, kArAsthanjca mAM vIkSituma Agacchata|
2819250076	tadA dhArmmikAH prativadiSyanti, hE prabhO, kadA tvAM kSudhitaM vIkSya vayamabhOjayAma? vA pipAsitaM vIkSya apAyayAma?
2819260065	kadA vA tvAM vidEzinaM vilOkya svasthAnamanayAma? kadA vA tvAM nagnaM vIkSya vasanaM paryyadhApayAma?
281927003e	kadA vA tvAM pIPitaM kArAsthanjca vIkSya tvadantikamagacchAma?
2819280097	tadAnIM rAjA tAn prativadiSyati, yuSmAnahaM satyaM vadAmi, mamaitESAM bhrAtRNAM madhyE kanjcanaikaM kSudratamaM prati yad akuruta, tanmAM pratyakuruta|
2819290097	pazcAt sa vAmasthitAn janAn vadiSyati, rE zApagrastAH sarvvE, zaitAnE tasya dUtEbhyazca yO'nantavahnirAsAdita AstE, yUyaM madantikAt tamagniM gacchata|
28192a0046	yatO kSudhitAya mahyamAhAraM nAdatta, pipAsitAya mahyaM pEyaM nAdatta,
28192b007c	vidEzinaM mAM svasthAnaM nAnayata, vasanahInaM mAM vasanaM na paryyadhApayata, pIPitaM kArAsthanjca mAM vIkSituM nAgacchata|
28192c008b	tadA tE prativadiSyanti, hE prabhO, kadA tvAM kSudhitaM vA pipAsitaM vA vidEzinaM vA nagnaM vA pIPitaM vA kArAsthaM vIkSya tvAM nAsEvAmahi?
28192d007d	tadA sa tAn vadiSyati, tathyamahaM yuSmAn bravImi, yuSmAbhirESAM kanjcana kSOdiSThaM prati yannAkAri, tanmAM pratyEva nAkAri|
28192e0043	pazcAdamyanantazAstiM kintu dhArmmikA anantAyuSaM bhOktuM yAsyanti|
281a010026	yIzurEtAn prastAvAn samApya ziSyAnUcE,
281a020076	yuSmAbhi rjnjAtaM dinadvayAt paraM nistAramaha upasthAsyati, tatra manujasutaH kruzEna hantuM parakarESu samarpiSyatE|
281a030057	tataH paraM pradhAnayAjakAdhyApakaprAnjcaH kiyaphAnAmnO mahAyAjakasyATTAlikAyAM militvA
281a04003c	kEnOpAyEna yIzuM dhRtvA hantuM zaknuyuriti mantrayAnjcakruH|
281a050052	kintu tairuktaM mahakAlE na dharttavyaH, dhRtE prajAnAM kalahEna bhavituM zakyatE|
281a060041	tatO baithaniyApurE zimOnAkhyasya kuSThinO vEzmani yIzau tiSThati
281a070065	kAcana yOSA zvEtOpalabhAjanEna mahArghyaM sugandhi tailamAnIya bhOjanAyOpavizatastasya zirObhyaSEcat|
281a080041	kintu tadAlOkya tacchiSyaiH kupitairuktaM, kuta itthamapavyayatE?
281a090047	cEdidaM vyakrESyata, tarhi bhUrimUlyaM prApya daridrEbhyO vyatAriSyata|
281a0a0063	yIzunA tadavagatya tE samuditAH, yOSAmEnAM kutO duHkhinIM kurutha, sA mAM prati sAdhu karmmAkArSIt|
281a0b0050	yuSmAkamaM samIpE daridrAH satatamEvAsatE, kintu yuSmAkamantikEhaM nAsE satataM|
281a0c0044	sA mama kAyOpari sugandhitailaM siktvA mama zmazAnadAnakarmmAkArSIt|
281a0d0096	atOhaM yuSmAn tathyaM vadAmi sarvvasmin jagati yatra yatraiSa susamAcAraH pracAriSyatE, tatra tatraitasyA nAryyAH smaraNArtham karmmEdaM pracAriSyatE|
281a0e0064	tatO dvAdazaziSyANAm ISkariyOtIyayihUdAnAmaka EkaH ziSyaH pradhAnayAjakAnAmantikaM gatvA kathitavAn,
281a0f0072	yadi yuSmAkaM karESu yIzuM samarpayAmi, tarhi kiM dAsyatha? tadAnIM tE tasmai triMzanmudrA dAtuM sthirIkRtavantaH|
281a10003d	sa tadArabhya taM parakarESu samarpayituM suyOgaM cESTitavAn|
281a110097	anantaraM kiNvazUnyapUpaparvvaNaH prathamEhni ziSyA yIzum upagatya papracchuH bhavatkRtE kutra vayaM nistAramahabhOjyam AyOjayiSyAmaH? bhavataH kEcchA?
281a12009a	tadA sa gaditavAn, madhyEnagaramamukapuMsaH samIpaM vrajitvA vadata, guru rgaditavAn, matkAlaH savidhaH, saha ziSyaistvadAlayE nistAramahabhOjyaM bhOkSyE|
281a130056	tadA ziSyA yIzOstAdRzanidEzAnurUpakarmma vidhAya tatra nistAramahabhOjyamAsAdayAmAsuH|
281a14003e	tataH sandhyAyAM satyAM dvAdazabhiH ziSyaiH sAkaM sa nyavizat|
281a15005a	aparaM bhunjjAna uktavAn yuSmAn tathyaM vadAmi, yuSmAkamEkO mAM parakarESu samarpayiSyati|
281a160045	tadA tE'tIva duHkhitA EkaikazO vaktumArEbhirE, hE prabhO, sa kimahaM?
281a170068	tataH sa jagAda, mayA sAkaM yO janO bhOjanapAtrE karaM saMkSipati, sa Eva mAM parakarESu samarpayiSyati|
281a1800ab	manujasutamadhi yAdRzaM likhitamAstE, tadanurUpA tadgati rbhaviSyati; kintu yEna puMsA sa parakarESu samarpayiSyatE, hA hA cEt sa nAjaniSyata, tadA tasya kSEmamabhaviSyat|
281a190084	tadA yihUdAnAmA yO janastaM parakarESu samarpayiSyati, sa uktavAn, hE gurO, sa kimahaM? tataH sa pratyuktavAn, tvayA satyaM gaditam|
281a1a0085	anantaraM tESAmazanakAlE yIzuH pUpamAdAyEzvarIyaguNAnanUdya bhaMktvA ziSyEbhyaH pradAya jagAda, madvapuHsvarUpamimaM gRhItvA khAdata|
281a1b0069	pazcAt sa kaMsaM gRhlan IzvarIyaguNAnanUdya tEbhyaH pradAya kathitavAn, sarvvai ryuSmAbhiranEna pAtavyaM,
281a1c004a	yasmAdanEkESAM pApamarSaNAya pAtitaM yanmannUtnaniyamarUpazONitaM tadEtat|
281a1d0059	aparamahaM nUtnagOstanIrasaM na pAsyAmi, tAvat gOstanIphalarasaM punaH kadApi na pAsyAmi|
281a1e0038	pazcAt tE gItamEkaM saMgIya jaitunAkhyagiriM gatavantaH|
281a1f00c5	tadAnIM yIzustAnavOcat, asyAM rajanyAmahaM yuSmAkaM sarvvESAM vighnarUpO bhaviSyAmi, yatO likhitamAstE, "mESANAM rakSakO yastaM prahariSyAmyahaM tataH| mESANAM nivahO nUnaM pravikIrNO bhaviSyati"||
281a20003d	kintu zmazAnAt samutthAya yuSmAkamagrE'haM gAlIlaM gamiSyAmi|
281a210058	pitarastaM prOvAca, bhavAMzcEt sarvvESAM vighnarUpO bhavati, tathApi mama na bhaviSyati|
281a22007d	tatO yIzunA sa uktaH, tubhyamahaM tathyaM kathayAmi, yAminyAmasyAM caraNAyudhasya ravAt pUrvvaM tvaM mAM tri rnAggIkariSyasi|
281a23007a	tataH pitara uditavAn, yadyapi tvayA samaM marttavyaM, tathApi kadApi tvAM na nAggIkariSyAmi; tathaiva sarvvE ziSyAzcOcuH|
281a240097	anantaraM yIzuH ziSyaiH sAkaM gEtzimAnInAmakaM sthAnaM prasthAya tEbhyaH kathitavAn, adaH sthAnaM gatvA yAvadahaM prArthayiSyE tAvad yUyamatrOpavizata|
281a25005d	pazcAt sa pitaraM sivadiyasutau ca sagginaH kRtvA gatavAn, zOkAkulO'tIva vyathitazca babhUva|
281a260053	tAnavAdIcca mRtiyAtanEva matprANAnAM yAtanA jAyatE, yUyamatra mayA sArddhaM jAgRta|
281a2700b4	tataH sa kinjciddUraM gatvAdhOmukhaH patan prArthayAnjcakrE, hE matpitaryadi bhavituM zaknOti, tarhi kaMsO'yaM mattO dUraM yAtu; kintu madicchAvat na bhavatu, tvadicchAvad bhavatu|
281a280074	tataH sa ziSyAnupEtya tAn nidratO nirIkSya pitarAya kathayAmAsa, yUyaM mayA sAkaM daNPamEkamapi jAgarituM nAzankuta?
281a290059	parIkSAyAM na patituM jAgRta prArthayadhvanjca; AtmA samudyatOsti, kintu vapu rdurbbalaM|
281a2a007f	sa dvitIyavAraM prArthayAnjcakrE, hE mattAta, na pItE yadi kaMsamidaM mattO dUraM yAtuM na zaknOti, tarhi tvadicchAvad bhavatu|
281a2b0049	sa punarEtya tAn nidratO dadarza, yatastESAM nEtrANi nidrayA pUrNAnyAsan|
281a2c004a	pazcAt sa tAn vihAya vrajitvA tRtIyavAraM pUrvvavat kathayan prArthitavAn|
281a2d0083	tataH ziSyAnupAgatya gaditavAn, sAmprataM zayAnAH kiM vizrAmyatha? pazyata, samaya upAsthAt, manujasutaH pApinAM karESu samarpyatE|
281a2e0054	uttiSThata, vayaM yAmaH, yO mAM parakarESu masarpayiSyati, pazyata, sa samIpamAyAti|
281a2f0092	EtatkathAkathanakAlE dvAdazaziSyANAmEkO yihUdAnAmakO mukhyayAjakalOkaprAcInaiH prahitAn asidhAriyaSTidhAriNO manujAn gRhItvA tatsamIpamupatasthau|
281a300077	asau parakarESvarpayitA pUrvvaM tAn itthaM sagkEtayAmAsa, yamahaM cumbiSyE, sO'sau manujaH, saEva yuSmAbhi rdhAryyatAM|
281a310043	tadA sa sapadi yIzumupAgatya hE gurO, praNamAmItyuktvA taM cucumbE|
281a320054	tadA yIzustamuvAca, hE mitraM kimarthamAgatOsi? tadA tairAgatya yIzurAkramya daghrE|
281a330071	tatO yIzOH sagginAmEkaH karaM prasAryya kOSAdasiM bahiSkRtya mahAyAjakasya dAsamEkamAhatya tasya karNaM cicchEda|
281a340066	tatO yIzustaM jagAda, khaPgaM svasthAnE nidhEhi yatO yE yE janA asiM dhArayanti, taEvAsinA vinazyanti|
281a35009f	aparaM pitA yathA madantikaM svargIyadUtAnAM dvAdazavAhinItO'dhikaM prahiNuyAt mayA tamuddizyEdAnImEva tathA prArthayituM na zakyatE, tvayA kimitthaM jnjAyatE?
281a36004f	tathA satItthaM ghaTiSyatE dharmmapustakasya yadidaM vAkyaM tat kathaM sidhyEt?
281a3700a1	tadAnIM yIzu rjananivahaM jagAda, yUyaM khaPgayaSTIn AdAya mAM kiM cauraM dharttumAyAtAH? ahaM pratyahaM yuSmAbhiH sAkamupavizya samupAdizaM, tadA mAM nAdharata;
281a380064	kintu bhaviSyadvAdinAM vAkyAnAM saMsiddhayE sarvvamEtadabhUt|tadA sarvvE ziSyAstaM vihAya palAyanta|
281a390082	anantaraM tE manujA yIzuM dhRtvA yatrAdhyApakaprAnjcaH pariSadaM kurvvanta upAvizan tatra kiyaphAnAmakamahAyAjakasyAntikaM ninyuH|
281a3a0078	kintu zESE kiM bhaviSyatIti vEttuM pitarO dUrE tatpazcAd vrajitvA mahAyAjakasyATTAlikAM pravizya dAsaiH sahita upAvizat|
281a3b0051	tadAnIM pradhAnayAjakaprAcInamantriNaH sarvvE yIzuM hantuM mRSAsAkSyam alipsanta,
281a3c003d	kintu na lEbhirE| anEkESu mRSAsAkSiSvAgatESvapi tanna prApuH|
281a3d007d	zESE dvau mRSAsAkSiNAvAgatya jagadatuH, pumAnayamakathayat, ahamIzvaramandiraM bhaMktvA dinatrayamadhyE tannirmmAtuM zaknOmi|
281a3e0062	tadA mahAyAjaka utthAya yIzum avAdIt| tvaM kimapi na prativadasi? tvAmadhi kimEtE sAkSyaM vadanti?
281a3f0088	kintu yIzu rmaunIbhUya tasyau| tatO mahAyAjaka uktavAn, tvAm amarEzvaranAmnA zapayAmi, tvamIzvarasya putrO'bhiSiktO bhavasi navEti vada|
281a4000ac	yIzuH pratyavadat, tvaM satyamuktavAn; ahaM yuSmAn tathyaM vadAmi, itaHparaM manujasutaM sarvvazaktimatO dakSiNapArzvE sthAtuM gagaNasthaM jaladharAnAruhyAyAntaM vIkSadhvE|
281a41009b	tadA mahAyAjakO nijavasanaM chittvA jagAda, ESa IzvaraM ninditavAn, asmAkamaparasAkSyENa kiM prayOjanaM? pazyata, yUyamEvAsyAsyAd IzvaranindAM zrutavantaH,
281a420034	yuSmAbhiH kiM vivicyatE? tE pratyUcuH, vadhArhO'yaM|
281a430054	tatO lOkaistadAsyE niSThIvitaM kEcit pratalamAhatya kEcicca capETamAhatya babhASirE,
281a44003b	hE khrISTa tvAM kazcapETamAhatavAn? iti gaNayitvA vadAsmAn|
281a450063	pitarO bahiraggana upavizati, tadAnImEkA dAsI tamupAgatya babhASE, tvaM gAlIlIyayIzOH sahacaraEkaH|
281a460056	kintu sa sarvvESAM samakSam anaggIkRtyAvAdIt, tvayA yaducyatE, tadarthamahaM na vEdmi|
281a470070	tadA tasmin bahirdvAraM gatE 'nyA dAsI taM nirIkSya tatratyajanAnavadat, ayamapi nAsaratIyayIzunA sArddham AsIt|
281a480048	tataH sa zapathEna punaranaggIkRtya kathitavAn, taM naraM na paricinOmi|
281a490065	kSaNAt paraM tiSThantO janA Etya pitaram avadan, tvamavazyaM tESAmEka iti tvaduccAraNamEva dyOtayati|
281a4a0055	kintu sO'bhizapya kathitavAn, taM janaM nAhaM paricinOmi, tadA sapadi kukkuTO rurAva|
281a4b0078	kukkuTaravAt prAk tvaM mAM trirapAhnOSyasE, yaiSA vAg yIzunAvAdi tAM pitaraH saMsmRtya bahiritvA khEdAd bhRzaM cakranda|
281b01004e	prabhAtE jAtE pradhAnayAjakalOkaprAcInA yIzuM hantuM tatpratikUlaM mantrayitvA
281b020037	taM badvvA nItvA pantIyapIlAtAkhyAdhipE samarpayAmAsuH|
281b030094	tatO yIzOH parakarEvvarpayitA yihUdAstatprANAdaNPAjnjAM viditvA santaptamanAH pradhAnayAjakalOkaprAcInAnAM samakSaM tAstrIMzanmudrAH pratidAyAvAdIt,
281b040070	EtannirAgOnaraprANaparakarArpaNAt kaluSaM kRtavAnahaM| tadA ta uditavantaH, tEnAsmAkaM kiM? tvayA tad budhyatAm|
281b050059	tatO yihUdA mandiramadhyE tA mudrA nikSipya prasthitavAn itvA ca svayamAtmAnamudbabandha|
281b06006d	pazcAt pradhAnayAjakAstA mudrA AdAya kathitavantaH, EtA mudrAH zONitamUlyaM tasmAd bhANPAgArE na nidhAtavyAH|
281b070053	anantaraM tE mantrayitvA vidEzinAM zmazAnasthAnAya tAbhiH kulAlasya kSEtramakrINan|
281b08002a	atO'dyApi tatsthAnaM raktakSEtraM vadanti|
281b090056	itthaM sati isrAyElIyasantAnai ryasya mUlyaM nirupitaM, tasya triMzanmudrAmAnaM mUlyaM
281b0a008d	mAM prati paramEzvarasyAdEzAt tEbhya AdIyata, tEna ca kulAlasya kSEtraM krItamiti yadvacanaM yirimiyabhaviSyadvAdinA prOktaM tat tadAsidhyat|
281b0b0087	anantaraM yIzau tadadhipatEH sammukha upatiSThati sa taM papraccha, tvaM kiM yihUdIyAnAM rAjA? tadA yIzustamavadat, tvaM satyamuktavAn|
281b0c0043	kintu pradhAnayAjakaprAcInairabhiyuktEna tEna kimapi na pratyavAdi|
281b0d005c	tataH pIlAtEna sa uditaH, imE tvatpratikUlataH kati kati sAkSyaM dadati, tat tvaM na zRNOSi?
281b0e0058	tathApi sa tESAmEkasyApi vacasa uttaraM nOditavAn; tEna sO'dhipati rmahAcitraM vidAmAsa|
281b0f006a	anyacca tanmahakAlE'dhipatErEtAdRzI rAtirAsIt, prajA yaM kanjcana bandhinaM yAcantE, tamEva sa mOcayatIti|
281b10002c	tadAnIM barabbAnAmA kazcit khyAtabandhyAsIt|
281b110081	tataH pIlAtastatra militAn lOkAn apRcchat, ESa barabbA bandhI khrISTavikhyAtO yIzuzcaitayOH kaM mOcayiSyAmi? yuSmAkaM kimIpsitaM?
281b12002a	tairIrSyayA sa samarpita iti sa jnjAtavAn|
281b1300bc	aparaM vicArAsanOpavEzanakAlE pIlAtasya patnI bhRtyaM prahitya tasmai kathayAmAsa, taM dhArmmikamanujaM prati tvayA kimapi na karttavyaM; yasmAt tatkRtE'dyAhaM svapnE prabhUtakaSTamalabhE|
281b14005f	anantaraM pradhAnayAjakaprAcInA barabbAM yAcitvAdAtuM yIzunjca hantuM sakalalOkAn prAvarttayan|
281b15005b	tatO'dhipatistAn pRSTavAn, EtayOH kamahaM mOcayiSyAmi? yuSmAkaM kEcchA? tE prOcu rbarabbAM|
281b160077	tadA pIlAtaH papraccha, tarhi yaM khrISTaM vadanti, taM yIzuM kiM kariSyAmi? sarvvE kathayAmAsuH, sa kruzEna vidhyatAM|
281b170061	tatO'dhipatiravAdIt, kutaH? kiM tEnAparAddhaM? kintu tE punarucai rjagaduH, sa kruzEna vidhyatAM|
281b1800c3	tadA nijavAkyamagrAhyamabhUt, kalahazcApyabhUt, pIlAta iti vilOkya lOkAnAM samakSaM tOyamAdAya karau prakSAlyAvOcat, Etasya dhArmmikamanuSyasya zONitapAtE nirdOSO'haM, yuSmAbhirEva tad budhyatAM|
281b19005f	tadA sarvvAH prajAH pratyavOcan, tasya zONitapAtAparAdhO'smAkam asmatsantAnAnAnjcOpari bhavatu|
281b1a0060	tataH sa tESAM samIpE barabbAM mOcayAmAsa yIzuntu kaSAbhirAhatya kruzEna vEdhituM samarpayAmAsa|
281b1b0058	anantaram adhipatEH sEnA adhipatE rgRhaM yIzumAnIya tasya samIpE sEnAsamUhaM saMjagRhuH|
281b1c0048	tatastE tasya vasanaM mOcayitvA kRSNalOhitavarNavasanaM paridhApayAmAsuH
281b1d00af	kaNTakAnAM mukuTaM nirmmAya tacchirasi daduH, tasya dakSiNakarE vEtramEkaM dattvA tasya sammukhE jAnUni pAtayitvA, hE yihUdIyAnAM rAjan, tubhyaM nama ityuktvA taM tirazcakruH,
281b1e003c	tatastasya gAtrE niSThIvaM datvA tEna vEtrENa zira AjaghnuH|
281b1f0072	itthaM taM tiraskRtya tad vasanaM mOcayitvA punarnijavasanaM paridhApayAnjcakruH, taM kruzEna vEdhituM nItavantaH|
281b200050	pazcAttE bahirbhUya kurINIyaM zimOnnAmakamEkaM vilOkya kruzaM vOPhuM tamAdadirE|
281b210069	anantaraM gulgaltAm arthAt ziraskapAlanAmakasthAnamu pasthAya tE yIzavE pittamizritAmlarasaM pAtuM daduH,
281b22001d	kintu sa tamAsvAdya na papau|
281b2300f0	tadAnIM tE taM kruzEna saMvidhya tasya vasanAni guTikApAtEna vibhajya jagRhuH, tasmAt, vibhajantE'dharIyaM mE tE manuSyAH parasparaM| maduttarIyavastrArthaM guTikAM pAtayanti ca||yadEtadvacanaM bhaviSyadvAdibhiruktamAsIt, tadA tad asidhyat,
281b24003a	pazcAt tE tatrOpavizya tadrakSaNakarvvaNi niyuktAstasthuH|
281b250054	aparam ESa yihUdIyAnAM rAjA yIzurityapavAdalipipatraM tacchirasa UrdvvE yOjayAmAsuH|
281b260043	tatastasya vAmE dakSiNE ca dvau cairau tEna sAkaM kruzEna vividhuH|
281b270034	tadA pAnthA nijazirO lAPayitvA taM nindantO jagaduH,
281b280063	hE Izvaramandirabhanjjaka dinatrayE tannirmmAtaH svaM rakSa, cEttvamIzvarasutastarhi kruzAdavarOha|
281b29003a	pradhAnayAjakAdhyApakaprAcInAzca tathA tiraskRtya jagaduH,
281b2a0082	sO'nyajanAnAvat, kintu svamavituM na zaknOti| yadIsrAyElO rAjA bhavEt, tarhIdAnImEva kruzAdavarOhatu, tEna taM vayaM pratyESyAmaH|
281b2b006d	sa IzvarE pratyAzAmakarOt, yadIzvarastasmin santuSTastarhIdAnImEva tamavEt, yataH sa uktavAn ahamIzvarasutaH|
281b2c0043	yau stEnau sAkaM tEna kruzEna viddhau tau tadvadEva taM ninindatuH|
281b2d003f	tadA dvitIyayAmAt tRtIyayAmaM yAvat sarvvadEzE tamiraM babhUva,
281b2e0068	tRtIyayAmE "ElI ElI lAmA zivaktanI", arthAt madIzvara madIzvara kutO mAmatyAkSIH? yIzuruccairiti jagAda|
281b2f0042	tadA tatra sthitAH kEcit tat zrutvA babhASirE, ayam EliyamAhUyati|
281b300061	tESAM madhyAd EkaH zIghraM gatvA spanjjaM gRhItvA tatrAmlarasaM dattvA nalEna pAtuM tasmai dadau|
281b310042	itarE'kathayan tiSThata, taM rakSitum Eliya AyAti navEti pazyAmaH|
281b320023	yIzuH punarucairAhUya prANAn jahau|
281b33004b	tatO mandirasya vicchEdavasanam UrdvvAdadhO yAvat chidyamAnaM dvidhAbhavat,
281b340059	bhUmizcakampE bhUdharOvyadIryyata ca| zmazAnE muktE bhUripuNyavatAM suptadEhA udatiSThan,
281b35004e	zmazAnAd vahirbhUya tadutthAnAt paraM puNyapuraM gatvA bahujanAn darzayAmAsuH|
281b36007a	yIzurakSaNAya niyuktaH zatasEnApatistatsagginazca tAdRzIM bhUkampAdighaTanAM dRSTvA bhItA avadan, ESa IzvaraputrO bhavati|
281b37003f	yA bahuyOSitO yIzuM sEvamAnA gAlIlastatpazcAdAgatAstAsAM madhyE
281b38006a	magdalInI mariyam yAkUbyOzyO rmAtA yA mariyam sibadiyaputrayO rmAtA ca yOSita EtA dUrE tiSThantyO dadRzuH|
281b39004d	sandhyAyAM satyam arimathiyAnagarasya yUSaphnAmA dhanI manujO yIzOH ziSyatvAt
281b3a004d	pIlAtasya samIpaM gatvA yIzOH kAyaM yayAcE, tEna pIlAtaH kAyaM dAtum AdidEza|
281b3b0029	yUSaph tatkAyaM nItvA zucivastrENAcchAdya
281b3c005f	svArthaM zailE yat zmazAnaM cakhAna, tanmadhyE tatkAyaM nidhAya tasya dvAri vRhatpASANaM dadau|
281b3d0053	kintu magdalInI mariyam anyamariyam EtE striyau tatra zmazAnasammukha upavivizatuH|
281b3e006f	tadanantaraM nistArOtsavasyAyOjanadinAt parE'hani pradhAnayAjakAH phirUzinazca militvA pIlAtamupAgatyAkathayan,
281b3f0067	hE mahEccha sa pratArakO jIvana akathayat, dinatrayAt paraM zmazAnAdutthAsyAmi tadvAkyaM smarAmO vayaM;
281b4000c6	tasmAt tRtIyadinaM yAvat tat zmazAnaM rakSitumAdizatu, nOcEt tacchiSyA yAminyAmAgatya taM hRtvA lOkAn vadiSyanti, sa zmazAnAdudatiSThat, tathA sati prathamabhrAntEH zESIyabhrAnti rmahatI bhaviSyati|
281b410058	tadA pIlAta avAdIt, yuSmAkaM samIpE rakSigaNa AstE, yUyaM gatvA yathA sAdhyaM rakSayata|
281b420058	tatastE gatvA taddUrapASANaM mudrAgkitaM kRtvA rakSigaNaM niyOjya zmazAnaM rakSayAmAsuH|
281c01007c	tataH paraM vizrAmavArasya zESE saptAhaprathamadinasya prabhOtE jAtE magdalInI mariyam anyamariyam ca zmazAnaM draSTumAgatA|
281c020071	tadA mahAn bhUkampO'bhavat; paramEzvarIyadUtaH svargAdavaruhya zmazAnadvArAt pASANamapasAryya taduparyyupavivEza|
281c030036	tadvadanaM vidyudvat tEjOmayaM vasanaM himazubhranjca|
281c040033	tadAnIM rakSiNastadbhayAt kampitA mRtavad babhUvaH|
281c050051	sa dUtO yOSitO jagAda, yUyaM mA bhaiSTa, kruzahatayIzuM mRgayadhvE tadahaM vEdmi|
281c06004c	sO'tra nAsti, yathAvadat tathOtthitavAn; Etat prabhOH zayanasthAnaM pazyata|
281c07009d	tUrNaM gatvA tacchiSyAn iti vadata, sa zmazAnAd udatiSThat, yuSmAkamagrE gAlIlaM yAsyati yUyaM tatra taM vIkSiSyadhvE, pazyatAhaM vArttAmimAM yuSmAnavAdiSaM|
281c0800a9	tatastA bhayAt mahAnandAnjca zmazAnAt tUrNaM bahirbhUya tacchiSyAn vArttAM vaktuM dhAvitavatyaH| kintu ziSyAn vArttAM vaktuM yAnti, tadA yIzu rdarzanaM dattvA tA jagAda,
281c090045	yuSmAkaM kalyANaM bhUyAt, tatastA Agatya tatpAdayOH patitvA praNEmuH|
281c0a0063	yIzustA avAdIt, mA bibhIta, yUyaM gatvA mama bhrAtRn gAlIlaM yAtuM vadata, tatra tE mAM drakSyanti|
281c0b006c	striyO gacchanti, tadA rakSiNAM kEcit puraM gatvA yadyad ghaTitaM tatsarvvaM pradhAnayAjakAn jnjApitavantaH|
281c0c004e	tE prAcInaiH samaM saMsadaM kRtvA mantrayantO bahumudrAH sEnAbhyO dattvAvadan,
281c0d0050	asmAsu nidritESu tacchiSyA yAminyAmAgatya taM hRtvAnayan, iti yUyaM pracArayata|
281c0e004b	yadyEtadadhipatEH zrOtragOcarIbhavEt, tarhi taM bOdhayitvA yuSmAnaviSyAmaH|
281c0f0063	tatastE mudrA gRhItvA zikSAnurUpaM karmma cakruH, yihUdIyAnAM madhyE tasyAdyApi kiMvadantI vidyatE|
281c10002d	EkAdaza ziSyA yIzunirUpitAgAlIlasyAdriM gatvA
281c11003a	tatra taM saMvIkSya praNEmuH, kintu kEcit sandigdhavantaH|
281c12005a	yIzustESAM samIpamAgatya vyAhRtavAn, svargamEdinyOH sarvvAdhipatitvabhArO mayyarpita AstE|
281c13009c	atO yUyaM prayAya sarvvadEzIyAn ziSyAn kRtvA pituH putrasya pavitrasyAtmanazca nAmnA tAnavagAhayata; ahaM yuSmAn yadyadAdizaM tadapi pAlayituM tAnupAdizata|
281c140040	pazyata, jagadantaM yAvat sadAhaM yuSmAbhiH sAkaM tiSThAmi| iti|
2900000006	mArkaH
290101002f	Izvaraputrasya yIzukhrISTasya susaMvAdArambhaH|
2901020084	bhaviSyadvAdinAM granthESu lipiritthamAstE, pazya svakIyadUtantu tavAgrE prESayAmyaham| gatvA tvadIyapanthAnaM sa hi pariSkariSyati|
290103008a	"paramEzasya panthAnaM pariSkuruta sarvvataH| tasya rAjapathanjcaiva samAnaM kurutAdhunA|" ityEtat prAntarE vAkyaM vadataH kasyacidravaH||
290104006b	saEva yOhan prAntarE majjitavAn tathA pApamArjananimittaM manOvyAvarttakamajjanasya kathAnjca pracAritavAn|
2901050096	tatO yihUdAdEzayirUzAlamnagaranivAsinaH sarvvE lOkA bahi rbhUtvA tasya samIpamAgatya svAni svAni pApAnyaggIkRtya yarddananadyAM tEna majjitA babhUvuH|
290106007c	asya yOhanaH paridhEyAni kramElakalOmajAni, tasya kaTibandhanaM carmmajAtam, tasya bhakSyANi ca zUkakITA vanyamadhUni cAsan|
2901070093	sa pracArayan kathayAnjcakrE, ahaM namrIbhUya yasya pAdukAbandhanaM mOcayitumapi na yOgyOsmi, tAdRzO mattO gurutara EkaH puruSO matpazcAdAgacchati|
2901080044	ahaM yuSmAn jalE majjitavAn kintu sa pavitra AtmAni saMmajjayiSyati|
2901090067	aparanjca tasminnEva kAlE gAlIlpradEzasya nAsaradgrAmAd yIzurAgatya yOhanA yarddananadyAM majjitO'bhUt|
29010a005c	sa jalAdutthitamAtrO mEghadvAraM muktaM kapOtavat svasyOpari avarOhantamAtmAnanjca dRSTavAn|
29010b0049	tvaM mama priyaH putrastvayyEva mamamahAsantOSa iyamAkAzIyA vANI babhUva|
29010c002c	tasmin kAlE AtmA taM prAntaramadhyaM ninAya|
29010d0078	atha sa catvAriMzaddinAni tasmin sthAnE vanyapazubhiH saha tiSThan zaitAnA parIkSitaH; pazcAt svargIyadUtAstaM siSEvirE|
29010e0075	anantaraM yOhani bandhanAlayE baddhE sati yIzu rgAlIlpradEzamAgatya IzvararAjyasya susaMvAdaM pracArayan kathayAmAsa,
29010f006d	kAlaH sampUrNa IzvararAjyanjca samIpamAgataM; atOhEtO ryUyaM manAMsi vyAvarttayadhvaM susaMvAdE ca vizvAsita|
29011000a2	tadanantaraM sa gAlIlIyasamudrasya tIrE gacchan zimOn tasya bhrAtA andriyanAmA ca imau dvau janau matsyadhAriNau sAgaramadhyE jAlaM prakSipantau dRSTvA tAvavadat,
2901110041	yuvAM mama pazcAdAgacchataM, yuvAmahaM manuSyadhAriNau kariSyAmi|
290112003e	tatastau tatkSaNamEva jAlAni parityajya tasya pazcAt jagmatuH|
290113008c	tataH paraM tatsthAnAt kinjcid dUraM gatvA sa sivadIputrayAkUb tadbhrAtRyOhan ca imau naukAyAM jAlAnAM jIrNamuddhArayantau dRSTvA tAvAhUyat|
290114004b	tatastau naukAyAM vEtanabhugbhiH sahitaM svapitaraM vihAya tatpazcAdIyatuH|
2901150065	tataH paraM kapharnAhUmnAmakaM nagaramupasthAya sa vizrAmadivasE bhajanagrahaM pravizya samupadidEza|
290116005b	tasyOpadEzAllOkA AzcaryyaM mEnirE yataH sOdhyApakAiva nOpadizan prabhAvavAniva prOpadidEza|
2901170065	aparanjca tasmin bhajanagRhE apavitrabhUtEna grasta EkO mAnuSa AsIt| sa cItzabdaM kRtvA kathayAnjcakE
2901180092	bhO nAsaratIya yIzO tvamasmAn tyaja, tvayA sahAsmAkaM kaH sambandhaH? tvaM kimasmAn nAzayituM samAgataH? tvamIzvarasya pavitralOka ityahaM jAnAmi|
290119003f	tadA yIzustaM tarjayitvA jagAda tUSNIM bhava itO bahirbhava ca|
29011a003e	tataH sO'pavitrabhUtastaM sampIPya atyucaizcItkRtya nirjagAma|
29011b00a8	tEnaiva sarvvE camatkRtya parasparaM kathayAnjcakrirE, ahO kimidaM? kIdRzO'yaM navya upadEzaH? anEna prabhAvEnApavitrabhUtESvAjnjApitESu tE tadAjnjAnuvarttinO bhavanti|
29011c0037	tadA tasya yazO gAlIlazcaturdiksthasarvvadEzAn vyApnOt|
29011d0066	aparanjca tE bhajanagRhAd bahi rbhUtvA yAkUbyOhanbhyAM saha zimOna Andriyasya ca nivEzanaM pravivizuH|
29011e0055	tadA pitarasya zvazrUrjvarapIPitA zayyAyAmAsta iti tE taM jhaTiti vijnjApayAnjcakruH|
29011f0069	tataH sa Agatya tasyA hastaM dhRtvA tAmudasthApayat; tadaiva tAM jvarO'tyAkSIt tataH paraM sA tAn siSEvE|
290120005e	athAstaM gatE ravau sandhyAkAlE sati lOkAstatsamIpaM sarvvAn rOgiNO bhUtadhRtAMzca samAninyuH|
2901210028	sarvvE nAgarikA lOkA dvAri saMmilitAzca|
290122009b	tataH sa nAnAvidharOgiNO bahUn manujAnarOgiNazcakAra tathA bahUn bhUtAn tyAjayAnjcakAra tAn bhUtAn kimapi vAkyaM vaktuM niSiSEdha ca yatOhEtOstE tamajAnan|
2901230071	aparanjca sO'tipratyUSE vastutastu rAtrizESE samutthAya bahirbhUya nirjanaM sthAnaM gatvA tatra prArthayAnjcakrE|
2901240036	anantaraM zimOn tatsagginazca tasya pazcAd gatavantaH|
2901250037	taduddEzaM prApya tamavadan sarvvE lOkAstvAM mRgayantE|
290126006d	tadA sO'kathayat Agacchata vayaM samIpasthAni nagarANi yAmaH, yatO'haM tatra kathAM pracArayituM bahirAgamam|
2901270060	atha sa tESAM gAlIlpradEzasya sarvvESu bhajanagRhESu kathAH pracArayAnjcakrE bhUtAnatyAjayanjca|
2901280084	anantaramEkaH kuSThI samAgatya tatsammukhE jAnupAtaM vinayanjca kRtvA kathitavAn yadi bhavAn icchati tarhi mAM pariSkarttuM zaknOti|
290129003b	tataH kRpAlu ryIzuH karau prasAryya taM spaSTvA kathayAmAsa
29012a0069	mamEcchA vidyatE tvaM pariSkRtO bhava| EtatkathAyAH kathanamAtrAt sa kuSThI rOgAnmuktaH pariSkRtO'bhavat|
29012b0027	tadA sa taM visRjan gAPhamAdizya jagAda
29012c0092	sAvadhAnO bhava kathAmimAM kamapi mA vada; svAtmAnaM yAjakaM darzaya, lOkEbhyaH svapariSkRtEH pramANadAnAya mUsAnirNItaM yaddAnaM tadutsRjasva ca|
29012d00ce	kintu sa gatvA tat karmma itthaM vistAryya pracArayituM prArEbhE tEnaiva yIzuH punaH saprakAzaM nagaraM pravESTuM nAzaknOt tatOhEtOrbahiH kAnanasthAnE tasyau; tathApi caturddigbhyO lOkAstasya samIpamAyayuH|
29020100a0	tadanantaraM yIzai katipayadinAni vilambya punaH kapharnAhUmnagaraM praviSTE sa gRha Asta iti kiMvadantyA tatkSaNaM tatsamIpaM bahavO lOkA Agatya samupatasthuH,
2902020080	tasmAd gRhamadhyE sarvvESAM kRtE sthAnaM nAbhavad dvArasya caturdikSvapi nAbhavat, tatkAlE sa tAn prati kathAM pracArayAnjcakrE|
2902030053	tataH paraM lOkAzcaturbhi rmAnavairEkaM pakSAghAtinaM vAhayitvA tatsamIpam AninyuH|
29020400b3	kintu janAnAM bahutvAt taM yIzOH sammukhamAnEtuM na zaknuvantO yasmin sthAnE sa AstE taduparigRhapRSThaM khanitvA chidraM kRtvA tEna mArgENa sazayyaM pakSAghAtinam avarOhayAmAsuH|
2902050061	tatO yIzustESAM vizvAsaM dRSTvA taM pakSAghAtinaM babhASE hE vatsa tava pApAnAM mArjanaM bhavatu|
2902060079	tadA kiyantO'dhyApakAstatrOpavizantO manObhi rvitarkayAnjcakruH, ESa manuSya EtAdRzImIzvaranindAM kathAM kutaH kathayati?
2902070032	IzvaraM vinA pApAni mArSTuM kasya sAmarthyam AstE?
290208006d	itthaM tE vitarkayanti yIzustatkSaNaM manasA tad budvvA tAnavadad yUyamantaHkaraNaiH kuta EtAni vitarkayatha?
2902090066	tadanantaraM yIzustatsthAnAt punaH samudrataTaM yayau; lOkanivahE tatsamIpamAgatE sa tAn samupadidEza|
29020a007b	kintu pRthivyAM pApAni mArSTuM manuSyaputrasya sAmarthyamasti, Etad yuSmAn jnjApayituM (sa tasmai pakSAghAtinE kathayAmAsa)
29020b0046	uttiSTha tava zayyAM gRhItvA svagRhaM yAhi, ahaM tvAmidam AjnjApayAmi|
29020c00a6	tataH sa tatkSaNam utthAya zayyAM gRhItvA sarvvESAM sAkSAt jagAma; sarvvE vismitA EtAdRzaM karmma vayam kadApi nApazyAma, imAM kathAM kathayitvEzvaraM dhanyamabruvan|
29020d0066	tadanantaraM yIzustatsthAnAt punaH samudrataTaM yayau; lOkanivahE tatsamIpamAgatE sa tAn samupadidEza|
29020e008e	atha gacchan karasanjcayagRha upaviSTam AlphIyaputraM lEviM dRSTvA tamAhUya kathitavAn matpazcAt tvAmAmaccha tataH sa utthAya tatpazcAd yayau|
29020f008d	anantaraM yIzau tasya gRhE bhOktum upaviSTE bahavaH karamanjcAyinaH pApinazca tEna tacchiSyaizca sahOpavivizuH, yatO bahavastatpazcAdAjagmuH|
290210009f	tadA sa karamanjcAyibhiH pApibhizca saha khAdati, tad dRSTvAdhyApakAH phirUzinazca tasya ziSyAnUcuH karamanjcAyibhiH pApibhizca sahAyaM kutO bhuMktE pivati ca?
29021100a4	tadvAkyaM zrutvA yIzuH pratyuvAca, arOgilOkAnAM cikitsakEna prayOjanaM nAsti, kintu rOgiNAmEva; ahaM dhArmmikAnAhvAtuM nAgataH kintu manO vyAvarttayituM pApina Eva|
29021200ac	tataH paraM yOhanaH phirUzinAnjcOpavAsAcAriziSyA yIzOH samIpam Agatya kathayAmAsuH, yOhanaH phirUzinAnjca ziSyA upavasanti kintu bhavataH ziSyA nOpavasanti kiM kAraNamasya?
29021300b7	tadA yIzustAn babhASE yAvat kAlaM sakhibhiH saha kanyAyA varastiSThati tAvatkAlaM tE kimupavastuM zaknuvanti? yAvatkAlaM varastaiH saha tiSThati tAvatkAlaM ta upavastuM na zaknuvanti|
290214005d	yasmin kAlE tEbhyaH sakAzAd varO nESyatE sa kAla Agacchati, tasmin kAlE tE janA upavatsyanti|
2902150093	kOpi janaH purAtanavastrE nUtanavastraM na sIvyati, yatO nUtanavastrENa saha sEvanE kRtE jIrNaM vastraM chidyatE tasmAt puna rmahat chidraM jAyatE|
29021600d1	kOpi janaH purAtanakutUSu nUtanaM drAkSArasaM na sthApayati, yatO nUtanadrAkSArasasya tEjasA tAH kutvO vidIryyantE tatO drAkSArasazca patati kutvazca nazyanti, ataEva nUtanadrAkSArasO nUtanakutUSu sthApanIyaH|
2902170077	tadanantaraM yIzu ryadA vizrAmavArE zasyakSEtrENa gacchati tadA tasya ziSyA gacchantaH zasyamanjjarIzchEttuM pravRttAH|
290218006a	ataH phirUzinO yIzavE kathayAmAsuH pazyatu vizrAmavAsarE yat karmma na karttavyaM tad imE kutaH kurvvanti?
290219007e	tadA sa tEbhyO'kathayat dAyUd tatsaMgginazca bhakSyAbhAvAt kSudhitAH santO yat karmma kRtavantastat kiM yuSmAbhi rna paThitam?
29021a00a5	abiyAtharnAmakE mahAyAjakatAM kurvvati sa kathamIzvarasyAvAsaM pravizya yE darzanIyapUpA yAjakAn vinAnyasya kasyApi na bhakSyAstAnEva bubhujE saggilOkEbhyO'pi dadau|
29021b0062	sO'paramapi jagAda, vizrAmavArO manuSyArthamEva nirUpitO'sti kintu manuSyO vizrAmavArArthaM naiva|
29021c002a	manuSyaputrO vizrAmavArasyApi prabhurAstE|
2903010055	anantaraM yIzuH puna rbhajanagRhaM praviSTastasmin sthAnE zuSkahasta EkO mAnava AsIt|
290302005c	sa vizrAmavArE tamarOgiNaM kariSyati navEtyatra bahavastam apavadituM chidramapEkSitavantaH|
2903030042	tadA sa taM zuSkahastaM manuSyaM jagAda madhyasthAnE tvamuttiSTha|
290304008b	tataH paraM sa tAn papraccha vizrAmavArE hitamahitaM tathA hi prANarakSA vA prANanAza ESAM madhyE kiM karaNIyaM? kintu tE niHzabdAstasthuH|
29030500b7	tadA sa tESAmantaHkaraNAnAM kAThinyAddhEtO rduHkhitaH krOdhAt cartudazO dRSTavAn taM mAnuSaM gaditavAn taM hastaM vistAraya, tatastEna hastE vistRtE taddhastO'nyahastavad arOgO jAtaH|
290306004c	atha phirUzinaH prasthAya taM nAzayituM hErOdIyaiH saha mantrayitumArEbhirE|
2903070049	ataEva yIzustatsthAnaM parityajya ziSyaiH saha punaH sAgarasamIpaM gataH;
29030800be	tatO gAlIlyihUdA-yirUzAlam-idOm-yardannadIpArasthAnEbhyO lOkasamUhastasya pazcAd gataH; tadanyaH sOrasIdanOH samIpavAsilOkasamUhazca tasya mahAkarmmaNAM vArttaM zrutvA tasya sannidhimAgataH|
2903090060	tadA lOkasamUhazcEt tasyOpari patati ityAzagkya sa nAvamEkAM nikaTE sthApayituM ziSyAnAdiSTavAn|
29030a0061	yatO'nEkamanuSyANAmArOgyakaraNAd vyAdhigrastAH sarvvE taM spraSTuM parasparaM balEna yatnavantaH|
29030b005d	aparanjca apavitrabhUtAstaM dRSTvA taccaraNayOH patitvA prOcaiH prOcuH, tvamIzvarasya putraH|
29030c003a	kintu sa tAn dRPham AjnjApya svaM paricAyituM niSiddhavAn|
29030d0058	anantaraM sa parvvatamAruhya yaM yaM praticchA taM tamAhUtavAn tatastE tatsamIpamAgatAH|
29030e004b	tadA sa dvAdazajanAn svEna saha sthAtuM susaMvAdapracArAya prEritA bhavituM
29030f0058	sarvvaprakAravyAdhInAM zamanakaraNAya prabhAvaM prAptuM bhUtAn tyAjayitunjca niyuktavAn|
2903100023	tESAM nAmAnImAni, zimOn sivadiputrO
290311003b	yAkUb tasya bhrAtA yOhan ca AndriyaH philipO barthalamayaH,
2903120073	mathI thOmA ca AlphIyaputrO yAkUb thaddIyaH kinAnIyaH zimOn yastaM parahastESvarpayiSyati sa ISkariyOtIyayihUdAzca|
2903130067	sa zimOnE pitara ityupanAma dadau yAkUbyOhanbhyAM ca binErigiz arthatO mEghanAdaputrAvityupanAma dadau|
2903140073	anantaraM tE nivEzanaM gatAH, kintu tatrApi punarmahAn janasamAgamO 'bhavat tasmAttE bhOktumapyavakAzaM na prAptAH|
2903150067	tatastasya suhRllOkA imAM vArttAM prApya sa hatajnjAnObhUd iti kathAM kathayitvA taM dhRtvAnEtuM gatAH|
2903160072	aparanjca yirUzAlama AgatA yE yE'dhyApakAstE jagadurayaM puruSO bhUtapatyAbiSTastEna bhUtapatinA bhUtAn tyAjayati|
290317005b	tatastAnAhUya yIzu rdRSTAntaiH kathAM kathitavAn zaitAn kathaM zaitAnaM tyAjayituM zaknOti?
290318005d	kinjcana rAjyaM yadi svavirOdhEna pRthag bhavati tarhi tad rAjyaM sthiraM sthAtuM na zaknOti|
2903190067	tathA kasyApi parivArO yadi parasparaM virOdhI bhavati tarhi sOpi parivAraH sthiraM sthAtuM na zaknOti|
29031a0076	tadvat zaitAn yadi svavipakSatayA uttiSThan bhinnO bhavati tarhi sOpi sthiraM sthAtuM na zaknOti kintUcchinnO bhavati|
29031b00a1	aparanjca prabalaM janaM prathamaM na baddhA kOpi tasya gRhaM pravizya dravyANi luNThayituM na zaknOti, taM badvvaiva tasya gRhasya dravyANi luNThayituM zaknOti|
29031c009a	atOhEtO ryuSmabhyamahaM satyaM kathayAmi manuSyANAM santAnA yAni yAni pApAnIzvaranindAnjca kurvvanti tESAM tatsarvvESAmaparAdhAnAM kSamA bhavituM zaknOti,
29031d0072	kintu yaH kazcit pavitramAtmAnaM nindati tasyAparAdhasya kSamA kadApi na bhaviSyati sOnantadaNPasyArhO bhaviSyati|
29031e003f	tasyApavitrabhUtO'sti tESAmEtatkathAhEtOH sa itthaM kathitavAn|
29031f004f	atha tasya mAtA bhrAtRgaNazcAgatya bahistiSThanatO lOkAn prESya tamAhUtavantaH|
2903200063	tatastatsannidhau samupaviSTA lOkAstaM babhASirE pazya bahistava mAtA bhrAtarazca tvAm anvicchanti|
290321007c	tadA sa tAn pratyuvAca mama mAtA kA bhrAtarO vA kE? tataH paraM sa svamIpOpaviSTAn ziSyAn prati avalOkanaM kRtvA kathayAmAsa
2903220021	pazyataitE mama mAtA bhrAtarazca|
290323004a	yaH kazcid IzvarasyESTAM kriyAM karOti sa Eva mama bhrAtA bhaginI mAtA ca|
290401009d	anantaraM sa samudrataTE punarupadESTuM prArEbhE, tatastatra bahujanAnAM samAgamAt sa sAgarOpari naukAmAruhya samupaviSTaH; sarvvE lOkAH samudrakUlE tasthuH|
2904020040	tadA sa dRSTAntakathAbhi rbahUpadiSTavAn upadizaMzca kathitavAn,
2904030034	avadhAnaM kuruta, EkO bIjavaptA bIjAni vaptuM gataH;
2904040056	vapanakAlE kiyanti bIjAni mArgapAzvE patitAni, tata AkAzIyapakSiNa Etya tAni cakhAduH|
2904050058	kiyanti bIjAni svalpamRttikAvatpASANabhUmau patitAni tAni mRdOlpatvAt zIghramagkuritAni;
2904060040	kintUditE sUryyE dagdhAni tathA mUlAnO nAdhOgatatvAt zuSkANi ca|
2904070066	kiyanti bIjAni kaNTakivanamadhyE patitAni tataH kaNTakAni saMvRdvya tAni jagrasustAni na ca phalitAni|
29040800a4	tathA kiyanti bIjAnyuttamabhUmau patitAni tAni saMvRdvya phalAnyutpAditAni kiyanti bIjAni triMzadguNAni kiyanti SaSTiguNAni kiyanti zataguNAni phalAni phalitavanti|
2904090035	atha sa tAnavadat yasya zrOtuM karNau staH sa zRNOtu|
29040a005e	tadanantaraM nirjanasamayE tatsagginO dvAdazaziSyAzca taM taddRSTAntavAkyasyArthaM papracchuH|
29040b004e	tadA sa tAnuditavAn IzvararAjyasya nigUPhavAkyaM bOddhuM yuSmAkamadhikArO'sti;
29040c00db	kintu yE vahirbhUtAH "tE pazyantaH pazyanti kintu na jAnanti, zRNvantaH zRNvanti kintu na budhyantE, cEttai rmanaHsu kadApi parivarttitESu tESAM pApAnyamOcayiSyanta," atOhEtOstAn prati dRSTAntairEva tAni mayA kathitAni|
29040d006b	atha sa kathitavAn yUyaM kimEtad dRSTAntavAkyaM na budhyadhvE? tarhi kathaM sarvvAn dRSTAntAna bhOtsyadhvE?
29040e0024	bIjavaptA vAkyarUpANi bIjAni vapati;
29040f009f	tatra yE yE lOkA vAkyaM zRNvanti, kintu zrutamAtrAt zaitAn zIghramAgatya tESAM manaHsUptAni tAni vAkyarUpANi bIjAnyapanayati taEva uptabIjamArgapArzvEsvarUpAH|
2904100084	yE janA vAkyaM zrutvA sahasA paramAnandEna gRhlanti, kintu hRdi sthairyyAbhAvAt kinjcit kAlamAtraM tiSThanti tatpazcAt tadvAkyahEtOH
2904110066	kutracit klEzE upadravE vA samupasthitE tadaiva vighnaM prApnuvanti taEva uptabIjapASANabhUmisvarUpAH|
290412008d	yE janAH kathAM zRNvanti kintu sAMsArikI cintA dhanabhrAnti rviSayalObhazca EtE sarvvE upasthAya tAM kathAM grasanti tataH mA viphalA bhavati
2904130025	taEva uptabIjasakaNTakabhUmisvarUpAH|
2904140098	yE janA vAkyaM zrutvA gRhlanti tESAM kasya vA triMzadguNAni kasya vA SaSTiguNAni kasya vA zataguNAni phalAni bhavanti taEva uptabIjOrvvarabhUmisvarUpAH|
2904150077	tadA sO'paramapi kathitavAn kOpi janO dIpAdhAraM parityajya drONasyAdhaH khaTvAyA adhE vA sthApayituM dIpamAnayati kiM?
290416007f	atOhEtO ryanna prakAzayiSyatE tAdRg lukkAyitaM kimapi vastu nAsti; yad vyaktaM na bhaviSyati tAdRzaM guptaM kimapi vastu nAsti|
2904170023	yasya zrOtuM karNau staH sa zRNOtu|
29041800c8	aparamapi kathitavAn yUyaM yad yad vAkyaM zRNutha tatra sAvadhAnA bhavata, yatO yUyaM yEna parimANEna parimAtha tEnaiva parimANEna yuSmadarthamapi parimAsyatE; zrOtArO yUyaM yuSmabhyamadhikaM dAsyatE|
2904190079	yasyAzrayE varddhatE tasmai aparamapi dAsyatE, kintu yasyAzrayE na varddhatE tasya yat kinjcidasti tadapi tasmAn nESyatE|
29041a0034	anantaraM sa kathitavAn EkO lOkaH kSEtrE bIjAnyuptvA
29041b0060	jAgaraNanidrAbhyAM divAnizaM gamayati, parantu tadvIjaM tasyAjnjAtarUpENAgkurayati varddhatE ca;
29041c006b	yatOhEtOH prathamataH patrANi tataH paraM kaNizAni tatpazcAt kaNizapUrNAni zasyAni bhUmiH svayamutpAdayati;
29041d0069	kintu phalESu pakkESu zasyacchEdanakAlaM jnjAtvA sa tatkSaNaM zasyAni chinatti, anEna tulyamIzvararAjyaM|
29041e004e	punaH sO'kathayad IzvararAjyaM kEna samaM? kEna vastunA saha vA tadupamAsyAmi?
29041f0058	tat sarSapaikEna tulyaM yatO mRdi vapanakAlE sarSapabIjaM sarvvapRthivIsthabIjAt kSudraM
290420007c	kintu vapanAt param agkurayitvA sarvvazAkAd bRhad bhavati, tasya bRhatyaH zAkhAzca jAyantE tatastacchAyAM pakSiNa AzrayantE|
290421003a	itthaM tESAM bOdhAnurUpaM sO'nEkadRSTAntaistAnupadiSTavAn,
290422006a	dRSTAntaM vinA kAmapi kathAM tEbhyO na kathitavAn pazcAn nirjanE sa ziSyAn sarvvadRSTAntArthaM bOdhitavAn|
2904230044	taddinasya sandhyAyAM sa tEbhyO'kathayad Agacchata vayaM pAraM yAma|
2904240061	tadA tE lOkAn visRjya tamavilambaM gRhItvA naukayA pratasthirE; aparA api nAvastayA saha sthitAH|
290425004e	tataH paraM mahAjhanjbhzagamAt nau rdOlAyamAnA taraggENa jalaiH pUrNAbhavacca|
2904260098	tadA sa naukAcazcAdbhAgE upadhAnE zirO nidhAya nidrita AsIt tatastE taM jAgarayitvA jagaduH, hE prabhO, asmAkaM prANA yAnti kimatra bhavatazcintA nAsti?
2904270074	tadA sa utthAya vAyuM tarjitavAn samudranjcOktavAn zAntaH susthirazca bhava; tatO vAyau nivRttE'bdhirnistaraggObhUt|
290428004a	tadA sa tAnuvAca yUyaM kuta EtAdRkzagkAkulA bhavata? kiM vO vizvAsO nAsti?
2904290067	tasmAttE'tIvabhItAH parasparaM vaktumArEbhirE, ahO vAyuH sindhuzcAsya nidEzagrAhiNau kIdRgayaM manujaH|
2905010035	atha tU sindhupAraM gatvA gidErIyapradEza upatasthuH|
290502004e	naukAtO nirgatamAtrAd apavitrabhUtagrasta EkaH zmazAnAdEtya taM sAkSAc cakAra|
2905030042	sa zmazAnE'vAtsIt kOpi taM zRgkhalEna badvvA sthApayituM nAzaknOt|
2905040095	janairvAraM nigaPaiH zRgkhalaizca sa baddhOpi zRgkhalAnyAkRSya mOcitavAn nigaPAni ca bhaMktvA khaNPaM khaNPaM kRtavAn kOpi taM vazIkarttuM na zazaka|
2905050061	divAnizaM sadA parvvataM zmazAnanjca bhramitvA cItzabdaM kRtavAn grAvabhizca svayaM svaM kRtavAn|
2905060040	sa yIzuM dUrAt pazyannEva dhAvan taM praNanAma ucairuvaMzcOvAca,
2905070068	hE sarvvOparisthEzvaraputra yIzO bhavatA saha mE kaH sambandhaH? ahaM tvAmIzvarENa zApayE mAM mA yAtaya|
2905080045	yatO yIzustaM kathitavAn rE apavitrabhUta, asmAnnarAd bahirnirgaccha|
2905090056	atha sa taM pRSTavAn kintE nAma? tEna pratyuktaM vayamanEkE 'smastatO'smannAma bAhinI|
29050a002f	tatOsmAn dEzAnna prESayEti tE taM prArthayanta|
29050b0036	tadAnIM parvvataM nikaSA bRhan varAhavrajazcarannAsIt|
29050c0049	tasmAd bhUtA vinayEna jagaduH, amuM varAhavrajam Azrayitum asmAn prahiNu|
29050d00ae	yIzunAnujnjAtAstE'pavitrabhUtA bahirniryAya varAhavrajaM prAvizan tataH sarvvE varAhA vastutastu prAyOdvisahasrasaMgkhyakAH kaTakEna mahAjavAd dhAvantaH sindhau prANAn jahuH|
29050e007c	tasmAd varAhapAlakAH palAyamAnAH purE grAmE ca tadvArttaM kathayAnjcakruH| tadA lOkA ghaTitaM tatkAryyaM draSTuM bahirjagmuH
29050f007a	yIzOH sannidhiM gatvA taM bhUtagrastam arthAd bAhinIbhUtagrastaM naraM savastraM sacEtanaM samupaviSTanjca dRSTvA bibhyuH|
290510005c	tatO dRSTatatkAryyalOkAstasya bhUtagrastanarasya varAhavrajasyApi tAM dhaTanAM varNayAmAsuH|
2905110034	tatastE svasImAtO bahirgantuM yIzuM vinEtumArEbhirE|
290512004c	atha tasya naukArOhaNakAlE sa bhUtamuktO nA yIzunA saha sthAtuM prArthayatE;
290513008d	kintu sa tamananumatya kathitavAn tvaM nijAtmIyAnAM samIpaM gRhanjca gaccha prabhustvayi kRpAM kRtvA yAni karmmANi kRtavAn tAni tAn jnjApaya|
2905140082	ataH sa prasthAya yIzunA kRtaM tatsarvvAzcaryyaM karmma dikApalidEzE pracArayituM prArabdhavAn tataH sarvvE lOkA AzcaryyaM mEnirE|
290515006b	anantaraM yIzau nAvA punaranyapAra uttIrNE sindhutaTE ca tiSThati sati tatsamIpE bahulOkAnAM samAgamO'bhUt|
290516006d	aparaM yAyIr nAmnA kazcid bhajanagRhasyAdhipa Agatya taM dRSTvaiva caraNayOH patitvA bahu nivEdya kathitavAn;
2905170065	mama kanyA mRtaprAyAbhUd atO bhavAnEtya tadArOgyAya tasyA gAtrE hastam arpayatu tEnaiva sA jIviSyati|
290518004e	tadA yIzustEna saha calitaH kintu tatpazcAd bahulOkAzcalitvA tAdgAtrE patitAH|
2905190021	atha dvAdazavarSANi pradararOgENa
29051a0078	zIrNA cikitsakAnAM nAnAcikitsAbhizca duHkhaM bhuktavatI ca sarvvasvaM vyayitvApi nArOgyaM prAptA ca punarapi pIPitAsIcca
29051b0075	yA strI sA yIzO rvArttAM prApya manasAkathayat yadyahaM tasya vastramAtra spraSTuM labhEyaM tadA rOgahInA bhaviSyAmi|
29051c0043	atOhEtOH sA lOkAraNyamadhyE tatpazcAdAgatya tasya vastraM pasparza|
29051d0058	tEnaiva tatkSaNaM tasyA raktasrOtaH zuSkaM svayaM tasmAd rOgAnmuktA ityapi dEhE'nubhUtA|
29051e0077	atha svasmAt zakti rnirgatA yIzurEtanmanasA jnjAtvA lOkanivahaM prati mukhaM vyAvRtya pRSTavAn kEna madvastraM spRSTaM?
29051f006e	tatastasya ziSyA UcuH bhavatO vapuSi lOkAH saMgharSanti tad dRSTvA kEna madvastraM spRSTamiti kutaH kathayati?
2905200040	kintu kEna tat karmma kRtaM tad draSTuM yIzuzcaturdizO dRSTavAn|
290521008b	tataH sA strI bhItA kampitA ca satI svasyA rukpratikriyA jAtEti jnjAtvAgatya tatsammukhE patitvA sarvvavRttAntaM satyaM tasmai kathayAmAsa|
290522006f	tadAnIM yIzustAM gaditavAn, hE kanyE tava pratItistvAm arOgAmakarOt tvaM kSEmENa vraja svarOgAnmuktA ca tiSTha|
290523007d	itivAkyavadanakAlE bhajanagRhAdhipasya nivEzanAl lOkA EtyAdhipaM babhASirE tava kanyA mRtA tasmAd guruM punaH kutaH kliznAsi?
2905240059	kintu yIzustad vAkyaM zrutvaiva bhajanagRhAdhipaM gaditavAn mA bhaiSIH kEvalaM vizvAsihi|
2905250053	atha pitarO yAkUb tadbhrAtA yOhan ca EtAn vinA kamapi svapazcAd yAtuM nAnvamanyata|
2905260067	tasya bhajanagRhAdhipasya nivEzanasamIpam Agatya kalahaM bahurOdanaM vilApanjca kurvvatO lOkAn dadarza|
2905270068	tasmAn nivEzanaM pravizya prOktavAn yUyaM kuta itthaM kalahaM rOdananjca kurutha? kanyA na mRtA nidrAti|
2905280085	tasmAttE tamupajahasuH kintu yIzuH sarvvAna bahiSkRtya kanyAyAH pitarau svasagginazca gRhItvA yatra kanyAsIt tat sthAnaM praviSTavAn|
290529006c	atha sa tasyAH kanyAyA hastau dhRtvA tAM babhASE TAlIthA kUmI, arthatO hE kanyE tvamuttiSTha ityAjnjApayAmi|
29052a0066	tunaiva tatkSaNaM sA dvAdazavarSavayaskA kanyA pOtthAya calitumArEbhE, itaH sarvvE mahAvismayaM gatAH|
29052b0062	tata Etasyai kinjcit khAdyaM dattEti kathayitvA Etatkarmma kamapi na jnjApayatEti dRPhamAdiSTavAn|
290601004d	anantaraM sa tatsthAnAt prasthAya svapradEzamAgataH ziSyAzca tatpazcAd gatAH|
29060200ea	atha vizrAmavArE sati sa bhajanagRhE upadESTumArabdhavAn tatO'nEkE lOkAstatkathAM zrutvA vismitya jagaduH, asya manujasya IdRzI AzcaryyakriyA kasmAj jAtA? tathA svakarAbhyAm itthamadbhutaM karmma karttAm Etasmai kathaM jnjAnaM dattam?
2906030099	kimayaM mariyamaH putrastajnjA nO? kimayaM yAkUb-yOsi-yihudA-zimOnAM bhrAtA nO? asya bhaginyaH kimihAsmAbhiH saha nO? itthaM tE tadarthE pratyUhaM gatAH|
290604006e	tadA yIzustEbhyO'kathayat svadEzaM svakuTumbAn svaparijanAMzca vinA kutrApi bhaviSyadvAdI asatkRtO na bhavati|
2906050096	aparanjca tESAmapratyayAt sa vismitaH kiyatAM rOgiNAM vapuHSu hastam arpayitvA kEvalaM tESAmArOgyakaraNAd anyat kimapi citrakAryyaM karttAM na zaktaH|
2906060031	atha sa caturdikstha grAmAn bhramitvA upadiSTavAn
290607005c	dvAdazaziSyAn AhUya amEdhyabhUtAn vazIkarttAM zaktiM dattvA tESAM dvau dvau janO prESitavAn|
2906080071	punarityAdizad yUyam EkaikAM yaSTiM vinA vastrasaMpuTaH pUpaH kaTibandhE tAmrakhaNPanjca ESAM kimapi mA grahlIta,
2906090040	mArgayAtrAyai pAdESUpAnahau dattvA dvE uttarIyE mA paridhadvvaM|
29060a0080	aparamapyuktaM tEna yUyaM yasyAM puryyAM yasya nivEzanaM pravEkSyatha tAM purIM yAvanna tyakSyatha tAvat tannivEzanE sthAsyatha|
29060b0121	tatra yadi kEpi yuSmAkamAtithyaM na vidadhati yuSmAkaM kathAzca na zRNvanti tarhi tatsthAnAt prasthAnasamayE tESAM viruddhaM sAkSyaM dAtuM svapAdAnAsphAlya rajaH sampAtayata; ahaM yuSmAn yathArthaM vacmi vicAradinE tannagarasyAvasthAtaH sidOmAmOrayO rnagarayOravasthA sahyatarA bhaviSyati|
29060c003f	atha tE gatvA lOkAnAM manaHparAvarttanIH kathA pracAritavantaH|
29060d0055	EvamanEkAn bhUtAMzca tyAjitavantastathA tailEna marddayitvA bahUn janAnarOgAnakArSuH|
29060e009f	itthaM tasya sukhyAtizcaturdizO vyAptA tadA hErOd rAjA tannizamya kathitavAn, yOhan majjakaH zmazAnAd utthita atOhEtOstEna sarvvA EtA adbhutakriyAH prakAzantE|
29060f0064	anyE'kathayan ayam EliyaH, kEpi kathitavanta ESa bhaviSyadvAdI yadvA bhaviSyadvAdinAM sadRza EkOyam|
2906100061	kintu hErOd ityAkarNya bhASitavAn yasyAhaM zirazchinnavAn sa Eva yOhanayaM sa zmazAnAdudatiSThat|
2906110066	pUrvvaM svabhrAtuH philipasya patnyA udvAhaM kRtavantaM hErOdaM yOhanavAdIt svabhAtRvadhU rna vivAhyA|
2906120048	ataH kAraNAt hErOd lOkaM prahitya yOhanaM dhRtvA bandhanAlayE baddhavAn|
2906130042	hErOdiyA tasmai yOhanE prakupya taM hantum aicchat kintu na zaktA,
290614009f	yasmAd hErOd taM dhArmmikaM satpuruSanjca jnjAtvA sammanya rakSitavAn; tatkathAM zrutvA tadanusArENa bahUni karmmANi kRtavAn hRSTamanAstadupadEzaM zrutavAMzca|
2906150079	kintu hErOd yadA svajanmadinE pradhAnalOkEbhyaH sEnAnIbhyazca gAlIlpradEzIyazrESThalOkEbhyazca rAtrau bhOjyamEkaM kRtavAn
29061600ae	tasmin zubhadinE hErOdiyAyAH kanyA samEtya tESAM samakSaM saMnRtya hErOdastEna sahOpaviSTAnAnjca tOSamajIjanat tatA nRpaH kanyAmAha sma mattO yad yAcasE tadEva tubhyaM dAsyE|
2906170046	zapathaM kRtvAkathayat cEd rAjyArddhamapi yAcasE tadapi tubhyaM dAsyE|
2906180063	tataH sA bahi rgatvA svamAtaraM papraccha kimahaM yAciSyE? tadA sAkathayat yOhanO majjakasya ziraH|
2906190070	atha tUrNaM bhUpasamIpam Etya yAcamAnAvadat kSaNEsmin yOhanO majjakasya ziraH pAtrE nidhAya dEhi, Etad yAcE'haM|
29061a0063	tasmAt bhUpO'tiduHkhitaH, tathApi svazapathasya sahabhOjinAnjcAnurOdhAt tadanaggIkarttuM na zaktaH|
29061b003a	tatkSaNaM rAjA ghAtakaM prESya tasya zira AnEtumAdiSTavAn|
29061c006c	tataH sa kArAgAraM gatvA tacchirazchitvA pAtrE nidhAyAnIya tasyai kanyAyai dattavAn kanyA ca svamAtrE dadau|
29061d0050	ananataraM yOhanaH ziSyAstadvArttAM prApyAgatya tasya kuNapaM zmazAnE'sthApayan|
29061e0067	atha prESitA yIzOH sannidhau militA yad yac cakruH zikSayAmAsuzca tatsarvvavArttAstasmai kathitavantaH|
29061f0076	sa tAnuvAca yUyaM vijanasthAnaM gatvA vizrAmyata yatastatsannidhau bahulOkAnAM samAgamAt tE bhOktuM nAvakAzaM prAptAH|
2906200029	tatastE nAvA vijanasthAnaM guptaM gagmuH|
290621008b	tatO lOkanivahastESAM sthAnAntarayAnaM dadarza, anEkE taM paricitya nAnApurEbhyaH padairvrajitvA javEna taiSAmagrE yIzOH samIpa upatasthuH|
2906220086	tadA yIzu rnAvO bahirgatya lOkAraNyAnIM dRSTvA tESu karuNAM kRtavAn yatastE'rakSakamESA ivAsan tadA sa tAna nAnAprasaggAn upadiSTavAn|
290623004d	atha divAntE sati ziSyA Etya yIzumUcirE, idaM vijanasthAnaM dinanjcAvasannaM|
2906240068	lOkAnAM kimapi khAdyaM nAsti, atazcaturdikSu grAmAn gantuM bhOjyadravyANi krEtunjca bhavAn tAn visRjatu|
2906250087	tadA sa tAnuvAca yUyamEva tAn bhOjayata; tatastE jagadu rvayaM gatvA dvizatasaMkhyakai rmudrApAdaiH pUpAn krItvA kiM tAn bhOjayiSyAmaH?
2906260084	tadA sa tAn pRSThavAn yuSmAkaM sannidhau kati pUpA AsatE? gatvA pazyata; tatastE dRSTvA tamavadan panjca pUpA dvau matsyau ca santi|
2906270039	tadA sa lOkAn zaspOpari paMktibhirupavEzayitum AdiSTavAn,
2906280054	tatastE zataM zataM janAH panjcAzat panjcAzajjanAzca paMktibhi rbhuvi samupavivizuH|
29062900c2	atha sa tAn panjcapUpAn matsyadvayanjca dhRtvA svargaM pazyan IzvaraguNAn anvakIrttayat tAn pUpAn bhaMktvA lOkEbhyaH parivESayituM ziSyEbhyO dattavAn dvA matsyau ca vibhajya sarvvEbhyO dattavAn|
29062a001b	tataH sarvvE bhuktvAtRpyan|
29062b004d	anantaraM ziSyA avaziSTaiH pUpai rmatsyaizca pUrNAn dvadaza PallakAn jagRhuH|
29062c0031	tE bhOktAraH prAyaH panjca sahasrANi puruSA Asan|
29062d0066	atha sa lOkAn visRjannEva nAvamArOPhuM svasmAdagrE pArE baitsaidApuraM yAtunjca zSyin vAPhamAdiSTavAn|
29062e0035	tadA sa sarvvAn visRjya prArthayituM parvvataM gataH|
29062f0052	tataH sandhyAyAM satyAM nauH sindhumadhya upasthitA kintu sa EkAkI sthalE sthitaH|
290630009f	atha sammukhavAtavahanAt ziSyA nAvaM vAhayitvA parizrAntA iti jnjAtvA sa nizAcaturthayAmE sindhUpari padbhyAM vrajan tESAM samIpamEtya tESAmagrE yAtum udyataH|
2906310043	kintu ziSyAH sindhUpari taM vrajantaM dRSTvA bhUtamanumAya ruruvuH,
2906320079	yataH sarvvE taM dRSTvA vyAkulitAH| ataEva yIzustatkSaNaM taiH sahAlapya kathitavAn, susthirA bhUta, ayamahaM mA bhaiSTa|
2906330067	atha naukAmAruhya tasmin tESAM sannidhiM gatE vAtO nivRttaH; tasmAttE manaHsu vismitA AzcaryyaM mEnirE|
2906340048	yatastE manasAM kAThinyAt tat pUpIyam AzcaryyaM karmma na viviktavantaH|
290635003a	atha tE pAraM gatvA ginESaratpradEzamEtya taTa upasthitAH|
2906360038	tESu naukAtO bahirgatESu tatpradEzIyA lOkAstaM paricitya
290637008e	caturdikSu dhAvantO yatra yatra rOgiNO narA Asan tAn sarvvAna khaTvOpari nidhAya yatra kutracit tadvArttAM prApuH tat sthAnam AnEtum ArEbhirE|
29063800f1	tathA yatra yatra grAmE yatra yatra purE yatra yatra pallyAnjca tEna pravEzaH kRtastadvartmamadhyE lOkAH pIPitAn sthApayitvA tasya cElagranthimAtraM spraSTum tESAmarthE tadanujnjAM prArthayantaH yAvantO lOkAH paspRzustAvanta Eva gadAnmuktAH|
2907010047	anantaraM yirUzAlama AgatAH phirUzinO'dhyApakAzca yIzOH samIpam AgatAH|
290702005b	tE tasya kiyataH ziSyAn azucikarairarthAda aprakSAlitahastai rbhunjjatO dRSTvA tAnadUSayan|
2907030070	yataH phirUzinaH sarvvayihUdIyAzca prAcAM paramparAgatavAkyaM sammanya pratalEna hastAn aprakSAlya na bhunjjatE|
2907040099	ApanAdAgatya majjanaM vinA na khAdanti; tathA pAnapAtrANAM jalapAtrANAM pittalapAtrANAm AsanAnAnjca jalE majjanam ityAdayOnyEpi bahavastESAmAcArAH santi|
2907050082	tE phirUzinO'dhyApakAzca yIzuM papracchuH, tava ziSyAH prAcAM paramparAgatavAkyAnusArENa nAcarantO'prakSAlitakaraiH kutO bhujaMtE?
29070600b3	tataH sa pratyuvAca kapaTinO yuSmAn uddizya yizayiyabhaviSyadvAdI yuktamavAdIt| yathA svakIyairadharairEtE sammanyanatE sadaiva mAM| kintu mattO viprakarSE santi tESAM manAMsi ca|
2907070033	zikSayantO bidhIn nnAjnjA bhajantE mAM mudhaiva tE|
290708008e	yUyaM jalapAtrapAnapAtrAdIni majjayantO manujaparamparAgatavAkyaM rakSatha kintu IzvarAjnjAM laMghadhvE; aparA IdRzyOnEkAH kriyA api kurudhvE|
290709005e	anyanjcAkathayat yUyaM svaparamparAgatavAkyasya rakSArthaM spaSTarUpENa IzvarAjnjAM lOpayatha|
29070a0073	yatO mUsAdvArA prOktamasti svapitarau sammanyadhvaM yastu mAtaraM pitaraM vA durvvAkyaM vakti sa nitAntaM hanyatAM|
29070b0083	kintu madIyEna yEna dravyENa tavOpakArObhavat tat karbbANamarthAd IzvarAya nivEditam idaM vAkyaM yadi kOpi pitaraM mAtaraM vA vakti
29070c0038	tarhi yUyaM mAtuH pitu rvOpakAraM karttAM taM vArayatha|
29070d0072	itthaM svapracAritaparamparAgatavAkyEna yUyam IzvarAjnjAM mudhA vidhadvvE, IdRzAnyanyAnyanEkAni karmmANi kurudhvE|
29070e0048	atha sa lOkAnAhUya babhASE yUyaM sarvvE madvAkyaM zRNuta budhyadhvanjca|
29070f008d	bAhyAdantaraM pravizya naramamEdhyaM karttAM zaknOti IdRzaM kimapi vastu nAsti, varam antarAd bahirgataM yadvastu tanmanujam amEdhyaM karOti|
2907100023	yasya zrOtuM zrOtrE staH sa zRNOtu|
2907110055	tataH sa lOkAn hitvA gRhamadhyaM praviSTastadA ziSyAstadRSTAntavAkyArthaM papracchuH|
2907120094	tasmAt sa tAn jagAda yUyamapi kimEtAdRgabOdhAH? kimapi dravyaM bAhyAdantaraM pravizya naramamEdhyaM karttAM na zaknOti kathAmimAM kiM na budhyadhvE?
2907130066	tat tadantarna pravizati kintu kukSimadhyaM pravizati zESE sarvvabhuktavastugrAhiNi bahirdEzE niryAti|
290714003b	aparamapyavAdId yannarAnnirEti tadEva naramamEdhyaM karOti|
2907150043	yatO'ntarAd arthAn mAnavAnAM manObhyaH kucintA parastrIvEzyAgamanaM
290716006c	naravadhazcauryyaM lObhO duSTatA pravanjcanA kAmukatA kudRSTirIzvaranindA garvvastama ityAdIni nirgacchanti|
290717003b	EtAni sarvvANi duritAnyantarAdEtya naramamEdhyaM kurvvanti|
290718009c	atha sa utthAya tatsthAnAt sOrasIdOnpurapradEzaM jagAma tatra kimapi nivEzanaM pravizya sarvvairajnjAtaH sthAtuM matinjcakrE kintu guptaH sthAtuM na zazAka|
2907190086	yataH suraphainikIdEzIyayUnAnIvaMzOdbhavastriyAH kanyA bhUtagrastAsIt| sA strI tadvArttAM prApya tatsamIpamAgatya taccaraNayOH patitvA
29071a0036	svakanyAtO bhUtaM nirAkarttAM tasmin vinayaM kRtavatI|
29071b006a	kintu yIzustAmavadat prathamaM bAlakAstRpyantu yatO bAlakAnAM khAdyaM gRhItvA kukkurEbhyO nikSEpO'nucitaH|
29071c007b	tadA sA strI tamavAdIt bhOH prabhO tat satyaM tathApi manjcAdhaHsthAH kukkurA bAlAnAM karapatitAni khAdyakhaNPAni khAdanti|
29071d004f	tataH sO'kathayad EtatkathAhEtOH sakuzalA yAhi tava kanyAM tyaktvA bhUtO gataH|
29071e0042	atha sA strI gRhaM gatvA kanyAM bhUtatyaktAM zayyAsthitAM dadarza|
29071f0069	punazca sa sOrasIdOnpurapradEzAt prasthAya dikApalidEzasya prAntarabhAgEna gAlIljaladhEH samIpaM gatavAn|
2907200065	tadA lOkairEkaM badhiraM kadvadanjca naraM tannikaTamAnIya tasya gAtrE hastamarpayituM vinayaH kRtaH|
2907210069	tatO yIzu rlOkAraNyAt taM nirjanamAnIya tasya karNayOggulI rdadau niSThIvaM dattvA ca tajjihvAM pasparza|
2907220054	anantaraM svargaM nirIkSya dIrghaM nizvasya tamavadat itaphataH arthAn muktO bhUyAt|
2907230056	tatastatkSaNaM tasya karNau muktau jihvAyAzca jAPyApagamAt sa suspaSTavAkyamakathayat|
290724007e	atha sa tAn vAPhamityAdidEza yUyamimAM kathAM kasmaicidapi mA kathayata, kintu sa yati nyaSEdhat tE tati bAhulyEna prAcArayan;
2907250083	tE'ticamatkRtya parasparaM kathayAmAsuH sa badhirAya zravaNazaktiM mUkAya ca kathanazaktiM dattvA sarvvaM karmmOttamarUpENa cakAra|
290801005a	tadA tatsamIpaM bahavO lOkA AyAtA atastESAM bhOjyadravyAbhAvAd yIzuH ziSyAnAhUya jagAda, |
2908020059	lOkanivahE mama kRpA jAyatE tE dinatrayaM mayA sArddhaM santi tESAM bhOjyaM kimapi nAsti|
290803005f	tESAM madhyE'nEkE dUrAd AgatAH, abhuktESu tESu mayA svagRhamabhiprahitESu tE pathi klamiSyanti|
2908040052	ziSyA avAdiSuH, EtAvatO lOkAn tarpayitum atra prantarE pUpAn prAptuM kEna zakyatE?
2908050044	tataH sa tAn papraccha yuSmAkaM kati pUpAH santi? tE'kathayan sapta|
29080600ad	tataH sa tAllOkAn bhuvi samupavESTum Adizya tAn sapta pUpAn dhRtvA IzvaraguNAn anukIrttayAmAsa, bhaMktvA parivESayituM ziSyAn prati dadau, tatastE lOkEbhyaH parivESayAmAsuH|
2908070062	tathA tESAM samIpE yE kSudramatsyA Asan tAnapyAdAya IzvaraguNAn saMkIrtya parivESayitum AdiSTavAn|
290808004d	tatO lOkA bhuktvA tRptiM gatA avaziSTakhAdyaiH pUrNAH saptaPallakA gRhItAzca|
2908090044	EtE bhOktAraH prAyazcatuH sahasrapuruSA Asan tataH sa tAn visasarja|
29080a0036	atha sa ziSyaH saha nAvamAruhya dalmAnUthAsImAmAgataH|
29080b0068	tataH paraM phirUzina Agatya tEna saha vivadamAnAstasya parIkSArtham AkAzIyacihnaM draSTuM yAcitavantaH|
29080c0096	tadA sO'ntardIrghaM nizvasyAkathayat, EtE vidyamAnanarAH kutazcinhaM mRgayantE? yuSmAnahaM yathArthaM bravImi lOkAnEtAn kimapi cihnaM na darzayiSyatE|
29080d002c	atha tAn hitvA puna rnAvam Aruhya pAramagAt|
29080e0049	Etarhi ziSyaiH pUpESu vismRtESu nAvi tESAM sannidhau pUpa EkaEva sthitaH|
29080f005b	tadAnIM yIzustAn AdiSTavAn phirUzinAM hErOdazca kiNvaM prati satarkAH sAvadhAnAzca bhavata|
290810005e	tatastE'nyOnyaM vivEcanaM kartum ArEbhirE, asmAkaM sannidhau pUpO nAstIti hEtOridaM kathayati|
29081100bf	tad budvvA yIzustEbhyO'kathayat yuSmAkaM sthAnE pUpAbhAvAt kuta itthaM vitarkayatha? yUyaM kimadyApi kimapi na jAnItha? bOddhunjca na zaknutha? yAvadadya kiM yuSmAkaM manAMsi kaThinAni santi?
290812004c	satsu nEtrESu kiM na pazyatha? satsu karNESu kiM na zRNutha? na smaratha ca?
29081300a4	yadAhaM panjcapUpAn panjcasahasrANAM puruSANAM madhyE bhaMktvA dattavAn tadAnIM yUyam avaziSTapUpaiH pUrNAn kati PallakAn gRhItavantaH? tE'kathayan dvAdazaPallakAn|
2908140099	aparanjca yadA catuHsahasrANAM puruSANAM madhyE pUpAn bhaMktvAdadAM tadA yUyam atiriktapUpAnAM kati PallakAn gRhItavantaH? tE kathayAmAsuH saptaPallakAn|
2908150041	tadA sa kathitavAn tarhi yUyam adhunApi kutO bOdvvuM na zaknutha?
2908160072	anantaraM tasmin baitsaidAnagarE prAptE lOkA andhamEkaM naraM tatsamIpamAnIya taM spraSTuM taM prArthayAnjcakrirE|
2908170091	tadA tasyAndhasya karau gRhItvA nagarAd bahirdEzaM taM nItavAn; tannEtrE niSThIvaM dattvA tadgAtrE hastAvarpayitvA taM papraccha, kimapi pazyasi?
290818003b	sa nEtrE unmIlya jagAda, vRkSavat manujAn gacchatO nirIkSE|
2908190083	tatO yIzuH punastasya nayanayO rhastAvarpayitvA tasya nEtrE unmIlayAmAsa; tasmAt sa svasthO bhUtvA spaSTarUpaM sarvvalOkAn dadarza|
29081a007a	tataH paraM tvaM grAmaM mA gaccha grAmasthaM kamapi ca kimapyanuktvA nijagRhaM yAhItyAdizya yIzustaM nijagRhaM prahitavAn|
29081b0075	anantaraM ziSyaiH sahitO yIzuH kaisarIyAphilipipuraM jagAma, pathi gacchan tAnapRcchat kO'ham atra lOkAH kiM vadanti?
29081c0081	tE pratyUcuH tvAM yOhanaM majjakaM vadanti kintu kEpi kEpi EliyaM vadanti; aparE kEpi kEpi bhaviSyadvAdinAm EkO jana iti vadanti|
29081d006c	atha sa tAnapRcchat kintu kOham? ityatra yUyaM kiM vadatha? tadA pitaraH pratyavadat bhavAn abhiSiktastrAtA|
29081e0045	tataH sa tAn gAPhamAdizad yUyaM mama kathA kasmaicidapi mA kathayata|
29081f00c7	manuSyaputrENAvazyaM bahavO yAtanA bhOktavyAH prAcInalOkaiH pradhAnayAjakairadhyApakaizca sa ninditaH san ghAtayiSyatE tRtIyadinE utthAsyati ca, yIzuH ziSyAnupadESTumArabhya kathAmimAM spaSTamAcaSTa|
2908200032	tasmAt pitarastasya hastau dhRtvA taM tarjjitavAn|
2908210093	kintu sa mukhaM parAvartya ziSyagaNaM nirIkSya pitaraM tarjayitvAvAdId dUrIbhava vighnakArin IzvarIyakAryyAdapi manuSyakAryyaM tubhyaM rOcatatarAM|
2908220079	atha sa lOkAn ziSyAMzcAhUya jagAda yaH kazcin mAmanugantum icchati sa AtmAnaM dAmyatu, svakruzaM gRhItvA matpazcAd AyAtu|
290823008d	yatO yaH kazcit svaprANaM rakSitumicchati sa taM hArayiSyati, kintu yaH kazcin madarthaM susaMvAdArthanjca prANaM hArayati sa taM rakSiSyati|
2908240055	aparanjca manujaH sarvvaM jagat prApya yadi svaprANaM hArayati tarhi tasya kO lAbhaH?
290825002b	naraH svaprANavinimayEna kiM dAtuM zaknOti?
29082600c5	EtESAM vyabhicAriNAM pApinAnjca lOkAnAM sAkSAd yadi kOpi mAM matkathAnjca lajjAspadaM jAnAti tarhi manujaputrO yadA dharmmadUtaiH saha pituH prabhAvENAgamiSyati tadA sOpi taM lajjAspadaM jnjAsyati|
29090100a9	atha sa tAnavAdIt yuSmabhyamahaM yathArthaM kathayAmi, IzvararAjyaM parAkramENOpasthitaM na dRSTvA mRtyuM nAsvAdiSyantE, atra daNPAyamAnAnAM madhyEpi tAdRzA lOkAH santi|
2909020088	atha SaPdinEbhyaH paraM yIzuH pitaraM yAkUbaM yOhananjca gRhItvA girEruccasya nirjanasthAnaM gatvA tESAM pratyakSE mUrtyantaraM dadhAra|
2909030072	tatastasya paridhEyam IdRzam ujjvalahimapANaParaM jAtaM yad jagati kOpi rajakO na tAdRk pANaParaM karttAM zaknOti|
2909040054	aparanjca EliyO mUsAzca tEbhyO darzanaM dattvA yIzunA saha kathanaM karttumArEbhAtE|
2909050090	tadA pitarO yIzumavAdIt hE gurO'smAkamatra sthitiruttamA, tataEva vayaM tvatkRtE EkAM mUsAkRtE EkAm EliyakRtE caikAM, EtAstisraH kuTI rnirmmAma|
2909060047	kintu sa yaduktavAn tat svayaM na bubudhE tataH sarvvE bibhayAnjcakruH|
2909070074	Etarhi payOdastAn chAdayAmAsa, mamayAM priyaH putraH kathAsu tasya manAMsi nivEzayatEti nabhOvANI tanmEdyAnniryayau|
290908004a	atha haThAttE caturdizO dRSTvA yIzuM vinA svaiH sahitaM kamapi na dadRzuH|
29090900a3	tataH paraM girEravarOhaNakAlE sa tAn gAPham dUtyAdidEza yAvannarasUnOH zmazAnAdutthAnaM na bhavati, tAvat darzanasyAsya vArttA yuSmAbhiH kasmaicidapi na vaktavyA|
29090a0053	tadA zmazAnAdutthAnasya kObhiprAya iti vicAryya tE tadvAkyaM svESu gOpAyAnjcakrirE|
29090b0054	atha tE yIzuM papracchuH prathamata EliyEnAgantavyam iti vAkyaM kuta upAdhyAyA AhuH?
29090c008e	tadA sa pratyuvAca, EliyaH prathamamEtya sarvvakAryyANi sAdhayiSyati; naraputrE ca lipi ryathAstE tathaiva sOpi bahuduHkhaM prApyAvajnjAsyatE|
29090d0077	kintvahaM yuSmAn vadAmi, EliyArthE lipi ryathAstE tathaiva sa Etya yayau, lOkA: svEcchAnurUpaM tamabhivyavaharanti sma|
29090e0067	anantaraM sa ziSyasamIpamEtya tESAM catuHpArzvE taiH saha bahujanAn vivadamAnAn adhyApakAMzca dRSTavAn;
29090f004b	kintu sarvvalOkAstaM dRSTvaiva camatkRtya tadAsannaM dhAvantastaM praNEmuH|
290910003d	tadA yIzuradhyApakAnaprAkSId EtaiH saha yUyaM kiM vivadadhvE?
2909110061	tatO lOkAnAM kazcidEkaH pratyavAdIt hE gurO mama sUnuM mUkaM bhUtadhRtanjca bhavadAsannam AnayaM|
29091200b4	yadAsau bhUtastamAkramatE tadaiva pAtasati tathA sa phENAyatE, dantairdantAn gharSati kSINO bhavati ca; tatO hEtOstaM bhUtaM tyAjayituM bhavacchiSyAn nivEditavAn kintu tE na zEkuH|
2909130091	tadA sa tamavAdIt, rE avizvAsinaH santAnA yuSmAbhiH saha kati kAlAnahaM sthAsyAmi? aparAn kati kAlAn vA va AcArAn sahiSyE? taM madAsannamAnayata|
2909140072	tatastatsannidhiM sa AnIyata kintu taM dRSTvaiva bhUtO bAlakaM dhRtavAn; sa ca bhUmau patitvA phENAyamAnO lulOTha|
2909150058	tadA sa tatpitaraM papraccha, asyEdRzI dazA kati dinAni bhUtA? tataH sOvAdIt bAlyakAlAt|
2909160084	bhUtOyaM taM nAzayituM bahuvArAn vahnau jalE ca nyakSipat kintu yadi bhavAna kimapi karttAM zaknOti tarhi dayAM kRtvAsmAn upakarOtu|
2909170053	tadA yIzustamavadat yadi pratyEtuM zaknOSi tarhi pratyayinE janAya sarvvaM sAdhyam|
290918006c	tatastatkSaNaM tadbAlakasya pitA prOccai rUvan sAzrunEtraH prOvAca, prabhO pratyEmi mamApratyayaM pratikuru|
29091900a9	atha yIzu rlOkasagghaM dhAvitvAyAntaM dRSTvA tamapUtabhUtaM tarjayitvA jagAda, rE badhira mUka bhUta tvamEtasmAd bahirbhava punaH kadApi mAzrayainaM tvAmaham ityAdizAmi|
29091a0078	tadA sa bhUtazcItzabdaM kRtvA tamApIPya bahirjajAma, tatO bAlakO mRtakalpO babhUva tasmAdayaM mRtaityanEkE kathayAmAsuH|
29091b0030	kintu karaM dhRtvA yIzunOtthApitaH sa uttasthau|
29091c0062	atha yIzau gRhaM praviSTE ziSyA guptaM taM papracchuH, vayamEnaM bhUtaM tyAjayituM kutO na zaktAH?
29091d0058	sa uvAca, prArthanOpavAsau vinA kEnApyanyEna karmmaNA bhUtamIdRzaM tyAjayituM na zakyaM|
29091e0057	anantaraM sa tatsthAnAditvA gAlIlmadhyEna yayau, kintu tat kOpi jAnIyAditi sa naicchat|
29091f008a	aparanjca sa ziSyAnupadizan babhASE, naraputrO narahastESu samarpayiSyatE tE ca taM haniSyanti taistasmin hatE tRtIyadinE sa utthAsyatIti|
2909200032	kintu tatkathAM tE nAbudhyanta praSTunjca bibhyaH|
290921006e	atha yIzuH kapharnAhUmpuramAgatya madhyEgRhanjcEtya tAnapRcchad vartmamadhyE yUyamanyOnyaM kiM vivadadhvE sma?
2909220054	kintu tE niruttarAstasthu ryasmAttESAM kO mukhya iti vartmAni tE'nyOnyaM vyavadanta|
2909230081	tataH sa upavizya dvAdazaziSyAn AhUya babhASE yaH kazcit mukhyO bhavitumicchati sa sarvvEbhyO gauNaH sarvvESAM sEvakazca bhavatu|
290924004f	tadA sa bAlakamEkaM gRhItvA madhyE samupAvEzayat tatastaM krOPE kRtvA tAnavAdAt
29092500a8	yaH kazcidIdRzasya kasyApi bAlasyAtithyaM karOti sa mamAtithyaM karOti; yaH kazcinmamAtithyaM karOti sa kEvalam mamAtithyaM karOti tanna matprErakasyApyAtithyaM karOti|
2909260090	atha yOhan tamabravIt hE gurO, asmAkamananugAminam EkaM tvAnnAmnA bhUtAn tyAjayantaM vayaM dRSTavantaH, asmAkamapazcAdgAmitvAcca taM nyaSEdhAma|
2909270073	kintu yIzuravadat taM mA niSEdhat, yatO yaH kazcin mannAmnA citraM karmma karOti sa sahasA mAM nindituM na zaknOti|
2909280047	tathA yaH kazcid yuSmAkaM vipakSatAM na karOti sa yuSmAkamEva sapakSaH|
2909290091	yaH kazcid yuSmAn khrISTaziSyAn jnjAtvA mannAmnA kaMsaikEna pAnIyaM pAtuM dadAti, yuSmAnahaM yathArthaM vacmi, sa phalEna vanjcitO na bhaviSyati|
29092a00ad	kintu yadi kazcin mayi vizvAsinAmESAM kSudraprANinAm EkasyApi vighnaM janayati, tarhi tasyaitatkarmma karaNAt kaNThabaddhapESaNIkasya tasya sAgarAgAdhajala majjanaM bhadraM|
29092b0031	ataH svakarO yadi tvAM bAdhatE tarhi taM chindhi;
29092c008e	yasmAt yatra kITA na mriyantE vahnizca na nirvvAti, tasmin anirvvANAnalanarakE karadvayavastava gamanAt karahInasya svargapravEzastava kSEmaM|
29092d0032	yadi tava pAdO vighnaM janayati tarhi taM chindhi,
29092e0090	yatO yatra kITA na mriyantE vahnizca na nirvvAti, tasmin 'nirvvANavahnau narakE dvipAdavatastava nikSEpAt pAdahInasya svargapravEzastava kSEmaM|
29092f0063	svanEtraM yadi tvAM bAdhatE tarhi tadapyutpATaya, yatO yatra kITA na mriyantE vahnizca na nirvvAti,
2909300066	tasmina 'nirvvANavahnau narakE dvinEtrasya tava nikSEpAd EkanEtravata IzvararAjyE pravEzastava kSEmaM|
2909310059	yathA sarvvO bali rlavaNAktaH kriyatE tathA sarvvO janO vahnirUpENa lavaNAktaH kAriSyatE|
290932008e	lavaNaM bhadraM kintu yadi lavaNE svAdutA na tiSThati, tarhi katham AsvAdyuktaM kariSyatha? yUyaM lavaNayuktA bhavata parasparaM prEma kuruta|
290a0100a0	anantaraM sa tatsthAnAt prasthAya yarddananadyAH pArE yihUdApradEza upasthitavAn, tatra tadantikE lOkAnAM samAgamE jAtE sa nijarItyanusArENa punastAn upadidEza|
290a02005a	tadA phirUzinastatsamIpam Etya taM parIkSituM papracchaH svajAyA manujAnAM tyajyA na vEti?
290a030042	tataH sa pratyavAdIt, atra kAryyE mUsA yuSmAn prati kimAjnjApayat?
290a040041	ta UcuH tyAgapatraM lEkhituM svapatnIM tyaktunjca mUsA'numanyatE|
290a050051	tadA yIzuH pratyuvAca, yuSmAkaM manasAM kAThinyAddhEtO rmUsA nidEzamimam alikhat|
290a06003e	kintu sRSTErAdau IzvarO narAn puMrUpENa strIrUpENa ca sasarja|
290a07004d	"tataH kAraNAt pumAn pitaraM mAtaranjca tyaktvA svajAyAyAm AsaktO bhaviSyati,
290a08004a	tau dvAv EkAggau bhaviSyataH|" tasmAt tatkAlamArabhya tau na dvAv EkAggau|
290a09003a	ataH kAraNAd IzvarO yadayOjayat kOpi narastanna viyEjayEt|
290a0a0044	atha yIzu rgRhaM praviSTastadA ziSyAH punastatkathAM taM papracchuH|
290a0b0073	tataH sOvadat kazcid yadi svabhAryyAM tyaktavAnyAm udvahati tarhi sa svabhAryyAyAH prAtikUlyEna vyabhicArI bhavati|
290a0c0057	kAcinnArI yadi svapatiM hitvAnyapuMsA vivAhitA bhavati tarhi sApi vyabhicAriNI bhavati|
290a0d006e	atha sa yathA zizUn spRzEt, tadarthaM lOkaistadantikaM zizava AnIyanta, kintu ziSyAstAnAnItavatastarjayAmAsuH|
290a0e006a	yIzustad dRSTvA krudhyan jagAda, mannikaTam AgantuM zizUn mA vArayata, yata EtAdRzA IzvararAjyAdhikAriNaH|
290a0f007c	yuSmAnahaM yathArthaM vacmi, yaH kazcit zizuvad bhUtvA rAjyamIzvarasya na gRhlIyAt sa kadApi tadrAjyaM pravESTuM na zaknOti|
290a100049	ananataraM sa zizUnagkE nidhAya tESAM gAtrESu hastau dattvAziSaM babhASE|
290a110094	atha sa vartmanA yAti, Etarhi jana EkO dhAvan Agatya tatsammukhE jAnunI pAtayitvA pRSTavAn, bhOH paramagurO, anantAyuH prAptayE mayA kiM karttavyaM?
290a12004c	tadA yIzuruvAca, mAM paramaM kutO vadasi? vinEzvaraM kOpi paramO na bhavati|
290a13008f	parastrIM nAbhigaccha; naraM mA ghAtaya; stEyaM mA kuru; mRSAsAkSyaM mA dEhi; hiMsAnjca mA kuru; pitarau sammanyasva; nidEzA EtE tvayA jnjAtAH|
290a140041	tatastana pratyuktaM, hE gurO bAlyakAlAdahaM sarvvAnEtAn AcarAmi|
290a1500c2	tadA yIzustaM vilOkya snEhEna babhASE, tavaikasyAbhAva AstE; tvaM gatvA sarvvasvaM vikrIya daridrEbhyO vizrANaya, tataH svargE dhanaM prApsyasi; tataH param Etya kruzaM vahan madanuvarttI bhava|
290a160058	kintu tasya bahusampadvidyamAnatvAt sa imAM kathAmAkarNya viSaNO duHkhitazca san jagAma|
290a17005c	atha yIzuzcaturdizO nirIkSya ziSyAn avAdIt, dhanilOkAnAm IzvararAjyapravEzaH kIdRg duSkaraH|
290a18007f	tasya kathAtaH ziSyAzcamaccakruH, kintu sa punaravadat, hE bAlakA yE dhanE vizvasanti tESAm IzvararAjyapravEzaH kIdRg duSkaraH|
290a19004d	IzvararAjyE dhaninAM pravEzAt sUcirandhrENa mahAggasya gamanAgamanaM sukaraM|
290a1a0052	tadA ziSyA atIva vismitAH parasparaM prOcuH, tarhi kaH paritrANaM prAptuM zaknOti?
290a1b0068	tatO yIzustAn vilOkya babhASE, tan narasyAsAdhyaM kintu nEzvarasya, yatO hEtOrIzvarasya sarvvaM sAdhyam|
290a1c0048	tadA pitara uvAca, pazya vayaM sarvvaM parityajya bhavatOnugAminO jAtAH|
290a1d00a5	tatO yIzuH pratyavadat, yuSmAnahaM yathArthaM vadAmi, madarthaM susaMvAdArthaM vA yO janaH sadanaM bhrAtaraM bhaginIM pitaraM mAtaraM jAyAM santAnAn bhUmi vA tyaktvA
290a1e006b	gRhabhrAtRbhaginIpitRmAtRpatnIsantAnabhUmInAmiha zataguNAn prEtyAnantAyuzca na prApnOti tAdRzaH kOpi nAsti|
290a1f0043	kintvagrIyA anEkE lOkAH zESAH, zESIyA anEkE lOkAzcAgrA bhaviSyanti|
290a2000c9	atha yirUzAlamyAnakAlE yIzustESAm agragAmI babhUva, tasmAttE citraM jnjAtvA pazcAdgAminO bhUtvA bibhyuH| tadA sa puna rdvAdazaziSyAn gRhItvA svIyaM yadyad ghaTiSyatE tattat tEbhyaH kathayituM prArEbhE;
290a2100ba	pazyata vayaM yirUzAlampuraM yAmaH, tatra manuSyaputraH pradhAnayAjakAnAm upAdhyAyAnAnjca karESu samarpayiSyatE; tE ca vadhadaNPAjnjAM dApayitvA paradEzIyAnAM karESu taM samarpayiSyanti|
290a22006d	tE tamupahasya kazayA prahRtya tadvapuSi niSThIvaM nikSipya taM haniSyanti, tataH sa tRtIyadinE prOtthAsyati|
290a23008c	tataH sivadEH putrau yAkUbyOhanau tadantikam Etya prOcatuH, hE gurO yad AvAbhyAM yAciSyatE tadasmadarthaM bhavAn karOtu nivEdanamidamAvayOH|
290a240049	tataH sa kathitavAn, yuvAM kimicchathaH? kiM mayA yuSmadarthaM karaNIyaM?
290a250066	tadA tau prOcatuH, AvayOrEkaM dakSiNapArzvE vAmapArzvE caikaM tavaizvaryyapadE samupavESTum AjnjApaya|
290a2600d5	kintu yIzuH pratyuvAca yuvAmajnjAtvEdaM prArthayEthE, yEna kaMsEnAhaM pAsyAmi tEna yuvAbhyAM kiM pAtuM zakSyatE? yasmin majjanEnAhaM majjiSyE tanmajjanE majjayituM kiM yuvAbhyAM zakSyatE? tau pratyUcatuH zakSyatE|
290a270081	tadA yIzuravadat yEna kaMsEnAhaM pAsyAmi tEnAvazyaM yuvAmapi pAsyathaH, yEna majjanEna cAhaM majjiyyE tatra yuvAmapi majjiSyEthE|
290a28007b	kintu yESAmartham idaM nirUpitaM, tAn vihAyAnyaM kamapi mama dakSiNapArzvE vAmapArzvE vA samupavEzayituM mamAdhikArO nAsti|
290a29003c	athAnyadazaziSyA imAM kathAM zrutvA yAkUbyOhanbhyAM cukupuH|
290a2a00a9	kintu yIzustAn samAhUya babhASE, anyadEzIyAnAM rAjatvaM yE kurvvanti tE tESAmEva prabhutvaM kurvvanti, tathA yE mahAlOkAstE tESAm adhipatitvaM kurvvantIti yUyaM jAnItha|
290a2b0072	kintu yuSmAkaM madhyE na tathA bhaviSyati, yuSmAkaM madhyE yaH prAdhAnyaM vAnjchati sa yuSmAkaM sEvakO bhaviSyati,
290a2c0042	yuSmAkaM yO mahAn bhavitumicchati sa sarvvESAM kigkarO bhaviSyati|
290a2d0073	yatO manuSyaputraH sEvyO bhavituM nAgataH sEvAM karttAM tathAnEkESAM paritrANasya mUlyarUpasvaprANaM dAtunjcAgataH|
290a2e0094	atha tE yirIhOnagaraM prAptAstasmAt ziSyai rlOkaizca saha yIzO rgamanakAlE TImayasya putrO barTImayanAmA andhastanmArgapArzvE bhikSArtham upaviSTaH|
290a2f0066	sa nAsaratIyasya yIzOrAgamanavArttAM prApya prOcai rvaktumArEbhE, hE yIzO dAyUdaH santAna mAM dayasva|
290a300075	tatOnEkE lOkA maunIbhavEti taM tarjayAmAsuH, kintu sa punaradhikamuccai rjagAda, hE yIzO dAyUdaH santAna mAM dayasva|
290a31007f	tadA yIzuH sthitvA tamAhvAtuM samAdidEza, tatO lOkAstamandhamAhUya babhASirE, hE nara, sthirO bhava, uttiSTha, sa tvAmAhvayati|
290a32003f	tadA sa uttarIyavastraM nikSipya prOtthAya yIzOH samIpaM gataH|
290a330077	tatO yIzustamavadat tvayA kiM prArthyatE? tubhyamahaM kiM kariSyAmI? tadA sOndhastamuvAca, hE gurO madIyA dRSTirbhavEt|
290a340076	tatO yIzustamuvAca yAhi tava vizvAsastvAM svasthamakArSIt, tasmAt tatkSaNaM sa dRSTiM prApya pathA yIzOH pazcAd yayau|
290b010096	anantaraM tESu yirUzAlamaH samIpasthayO rbaitphagIbaithanIyapurayOrantikasthaM jaitunanAmAdrimAgatESu yIzuH prESaNakAlE dvau ziSyAvidaM vAkyaM jagAda,
290b02007b	yuvAmamuM sammukhasthaM grAmaM yAtaM, tatra pravizya yO naraM nAvahat taM garddabhazAvakaM drakSyathastaM mOcayitvAnayataM|
290b03008f	kintu yuvAM karmmEdaM kutaH kuruthaH? kathAmimAM yadi kOpi pRcchati tarhi prabhOratra prayOjanamastIti kathitE sa zIghraM tamatra prESayiSyati|
290b04005d	tatastau gatvA dvimArgamElanE kasyacid dvArasya pArzvE taM garddabhazAvakaM prApya mOcayataH,
290b05004c	Etarhi tatrOpasthitalOkAnAM kazcid apRcchat, garddabhazizuM kutO mOcayathaH?
290b06004c	tadA yIzOrAjnjAnusArENa tEbhyaH pratyuditE tatkSaNaM tamAdAtuM tE'nujajnjuH|
290b070071	atha tau yIzOH sannidhiM garddabhazizum AnIya tadupari svavastrANi pAtayAmAsatuH; tataH sa tadupari samupaviSTaH|
290b080051	tadAnEkE pathi svavAsAMsi pAtayAmAsuH, paraizca taruzAkhAzchitavA mArgE vikIrNAH|
290b090086	aparanjca pazcAdgAminO'gragAminazca sarvvE janA ucaiHsvarENa vaktumArEbhirE, jaya jaya yaH paramEzvarasya nAmnAgacchati sa dhanya iti|
290b0a0084	tathAsmAkamaM pUrvvapuruSasya dAyUdO yadrAjyaM paramEzvaranAmnAyAti tadapi dhanyaM, sarvvasmAducchrAyE svargE Izvarasya jayO bhavEt|
290b0b0093	itthaM yIzu ryirUzAlami mandiraM pravizya caturdiksthAni sarvvANi vastUni dRSTavAn; atha sAyaMkAla upasthitE dvAdazaziSyasahitO baithaniyaM jagAma|
290b0c0037	aparEhani baithaniyAd AgamanasamayE kSudhArttO babhUva|
290b0d00d0	tatO dUrE sapatramuPumbarapAdapaM vilOkya tatra kinjcit phalaM prAptuM tasya sannikRSTaM yayau, tadAnIM phalapAtanasya samayO nAgacchati| tatastatrOpasthitaH patrANi vinA kimapyaparaM na prApya sa kathitavAn,
290b0e0056	adyArabhya kOpi mAnavastvattaH phalaM na bhunjjIta; imAM kathAM tasya ziSyAH zuzruvuH|
290b0f00b1	tadanantaraM tESu yirUzAlamamAyAtESu yIzu rmandiraM gatvA tatrasthAnAM baNijAM mudrAsanAni pArAvatavikrEtRNAm AsanAni ca nyubjayAnjcakAra sarvvAn krEtRn vikrEtRMzca bahizcakAra|
290b100045	aparaM mandiramadhyEna kimapi pAtraM vOPhuM sarvvajanaM nivArayAmAsa|
290b1100ab	lOkAnupadizan jagAda, mama gRhaM sarvvajAtIyAnAM prArthanAgRham iti nAmnA prathitaM bhaviSyati Etat kiM zAstrE likhitaM nAsti? kintu yUyaM tadEva cOrANAM gahvaraM kurutha|
290b1200a7	imAM vANIM zrutvAdhyApakAH pradhAnayAjakAzca taM yathA nAzayituM zaknuvanti tathOpAyaM mRgayAmAsuH, kintu tasyOpadEzAt sarvvE lOkA vismayaM gatA atastE tasmAd bibhyuH|
290b130035	atha sAyaMsamaya upasthitE yIzurnagarAd bahirvavrAja|
290b14005b	anantaraM prAtaHkAlE tE tEna mArgENa gacchantastamuPumbaramahIruhaM samUlaM zuSkaM dadRzuH|
290b150074	tataH pitaraH pUrvvavAkyaM smaran yIzuM babhASaM, hE gurO pazyatu ya uPumbaraviTapI bhavatA zaptaH sa zuSkO babhUva|
290b16002e	tatO yIzuH pratyavAdIt, yUyamIzvarE vizvasita|
290b1700d3	yuSmAnahaM yathArthaM vadAmi kOpi yadyEtadgiriM vadati, tvamutthAya gatvA jaladhau pata, prOktamidaM vAkyamavazyaM ghaTiSyatE, manasA kimapi na sandihya cEdidaM vizvasEt tarhi tasya vAkyAnusArENa tad ghaTiSyatE|
290b18007c	atO hEtOrahaM yuSmAn vacmi, prArthanAkAlE yadyadAkAMkSiSyadhvE tattadavazyaM prApsyatha, itthaM vizvasita, tataH prApsyatha|
290b1900a9	aparanjca yuSmAsu prArthayituM samutthitESu yadi kOpi yuSmAkam aparAdhI tiSThati, tarhi taM kSamadhvaM, tathA kRtE yuSmAkaM svargasthaH pitApi yuSmAkamAgAMmi kSamiSyatE|
290b1a0052	kintu yadi na kSamadhvE tarhi vaH svargasthaH pitApi yuSmAkamAgAMsi na kSamiSyatE|
290b1b00aa	anantaraM tE puna ryirUzAlamaM pravivizuH, yIzu ryadA madhyEmandiram itastatO gacchati, tadAnIM pradhAnayAjakA upAdhyAyAH prAnjcazca tadantikamEtya kathAmimAM papracchuH,
290b1c004e	tvaM kEnAdEzEna karmmANyEtAni karOSi? tathaitAni karmmANi karttAM kEnAdiSTOsi?
290b1d00a4	tatO yIzuH pratigaditavAn ahamapi yuSmAn EkakathAM pRcchAmi, yadi yUyaM tasyA uttaraM kurutha, tarhi kayAjnjayAhaM karmmANyEtAni karOmi tad yuSmabhyaM kathayiSyAmi|
290b1e003f	yOhanO majjanam IzvarAt jAtaM kiM mAnavAt? tanmahyaM kathayata|
290b1f0079	tE parasparaM vivEktuM prArEbhirE, tad IzvarAd babhUvEti cEd vadAmastarhi kutastaM na pratyaita? kathamEtAM kathayiSyati|
290b200073	mAnavAd abhavaditi cEd vadAmastarhi lOkEbhyO bhayamasti yatO hEtOH sarvvE yOhanaM satyaM bhaviSyadvAdinaM manyantE|
290b210095	ataEva tE yIzuM pratyavAdiSu rvayaM tad vaktuM na zaknumaH| yIzuruvAca, tarhi yEnAdEzEna karmmANyEtAni karOmi, ahamapi yuSmabhyaM tanna kathayiSyAmi|
290c0100ed	anantaraM yIzu rdRSTAntEna tEbhyaH kathayitumArEbhE, kazcidEkO drAkSAkSEtraM vidhAya taccaturdikSu vAraNIM kRtvA tanmadhyE drAkSApESaNakuNPam akhanat, tathA tasya gaPamapi nirmmitavAn tatastatkSEtraM kRSIvalESu samarpya dUradEzaM jagAma|
290c020064	tadanantaraM phalakAlE kRSIvalEbhyO drAkSAkSEtraphalAni prAptuM tESAM savidhE bhRtyam EkaM prAhiNOt|
290c030039	kintu kRSIvalAstaM dhRtvA prahRtya riktahastaM visasRjuH|
290c040079	tataH sa punaranyamEkaM bhRtyaM praSayAmAsa, kintu tE kRSIvalAH pASANAghAtaistasya zirO bhagktvA sApamAnaM taM vyasarjan|
290c050075	tataH paraM sOparaM dAsaM prAhiNOt tadA tE taM jaghnuH, Evam anEkESAM kasyacit prahAraH kasyacid vadhazca taiH kRtaH|
290c060085	tataH paraM mayA svaputrE prahitE tE tamavazyaM sammaMsyantE, ityuktvAvazESE tESAM sannidhau nijapriyam advitIyaM putraM prESayAmAsa|
290c07007b	kintu kRSIvalAH parasparaM jagaduH, ESa uttarAdhikArI, Agacchata vayamEnaM hanmastathA kRtE 'dhikArOyam asmAkaM bhaviSyati|
290c080034	tatastaM dhRtvA hatvA drAkSAkSEtrAd bahiH prAkSipan|
290c090075	anEnAsau drAkSAkSEtrapatiH kiM kariSyati? sa Etya tAn kRSIvalAn saMhatya tatkSEtram anyESu kRSIvalESu samarpayiSyati|
290c0a0069	aparanjca, "sthapatayaH kariSyanti grAvANaM yantu tucchakaM| prAdhAnaprastaraH kONE sa Eva saMbhaviSyati|
290c0b005d	Etat karmma parEzasyAMdbhutaM nO dRSTitO bhavEt||" imAM zAstrIyAM lipiM yUyaM kiM nApAThiSTa?
290c0c0097	tadAnIM sa tAnuddizya tAM dRSTAntakathAM kathitavAn, ta itthaM budvvA taM dharttAmudyatAH, kintu lOkEbhyO bibhyuH, tadanantaraM tE taM vihAya vavrajuH|
290c0d0066	aparanjca tE tasya vAkyadOSaM dharttAM katipayAn phirUzinO hErOdIyAMzca lOkAn tadantikaM prESayAmAsuH|
290c0e00d3	ta Agatya tamavadan, hE gurO bhavAn tathyabhASI kasyApyanurOdhaM na manyatE, pakSapAtanjca na karOti, yathArthata IzvarIyaM mArgaM darzayati vayamEtat prajAnImaH, kaisarAya karO dEyO na vAM? vayaM dAsyAmO na vA?
290c0f0064	kintu sa tESAM kapaTaM jnjAtvA jagAda, kutO mAM parIkSadhvE? EkaM mudrApAdaM samAnIya mAM darzayata|
290c100074	tadA tairEkasmin mudrApAdE samAnItE sa tAn papraccha, atra likhitaM nAma mUrtti rvA kasya? tE pratyUcuH, kaisarasya|
290c11007a	tadA yIzuravadat tarhi kaisarasya dravyANi kaisarAya datta, Izvarasya dravyANi tu IzvarAya datta; tatastE vismayaM mEnirE|
290c120053	atha mRtAnAmutthAnaM yE na manyantE tE sidUkinO yIzOH samIpamAgatya taM papracchuH;
290c1300b6	hE gurO kazcijjanO yadi niHsantatiH san bhAryyAyAM satyAM mriyatE tarhi tasya bhrAtA tasya bhAryyAM gRhItvA bhrAtu rvaMzOtpattiM kariSyati, vyavasthAmimAM mUsA asmAn prati vyalikhat|
290c14005b	kintu kEcit sapta bhrAtara Asan, tatastESAM jyESThabhrAtA vivahya niHsantatiH san amriyata|
290c15006f	tatO dvitIyO bhrAtA tAM striyamagRhaNat kintu sOpi niHsantatiH san amriyata; atha tRtIyOpi bhrAtA tAdRzObhavat|
290c16006a	itthaM saptaiva bhrAtarastAM striyaM gRhItvA niHsantAnAH santO'mriyanta, sarvvazESE sApi strI mriyatE sma|
290c170072	atha mRtAnAmutthAnakAlE yadA ta utthAsyanti tadA tESAM kasya bhAryyA sA bhaviSyati? yatastE saptaiva tAM vyavahan|
290c18004d	tatO yIzuH pratyuvAca zAstram Izvarazaktinjca yUyamajnjAtvA kimabhrAmyata na?
290c190069	mRtalOkAnAmutthAnaM sati tE na vivahanti vAgdattA api na bhavanti, kintu svargIyadUtAnAM sadRzA bhavanti|
290c1a00ba	punazca "aham ibrAhIma Izvara ishAka IzvarO yAkUbazcEzvaraH" yAmimAM kathAM stambamadhyE tiSThan IzvarO mUsAmavAdIt mRtAnAmutthAnArthE sA kathA mUsAlikhitE pustakE kiM yuSmAbhi rnApAThi?
290c1b0063	IzvarO jIvatAM prabhuH kintu mRtAnAM prabhu rna bhavati, tasmAddhEtO ryUyaM mahAbhramENa tiSThatha|
290c1c00aa	Etarhi EkOdhyApaka Etya tESAmitthaM vicAraM zuzrAva; yIzustESAM vAkyasya saduttaraM dattavAn iti budvvA taM pRSTavAn sarvvAsAm AjnjAnAM kA zrESThA? tatO yIzuH pratyuvAca,
290c1d003f	"hE isrAyEllOkA avadhatta, asmAkaM prabhuH paramEzvara Eka Eva,
290c1e0080	yUyaM sarvvantaHkaraNaiH sarvvaprANaiH sarvvacittaiH sarvvazaktibhizca tasmin prabhau paramEzvarE prIyadhvaM," ityAjnjA zrESThA|
290c1f0087	tathA "svaprativAsini svavat prEma kurudhvaM," ESA yA dvitIyAjnjA sA tAdRzI; EtAbhyAM dvAbhyAm AjnjAbhyAm anyA kApyAjnjA zrESThA nAsti|
290c200075	tadA sOdhyApakastamavadat, hE gurO satyaM bhavAn yathArthaM prOktavAn yata EkasmAd IzvarAd anyO dvitIya IzvarO nAsti;
290c2100b7	aparaM sarvvAntaHkaraNaiH sarvvaprANaiH sarvvacittaiH sarvvazaktibhizca IzvarE prEmakaraNaM tathA svamIpavAsini svavat prEmakaraNanjca sarvvEbhyO hOmabalidAnAdibhyaH zraSThaM bhavati|
290c2200af	tatO yIzuH subuddhEriva tasyEdam uttaraM zrutvA taM bhASitavAn tvamIzvarasya rAjyAnna dUrOsi|itaH paraM tEna saha kasyApi vAkyasya vicAraM karttAM kasyApi pragalbhatA na jAtA|
290c230079	anantaraM madhyEmandiram upadizan yIzurimaM praznaM cakAra, adhyApakA abhiSiktaM (tArakaM) kutO dAyUdaH santAnaM vadanti?
290c2400bf	svayaM dAyUd pavitrasyAtmana AvEzEnEdaM kathayAmAsa| yathA| "mama prabhumidaM vAkyavadat paramEzvaraH| tava zatrUnahaM yAvat pAdapIThaM karOmi na| tAvat kAlaM madIyE tvaM dakSapArzv upAviza|"
290c250070	yadi dAyUd taM prabhUM vadati tarhi kathaM sa tasya santAnO bhavitumarhati? itarE lOkAstatkathAM zrutvAnananduH|
290c26004c	tadAnIM sa tAnupadizya kathitavAn yE narA dIrghaparidhEyAni haTTE vipanau ca
290c270058	lOkakRtanamaskArAn bhajanagRhE pradhAnAsanAni bhOjanakAlE pradhAnasthAnAni ca kAgkSantE;
290c280088	vidhavAnAM sarvvasvaM grasitvA chalAd dIrghakAlaM prArthayantE tEbhya upAdhyAyEbhyaH sAvadhAnA bhavata; tE'dhikatarAn daNPAn prApsyanti|
290c2900a8	tadanantaraM lOkA bhANPAgArE mudrA yathA nikSipanti bhANPAgArasya sammukhE samupavizya yIzustadavalulOka; tadAnIM bahavO dhaninastasya madhyE bahUni dhanAni nirakSipan|
290c2a004e	pazcAd EkA daridrA vidhavA samAgatya dvipaNamUlyAM mudraikAM tatra nirakSipat|
290c2b00ac	tadA yIzuH ziSyAn AhUya kathitavAn yuSmAnahaM yathArthaM vadAmi yE yE bhANPAgArE'smina dhanAni niHkSipanti sma tEbhyaH sarvvEbhya iyaM vidhavA daridrAdhikam niHkSipati sma|
290c2c007e	yatastE prabhUtadhanasya kinjcit nirakSipan kintu dInEyaM svadinayApanayOgyaM kinjcidapi na sthApayitvA sarvvasvaM nirakSipat|
290d010077	anantaraM mandirAd bahirgamanakAlE tasya ziSyANAmEkastaM vyAhRtavAn hE gurO pazyatu kIdRzAH pASANAH kIdRk ca nicayanaM|
290d020080	tadA yIzustam avadat tvaM kimEtad bRhannicayanaM pazyasi? asyaikapASANOpi dvitIyapASANOpari na sthAsyati sarvvE 'dhaHkSEpsyantE|
290d030083	atha yasmin kAlE jaitungirau mandirasya sammukhE sa samupaviSTastasmin kAlE pitarO yAkUb yOhan AndriyazcaitE taM rahasi papracchuH,
290d040071	EtA ghaTanAH kadA bhaviSyanti? tathaitatsarvvAsAM siddhyupakramasya vA kiM cihnaM? tadasmabhyaM kathayatu bhavAn|
290d05005d	tatO yAzustAn vaktumArEbhE, kOpi yathA yuSmAn na bhrAmayati tathAtra yUyaM sAvadhAnA bhavata|
290d060055	yataH khrISTOhamiti kathayitvA mama nAmnAnEkE samAgatya lOkAnAM bhramaM janayiSyanti;
290d070087	kintu yUyaM raNasya vArttAM raNAPambaranjca zrutvA mA vyAkulA bhavata, ghaTanA EtA avazyammAvinyaH; kintvApAtatO na yugAntO bhaviSyati|
290d0800a8	dEzasya vipakSatayA dEzO rAjyasya vipakSatayA ca rAjyamutthAsyati, tathA sthAnE sthAnE bhUmikampO durbhikSaM mahAklEzAzca samupasthAsyanti, sarvva EtE duHkhasyArambhAH|
290d0900d2	kintu yUyam AtmArthE sAvadhAnAstiSThata, yatO lOkA rAjasabhAyAM yuSmAn samarpayiSyanti, tathA bhajanagRhE prahariSyanti; yUyaM madarthE dEzAdhipAn bhUpAMzca prati sAkSyadAnAya tESAM sammukhE upasthApayiSyadhvE|
290d0a0045	zESIbhavanAt pUrvvaM sarvvAn dEzIyAn prati susaMvAdaH pracArayiSyatE|
290d0b011c	kintu yadA tE yuSmAn dhRtvA samarpayiSyanti tadA yUyaM yadyad uttaraM dAsyatha, tadagra tasya vivEcanaM mA kuruta tadarthaM kinjcidapi mA cintayata ca, tadAnIM yuSmAkaM manaHsu yadyad vAkyam upasthApayiSyatE tadEva vadiSyatha, yatO yUyaM na tadvaktAraH kintu pavitra AtmA tasya vaktA|
290d0c0082	tadA bhrAtA bhrAtaraM pitA putraM ghAtanArthaM parahastESu samarpayiSyatE, tathA patyAni mAtApitrO rvipakSatayA tau ghAtayiSyanti|
290d0d0087	mama nAmahEtOH sarvvESAM savidhE yUyaM jugupsitA bhaviSyatha, kintu yaH kazcit zESaparyyantaM dhairyyam AlambiSyatE saEva paritrAsyatE|
290d0e00c4	dAniyElbhaviSyadvAdinA prOktaM sarvvanAzi jugupsitanjca vastu yadA tvayOgyasthAnE vidyamAnaM drakSatha (yO janaH paThati sa budhyatAM) tadA yE yihUdIyadEzE tiSThanti tE mahIdhraM prati palAyantAM;
290d0f0070	tathA yO narO gRhOpari tiSThati sa gRhamadhyaM nAvarOhatu, tathA kimapi vastu grahItuM madhyEgRhaM na pravizatu;
290d100050	tathA ca yO naraH kSEtrE tiSThati sOpi svavastraM grahItuM parAvRtya na vrajatu|
290d110045	tadAnIM garbbhavatInAM stanyadAtrINAnjca yOSitAM durgati rbhaviSyati|
290d120046	yuSmAkaM palAyanaM zItakAlE yathA na bhavati tadarthaM prArthayadhvaM|
290d13007f	yatastadA yAdRzI durghaTanA ghaTiSyatE tAdRzI durghaTanA IzvarasRSTEH prathamamArabhyAdya yAvat kadApi na jAtA na janiSyatE ca|
290d1400cc	aparanjca paramEzvarO yadi tasya samayasya saMkSEpaM na karOti tarhi kasyApi prANabhRtO rakSA bhavituM na zakSyati, kintu yAn janAn manOnItAn akarOt tESAM svamanOnItAnAM hEtOH sa tadanEhasaM saMkSEpsyati|
290d150098	anyacca pazyata khrISTOtra sthAnE vA tatra sthAnE vidyatE, tasminkAlE yadi kazcid yuSmAn EtAdRzaM vAkyaM vyAharati, tarhi tasmin vAkyE bhaiva vizvasita|
290d1600b8	yatOnEkE mithyAkhrISTA mithyAbhaviSyadvAdinazca samupasthAya bahUni cihnAnyadbhutAni karmmANi ca darzayiSyanti; tathA yadi sambhavati tarhi manOnItalOkAnAmapi mithyAmatiM janayiSyanti|
290d17005c	pazyata ghaTanAtaH pUrvvaM sarvvakAryyasya vArttAM yuSmabhyamadAm, yUyaM sAvadhAnAstiSThata|
290d180074	aparanjca tasya klEzakAlasyAvyavahitE parakAlE bhAskaraH sAndhakArO bhaviSyati tathaiva candrazcandrikAM na dAsyati|
290d19004b	nabhaHsthAni nakSatrANi patiSyanti, vyOmamaNPalasthA grahAzca vicaliSyanti|
290d1a0064	tadAnIM mahAparAkramENa mahaizvaryyENa ca mEghamAruhya samAyAntaM mAnavasutaM mAnavAH samIkSiSyantE|
290d1b006b	anyacca sa nijadUtAn prahitya nabhObhUmyOH sImAM yAvad jagatazcaturdigbhyaH svamanOnItalOkAn saMgrahISyati|
290d1c00a6	uPumbaratarO rdRSTAntaM zikSadhvaM yadOPumbarasya tarO rnavInAH zAkhA jAyantE pallavAdIni ca rnigacchanti, tadA nidAghakAlaH savidhO bhavatIti yUyaM jnjAtuM zaknutha|
290d1d003d	tadvad EtA ghaTanA dRSTvA sa kAlO dvAryyupasthita iti jAnIta|
290d1e0058	yuSmAnahaM yathArthaM vadAmi, AdhunikalOkAnAM gamanAt pUrvvaM tAni sarvvANi ghaTiSyantE|
290d1f003d	dyAvApRthivyO rvicalitayOH satyO rmadIyA vANI na vicaliSyati|
290d200061	aparanjca svargasthadUtagaNO vA putrO vA tAtAdanyaH kOpi taM divasaM taM daNPaM vA na jnjApayati|
290d21006d	ataH sa samayaH kadA bhaviSyati, EtajjnjAnAbhAvAd yUyaM sAvadhAnAstiSThata, satarkAzca bhUtvA prArthayadhvaM;
290d2200c8	yadvat kazcit pumAn svanivEzanAd dUradEzaM prati yAtrAkaraNakAlE dAsESu svakAryyasya bhAramarpayitvA sarvvAn svE svE karmmaNi niyOjayati; aparaM dauvArikaM jAgarituM samAdizya yAti, tadvan naraputraH|
290d23005e	gRhapatiH sAyaMkAlE nizIthE vA tRtIyayAmE vA prAtaHkAlE vA kadAgamiSyati tad yUyaM na jAnItha;
290d24004e	sa haThAdAgatya yathA yuSmAn nidritAn na pazyati, tadarthaM jAgaritAstiSThata|
290d250041	yuSmAnahaM yad vadAmi tadEva sarvvAn vadAmi, jAgaritAstiSThatEti|
290e010098	tadA nistArOtsavakiNvahInapUpOtsavayOrArambhasya dinadvayE 'vaziSTE pradhAnayAjakA adhyApakAzca kEnApi chalEna yIzuM dharttAM hantunjca mRgayAnjcakrirE;
290e02003d	kintu lOkAnAM kalahabhayAdUcirE, nacOtsavakAla ucitamEtaditi|
290e0300c8	anantaraM baithaniyApurE zimOnakuSThinO gRhE yOzau bhOtkumupaviSTE sati kAcid yOSit pANParapASANasya sampuTakEna mahArghyOttamatailam AnIya sampuTakaM bhaMktvA tasyOttamAggE tailadhArAM pAtayAnjcakrE|
290e040043	tasmAt kEcit svAntE kupyantaH kathitavaMntaH kutOyaM tailApavyayaH?
290e0500a5	yadyEtat taila vyakrESyata tarhi mudrApAdazatatrayAdapyadhikaM tasya prAptamUlyaM daridralOkEbhyO dAtumazakSyata, kathAmEtAM kathayitvA tayA yOSitA sAkaM vAcAyuhyan|
290e060051	kintu yIzuruvAca, kuta Etasyai kRcchraM dadAsi? mahyamiyaM karmmOttamaM kRtavatI|
290e070095	daridrAH sarvvadA yuSmAbhiH saha tiSThanti, tasmAd yUyaM yadEcchatha tadaiva tAnupakarttAM zaknutha, kintvahaM yubhAbhiH saha nirantaraM na tiSThAmi|
290e080060	asyA yathAsAdhyaM tathaivAkarOdiyaM, zmazAnayApanAt pUrvvaM samEtya madvapuSi tailam amarddayat|
290e0900a6	ahaM yuSmabhyaM yathArthaM kathayAmi, jagatAM madhyE yatra yatra susaMvAdOyaM pracArayiSyatE tatra tatra yOSita EtasyAH smaraNArthaM tatkRtakarmmaitat pracArayiSyatE|
290e0a0077	tataH paraM dvAdazAnAM ziSyANAmEka ISkariyOtIyayihUdAkhyO yIzuM parakarESu samarpayituM pradhAnayAjakAnAM samIpamiyAya|
290e0b0083	tE tasya vAkyaM samAkarNya santuSTAH santastasmai mudrA dAtuM pratyajAnata; tasmAt sa taM tESAM karESu samarpaNAyOpAyaM mRgayAmAsa|
290e0c00b1	anantaraM kiNvazUnyapUpOtsavasya prathamE'hani nistArOtmavArthaM mESamAraNAsamayE ziSyAstaM papracchaH kutra gatvA vayaM nistArOtsavasya bhOjyamAsAdayiSyAmaH? kimicchati bhavAn?
290e0d0095	tadAnIM sa tESAM dvayaM prErayan babhASE yuvayOH puramadhyaM gatayOH satO ryO janaH sajalakumbhaM vahan yuvAM sAkSAt kariSyati tasyaiva pazcAd yAtaM;
290e0e008a	sa yat sadanaM pravEkSyati tadbhavanapatiM vadataM, gururAha yatra saziSyOhaM nistArOtsavIyaM bhOjanaM kariSyAmi, sA bhOjanazAlA kutrAsti?
290e0f006e	tataH sa pariSkRtAM susajjitAM bRhatIcanjca yAM zAlAM darzayiSyati tasyAmasmadarthaM bhOjyadravyANyAsAdayataM|
290e100072	tataH ziSyau prasthAya puraM pravizya sa yathOktavAn tathaiva prApya nistArOtsavasya bhOjyadravyANi samAsAdayEtAm|
290e11003e	anantaraM yIzuH sAyaMkAlE dvAdazabhiH ziSyaiH sArddhaM jagAma;
290e120099	sarvvESu bhOjanAya prOpaviSTESu sa tAnuditavAn yuSmAnahaM yathArthaM vyAharAmi, atra yuSmAkamEkO janO yO mayA saha bhuMktE mAM parakErESu samarpayiSyatE|
290e13006c	tadAnIM tE duHkhitAH santa EkaikazastaM praSTumArabdhavantaH sa kimahaM? pazcAd anya EkObhidadhE sa kimahaM?
290e140061	tataH sa pratyavadad EtESAM dvAdazAnAM yO janO mayA samaM bhOjanApAtrE pANiM majjayiSyati sa Eva|
290e1500a0	manujatanayamadhi yAdRzaM likhitamAstE tadanurUpA gatistasya bhaviSyati, kintu yO janO mAnavasutaM samarpayiSyatE hanta tasya janmAbhAvE sati bhadramabhaviSyat|
290e160096	aparanjca tESAM bhOjanasamayE yIzuH pUpaM gRhItvEzvaraguNAn anukIrtya bhagktvA tEbhyO dattvA babhASE, Etad gRhItvA bhunjjIdhvam Etanmama vigraharUpaM|
290e170059	anantaraM sa kaMsaM gRhItvEzvarasya guNAn kIrttayitvA tEbhyO dadau, tatastE sarvvE papuH|
290e180050	aparaM sa tAnavAdId bahUnAM nimittaM pAtitaM mama navInaniyamarUpaM zONitamEtat|
290e190083	yuSmAnahaM yathArthaM vadAmi, Izvarasya rAjyE yAvat sadyOjAtaM drAkSArasaM na pAsyAmi, tAvadahaM drAkSAphalarasaM puna rna pAsyAmi|
290e1a0041	tadanantaraM tE gItamEkaM saMgIya bahi rjaitunaM zikhariNaM yayuH
290e1b00bf	atha yIzustAnuvAca nizAyAmasyAM mayi yuSmAkaM sarvvESAM pratyUhO bhaviSyati yatO likhitamAstE yathA, mESANAM rakSakanjcAhaM prahariSyAmi vai tataH| mESANAM nivahO nUnaM pravikIrNO bhaviSyati|
290e1c003a	kantu madutthAnE jAtE yuSmAkamagrE'haM gAlIlaM vrajiSyAmi|
290e1d005c	tadA pitaraH pratibabhASE, yadyapi sarvvESAM pratyUhO bhavati tathApi mama naiva bhaviSyati|
290e1e0086	tatO yIzuruktAvAn ahaM tubhyaM tathyaM kathayAmi, kSaNAdAyAmadya kukkuTasya dvitIyavAraravaNAt pUrvvaM tvaM vAratrayaM mAmapahnOSyasE|
290e1f0084	kintu sa gAPhaM vyAharad yadyapi tvayA sArddhaM mama prANO yAti tathApi kathamapi tvAM nApahnOSyE; sarvvE'pItarE tathaiva babhASirE|
290e200078	aparanjca tESu gEtzimAnInAmakaM sthAna gatESu sa ziSyAn jagAda, yAvadahaM prArthayE tAvadatra sthAnE yUyaM samupavizata|
290e210066	atha sa pitaraM yAkUbaM yOhananjca gRhItvA vavrAja; atyantaM trAsitO vyAkulitazca tEbhyaH kathayAmAsa,
290e22004a	nidhanakAlavat prANO mE'tIva daHkhamEti, yUyaM jAgratOtra sthAnE tiSThata|
290e230084	tataH sa kinjciddUraM gatvA bhUmAvadhOmukhaH patitvA prArthitavAnEtat, yadi bhavituM zakyaM tarhi duHkhasamayOyaM mattO dUrIbhavatu|
290e240089	aparamuditavAn hE pita rhE pitaH sarvvEM tvayA sAdhyaM, tatO hEtOrimaM kaMsaM mattO dUrIkuru, kintu tan mamEcchAtO na tavEcchAtO bhavatu|
290e250079	tataH paraM sa Etya tAn nidritAn nirIkSya pitaraM prOvAca, zimOn tvaM kiM nidrAsi? ghaTikAmEkAm api jAgarituM na zaknOSi?
290e260074	parIkSAyAM yathA na patatha tadarthaM sacEtanAH santaH prArthayadhvaM; mana udyuktamiti satyaM kintu vapurazaktikaM|
290e270031	atha sa punarvrajitvA pUrvvavat prArthayAnjcakrE|
290e28008e	parAvRtyAgatya punarapi tAn nidritAn dadarza tadA tESAM lOcanAni nidrayA pUrNAni, tasmAttasmai kA kathA kathayitavyA ta Etad bOddhuM na zEkuH|
290e2900a6	tataHparaM tRtIyavAraM Agatya tEbhyO 'kathayad idAnImapi zayitvA vizrAmyatha? yathESTaM jAtaM, samayazcOpasthitaH pazyata mAnavatanayaH pApilOkAnAM pANiSu samarpyatE|
290e2a0059	uttiSThata, vayaM vrajAmO yO janO mAM parapANiSu samarpayiSyatE pazyata sa samIpamAyAtaH|
290e2b00bc	imAM kathAM kathayati sa, EtarhidvAdazAnAmEkO yihUdA nAmA ziSyaH pradhAnayAjakAnAm upAdhyAyAnAM prAcInalOkAnAnjca sannidhEH khaggalaguPadhAriNO bahulOkAn gRhItvA tasya samIpa upasthitavAn|
290e2c007d	aparanjcAsau parapANiSu samarpayitA pUrvvamiti sagkEtaM kRtavAn yamahaM cumbiSyAmi sa EvAsau tamEva dhRtvA sAvadhAnaM nayata|
290e2d0052	atO hEtOH sa Agatyaiva yOzOH savidhaM gatvA hE gurO hE gurO, ityuktvA taM cucumba|
290e2e002c	tadA tE tadupari pANInarpayitvA taM dadhnuH|
290e2f006f	tatastasya pArzvasthAnAM lOkAnAmEkaH khaggaM niSkOSayan mahAyAjakasya dAsamEkaM prahRtya tasya karNaM cicchEda|
290e300057	pazcAd yIzustAn vyAjahAra khaggAn laguPAMzca gRhItvA mAM kiM cauraM dharttAM samAyAtAH?
290e310090	madhyEmandiraM samupadizan pratyahaM yuSmAbhiH saha sthitavAnatahaM, tasmin kAlE yUyaM mAM nAdIdharata, kintvanEna zAstrIyaM vacanaM sEdhanIyaM|
290e320031	tadA sarvvE ziSyAstaM parityajya palAyAnjcakrirE|
290e330056	athaikO yuvA mAnavO nagnakAyE vastramEkaM nidhAya tasya pazcAd vrajan yuvalOkai rdhRtO
290e340024	vastraM vihAya nagnaH palAyAnjcakrE|
290e350092	aparanjca yasmin sthAnE pradhAnayAjakA upAdhyAyAH prAcInalOkAzca mahAyAjakEna saha sadasi sthitAstasmin sthAnE mahAyAjakasya samIpaM yIzuM ninyuH|
290e360063	pitarO dUrE tatpazcAd itvA mahAyAjakasyATTAlikAM pravizya kigkaraiH sahOpavizya vahnitApaM jagrAha|
290e37006e	tadAnIM pradhAnayAjakA mantriNazca yIzuM ghAtayituM tatprAtikUlyEna sAkSiNO mRgayAnjcakrirE, kintu na prAptAH|
290e380046	anEkaistadviruddhaM mRSAsAkSyE dattEpi tESAM vAkyAni na samagacchanta|
290e39004e	sarvvazESE kiyanta utthAya tasya prAtikUlyEna mRSAsAkSyaM dattvA kathayAmAsuH,
290e3a0084	idaM karakRtamandiraM vinAzya dinatrayamadhyE punaraparam akarakRtaM mandiraM nirmmAsyAmi, iti vAkyam asya mukhAt zrutamasmAbhiriti|
290e3b002c	kintu tatrApi tESAM sAkSyakathA na saggAtAH|
290e3c007d	atha mahAyAjakO madhyEsabham utthAya yIzuM vyAjahAra, EtE janAstvayi yat sAkSyamaduH tvamEtasya kimapyuttaraM kiM na dAsyasi?
290e3d0086	kintu sa kimapyuttaraM na datvA maunIbhUya tasyau; tatO mahAyAjakaH punarapi taM pRSTAvAn tvaM saccidAnandasya tanayO 'bhiSiktastratA?
290e3e0090	tadA yIzustaM prOvAca bhavAmyaham yUyanjca sarvvazaktimatO dakSINapArzvE samupavizantaM mEgha mAruhya samAyAntanjca manuSyaputraM sandrakSyatha|
290e3f002f	tadA mahAyAjakaH svaM vamanaM chitvA vyAvaharat
290e400083	kimasmAkaM sAkSibhiH prayOjanam? IzvaranindAvAkyaM yuSmAbhirazrAvi kiM vicArayatha? tadAnIM sarvvE jagadurayaM nidhanadaNPamarhati|
290e410091	tataH kazcit kazcit tadvapuSi niSThIvaM nicikSEpa tathA tanmukhamAcchAdya capETEna hatvA gaditavAn gaNayitvA vada, anucarAzca capETaistamAjaghnuH
290e42004b	tataH paraM pitarE'TTAlikAdhaHkOSThE tiSThati mahAyAjakasyaikA dAsI samEtya
290e430067	taM vihnitApaM gRhlantaM vilOkya taM sunirIkSya babhASE tvamapi nAsaratIyayIzOH sagginAm EkO jana AsIH|
290e440083	kintu sOpahnutya jagAda tamahaM na vadmi tvaM yat kathayami tadapyahaM na buddhyE| tadAnIM pitarE catvaraM gatavati kukkuTO rurAva|
290e450049	athAnyA dAsI pitaraM dRSTvA samIpasthAn janAn jagAda ayaM tESAmEkO janaH|
290e460097	tataH sa dvitIyavAram apahnutavAn pazcAt tatrasthA lOkAH pitaraM prOcustvamavazyaM tESAmEkO janaH yatastvaM gAlIlIyO nara iti tavOccAraNaM prakAzayati|
290e470054	tadA sa zapathAbhizApau kRtvA prOvAca yUyaM kathAM kathayatha taM naraM na jAnE'haM|
290e4800b0	tadAnIM dvitIyavAraM kukkuTO 'rAvIt| kukkuTasya dvitIyaravAt pUrvvaM tvaM mAM vAratrayam apahnOSyasi, iti yadvAkyaM yIzunA samuditaM tat tadA saMsmRtya pitarO rOditum Arabhata|
290f0100a1	atha prabhAtE sati pradhAnayAjakAH prAnjca upAdhyAyAH sarvvE mantriNazca sabhAM kRtvA yIzuM bandhayitva pIlAtAkhyasya dEzAdhipatEH savidhaM nItvA samarpayAmAsuH|
290f02005c	tadA pIlAtastaM pRSTavAn tvaM kiM yihUdIyalOkAnAM rAjA? tataH sa pratyuktavAn satyaM vadasi|
290f03005e	aparaM pradhAnayAjakAstasya bahuSu vAkyESu dOSamArOpayAnjcakruH kintu sa kimapi na pratyuvAca|
290f04006e	tadAnIM pIlAtastaM punaH papraccha tvaM kiM nOttarayasi? pazyaitE tvadviruddhaM katiSu sAdhyESu sAkSaM dadati|
290f05003f	kantu yIzustadApi nOttaraM dadau tataH pIlAta AzcaryyaM jagAma|
290f06005d	aparanjca kArAbaddhE kastiMzcit janE tanmahOtsavakAlE lOkai ryAcitE dEzAdhipatistaM mOcayati|
290f07006d	yE ca pUrvvamupaplavamakArSurupaplavE vadhamapi kRtavantastESAM madhyE tadAnOM barabbAnAmaka EkO baddha AsIt|
290f080062	atO hEtOH pUrvvAparIyAM rItikathAM kathayitvA lOkA uccairuvantaH pIlAtasya samakSaM nivEdayAmAsuH|
290f090057	tadA pIlAtastAnAcakhyau tarhi kiM yihUdIyAnAM rAjAnaM mOcayiSyAmi? yuSmAbhiH kimiSyatE?
290f0a0040	yataH pradhAnayAjakA IrSyAta Eva yIzuM samArpayanniti sa vivEda|
290f0b0057	kintu yathA barabbAM mOcayati tathA prArthayituM pradhAnayAjakA lOkAn pravarttayAmAsuH|
290f0c0069	atha pIlAtaH punaH pRSTavAn tarhi yaM yihUdIyAnAM rAjEti vadatha tasya kiM kariSyAmi yuSmAbhiH kimiSyatE?
290f0d0032	tadA tE punarapi prOccaiH prOcustaM kruzE vEdhaya|
290f0e006e	tasmAt pIlAtaH kathitavAn kutaH? sa kiM kukarmma kRtavAn? kintu tE punazca ruvantO vyAjahrustaM kruzE vEdhaya|
290f0f0079	tadA pIlAtaH sarvvAllOkAn tOSayitumicchan barabbAM mOcayitvA yIzuM kazAbhiH prahRtya kruzE vEddhuM taM samarpayAmbabhUva|
290f100057	anantaraM sainyagaNO'TTAlikAm arthAd adhipatE rgRhaM yIzuM nItvA sEnAnivahaM samAhuyat|
290f110056	pazcAt tE taM dhUmalavarNavastraM paridhApya kaNTakamukuTaM racayitvA zirasi samArOpya
290f120041	hE yihUdIyAnAM rAjan namaskAra ityuktvA taM namaskarttAmArEbhirE|
290f130069	tasyOttamAggE vEtrAghAtaM cakrustadgAtrE niSThIvanjca nicikSipuH, tathA tasya sammukhE jAnupAtaM praNOmuH
290f140068	itthamupahasya dhUmravarNavastram uttAryya tasya vastraM taM paryyadhApayan kruzE vEddhuM bahirninyuzca|
290f15008e	tataH paraM sEkandarasya ruphasya ca pitA zimOnnAmA kurINIyalOka EkaH kutazcid grAmAdEtya pathi yAti taM tE yIzOH kruzaM vOPhuM balAd dadhnuH|
290f16003a	atha gulgaltA arthAt ziraHkapAlanAmakaM sthAnaM yIzumAnIya
290f170049	tE gandharasamizritaM drAkSArasaM pAtuM tasmai daduH kintu sa na jagrAha|
290f180041	tasmin kruzE viddhE sati tESAmEkaikazaH kiM prApsyatIti nirNayAya
290f190033	tasya paridhEyAnAM vibhAgArthaM guTikApAtaM cakruH|
290f1a0054	aparam ESa yihUdIyAnAM rAjEti likhitaM dOSapatraM tasya ziraUrdvvam ArOpayAnjcakruH|
290f1b0034	tasya vAmadakSiNayO rdvau caurau kruzayO rvividhAtE|
290f1c005d	tEnaiva "aparAdhijanaiH sArddhaM sa gaNitO bhaviSyati," iti zAstrOktaM vacanaM siddhamabhUta|
290f1d008f	anantaraM mArgE yE yE lOkA gamanAgamanE cakrustE sarvva Eva zirAMsyAndOlya nindantO jagaduH, rE mandiranAzaka rE dinatrayamadhyE tannirmmAyaka,
290f1e0022	adhunAtmAnam avitvA kruzAdavarOha|
290f1f0074	kinjca pradhAnayAjakA adhyApakAzca tadvat tiraskRtya parasparaM cacakSirE ESa parAnAvat kintu svamavituM na zaknOti|
290f2000b5	yadIsrAyElO rAjAbhiSiktastrAtA bhavati tarhyadhunaina kruzAdavarOhatu vayaM tad dRSTvA vizvasiSyAmaH; kinjca yau lOkau tEna sArddhaM kruzE 'vidhyEtAM tAvapi taM nirbhartsayAmAsatuH|
290f210040	atha dvitIyayAmAt tRtIyayAmaM yAvat sarvvO dEzaH sAndhakArObhUt|
290f220075	tatastRtIyapraharE yIzuruccairavadat ElI ElI lAmA zivaktanI arthAd "hE madIza madIza tvaM paryyatyAkSIH kutO hi mAM?"
290f23004e	tadA samIpasthalOkAnAM kEcit tadvAkyaM nizamyAcakhyuH pazyaiSa Eliyam AhUyati|
290f240097	tata EkO janO dhAvitvAgatya spanjjE 'mlarasaM pUrayitvA taM naPAgrE nidhAya pAtuM tasmai dattvAvadat tiSTha Eliya EnamavarOhayitum Eti na vEti pazyAmi|
290f250027	atha yIzuruccaiH samAhUya prANAn jahau|
290f260041	tadA mandirasya javanikOrdvvAdadhaHryyantA vidIrNA dvikhaNPAbhUt|
290f270083	kinjca itthamuccairAhUya prANAn tyajantaM taM dRSdvA tadrakSaNAya niyuktO yaH sEnApatirAsIt sOvadat narOyam Izvaraputra iti satyam|
290f280054	tadAnIM magdalInI marisam kaniSThayAkUbO yOsEzca mAtAnyamariyam zAlOmI ca yAH striyO
290f290086	gAlIlpradEzE yIzuM sEvitvA tadanugAminyO jAtA imAstadanyAzca yA anEkA nAryO yIzunA sArddhaM yirUzAlamamAyAtAstAzca dUrAt tAni dadRzuH|
290f2a0041	athAsAdanadinasyArthAd vizrAmavArAt pUrvvadinasya sAyaMkAla Agata
290f2b006a	IzvararAjyApEkSyarimathIyayUSaphanAmA mAnyamantrI samEtya pIlAtasavidhaM nirbhayO gatvA yIzOrdEhaM yayAcE|
290f2c005f	kintu sa idAnIM mRtaH pIlAta ityasambhavaM matvA zatasEnApatimAhUya sa kadA mRta iti papraccha|
290f2d0039	zatasEmanApatimukhAt tajjnjAtvA yUSaphE yIzOrdEhaM dadau|
290f2e008a	pazcAt sa sUkSmaM vAsaH krItvA yIzOH kAyamavarOhya tEna vAsasA vESTAyitvA girau khAtazmazAnE sthApitavAn pASANaM lOThayitvA dvAri nidadhE|
290f2f004c	kintu yatra sOsthApyata tata magdalInI mariyam yOsimAtRmariyam ca dadRzatRH|
291001006e	atha vizrAmavArE gatE magdalInI mariyam yAkUbamAtA mariyam zAlOmI cEmAstaM marddayituM sugandhidravyANi krItvA
291002003f	saptAhaprathamadinE'tipratyUSE sUryyOdayakAlE zmazAnamupagatAH|
291003004f	kintu zmazAnadvArapASANO'tibRhan taM kO'pasArayiSyatIti tAH parasparaM gadanti!
2910040033	Etarhi nirIkSya pASANO dvArO 'pasArita iti dadRzuH|
291005007a	pazcAttAH zmazAnaM pravizya zuklavarNadIrghaparicchadAvRtamEkaM yuvAnaM zmazAnadakSiNapArzva upaviSTaM dRSTvA camaccakruH|
2910060090	sO'vadat, mAbhaiSTa yUyaM kruzE hataM nAsaratIyayIzuM gavESayatha sOtra nAsti zmazAnAdudasthAt; tai ryatra sa sthApitaH sthAnaM tadidaM pazyata|
2910070098	kintu tEna yathOktaM tathA yuSmAkamagrE gAlIlaM yAsyatE tatra sa yuSmAn sAkSAt kariSyatE yUyaM gatvA tasya ziSyEbhyaH pitarAya ca vArttAmimAM kathayata|
291008005c	tAH kampitA vistitAzca tUrNaM zmazAnAd bahirgatvA palAyanta bhayAt kamapi kimapi nAvadaMzca|
29100900d6	(note: The most reliable and earliest manuscripts do not include Mark 16:9-20.) aparaM yIzuH saptAhaprathamadinE pratyUSE zmazAnAdutthAya yasyAH saptabhUtAstyAjitAstasyai magdalInImariyamE prathamaM darzanaM dadau|
29100a0048	tataH sA gatvA zOkarOdanakRdbhyO'nugatalOkEbhyastAM vArttAM kathayAmAsa|
29100b004a	kintu yIzuH punarjIvan tasyai darzanaM dattavAniti zrutvA tE na pratyayan|
29100c004e	pazcAt tESAM dvAyO rgrAmayAnakAlE yIzuranyavEzaM dhRtvA tAbhyAM darzana dadau!
29100d005c	tAvapi gatvAnyaziSyEbhyastAM kathAM kathayAnjcakratuH kintu tayOH kathAmapi tE na pratyayan|
29100e00c1	zESata EkAdazaziSyESu bhOjanOpaviSTESu yIzustEbhyO darzanaM dadau tathOtthAnAt paraM taddarzanaprAptalOkAnAM kathAyAmavizvAsakaraNAt tESAmavizvAsamanaHkAThinyAbhyAM hEtubhyAM sa tAMstarjitavAn|
29100f0052	atha tAnAcakhyau yUyaM sarvvajagad gatvA sarvvajanAn prati susaMvAdaM pracArayata|
2910100062	tatra yaH kazcid vizvasya majjitO bhavEt sa paritrAsyatE kintu yO na vizvasiSyati sa daNPayiSyatE|
291011007a	kinjca yE pratyESyanti tairIdRg AzcaryyaM karmma prakAzayiSyatE tE mannAmnA bhUtAn tyAjayiSyanti bhASA anyAzca vadiSyanti|
2910120089	aparaM taiH sarpESu dhRtESu prANanAzakavastuni pItE ca tESAM kApi kSati rna bhaviSyati; rOgiNAM gAtrESu karArpitE tE'rOgA bhaviSyanti ca|
291013004c	atha prabhustAnityAdizya svargaM nItaH san paramEzvarasya dakSiNa upavivEza|
291014009c	tatastE prasthAya sarvvatra susaMvAdIyakathAM pracArayitumArEbhirE prabhustu tESAM sahAyaH san prakAzitAzcaryyakriyAbhistAM kathAM pramANavatIM cakAra| iti|
2a00000005	lUkaH
2a01010061	prathamatO yE sAkSiNO vAkyapracArakAzcAsan tE'smAkaM madhyE yadyat sapramANaM vAkyamarpayanti sma
2a0102003b	tadanusAratO'nyEpi bahavastadvRttAntaM racayituM pravRttAH|
2a0103005e	ataEva hE mahAmahimathiyaphil tvaM yA yAH kathA azikSyathAstAsAM dRPhapramANAni yathA prApnOSi
2a0104006f	tadarthaM prathamamArabhya tAni sarvvANi jnjAtvAhamapi anukramAt sarvvavRttAntAn tubhyaM lEkhituM matimakArSam|
2a01050081	yihUdAdEzIyahErOdnAmakE rAjatvaM kurvvati abIyayAjakasya paryyAyAdhikArI sikhariyanAmaka EkO yAjakO hArONavaMzOdbhavA ilIzEvAkhyA
2a01060063	tasya jAyA dvAvimau nirdOSau prabhOH sarvvAjnjA vyavasthAzca saMmanya IzvaradRSTau dhArmmikAvAstAm|
2a0107004d	tayOH santAna EkOpi nAsIt, yata ilIzEvA bandhyA tau dvAvEva vRddhAvabhavatAm|
2a0108004a	yadA svaparyyAnukramENa sikhariya IzvAsya samakSaM yAjakIyaM karmma karOti
2a01090069	tadA yajnjasya dinaparipAyyA paramEzvarasya mandirE pravEzakAlE dhUpajvAlanaM karmma tasya karaNIyamAsIt|
2a010a003e	taddhUpajvAlanakAlE lOkanivahE prArthanAM kartuM bahistiSThati
2a010b0070	sati sikhariyO yasyAM vEdyAM dhUpaM jvAlayati taddakSiNapArzvE paramEzvarasya dUta Eka upasthitO darzanaM dadau|
2a010c0029	taM dRSTvA sikhariya udvivijE zazagkE ca|
2a010d008f	tadA sa dUtastaM babhASE hE sikhariya mA bhaistava prArthanA grAhyA jAtA tava bhAryyA ilIzEvA putraM prasOSyatE tasya nAma yOhan iti kariSyasi|
2a010e0050	kinjca tvaM sAnandaH saharSazca bhaviSyasi tasya janmani bahava AnandiSyanti ca|
2a010f008f	yatO hEtOH sa paramEzvarasya gOcarE mahAn bhaviSyati tathA drAkSArasaM surAM vA kimapi na pAsyati, aparaM janmArabhya pavitrENAtmanA paripUrNaH
2a01100041	san isrAyElvaMzIyAn anEkAn prabhOH paramEzvarasya mArgamAnESyati|
2a011100c3	santAnAn prati pitRNAM manAMsi dharmmajnjAnaM pratyanAjnjAgrAhiNazca parAvarttayituM, prabhOH paramEzvarasya sEvArtham EkAM sajjitajAtiM vidhAtunjca sa EliyarUpAtmazaktiprAptastasyAgrE gamiSyati|
2a01120056	tadA sikhariyO dUtamavAdIt kathamEtad vEtsyAmi? yatOhaM vRddhO mama bhAryyA ca vRddhA|
2a0113008b	tatO dUtaH pratyuvAca pazyEzvarasya sAkSAdvarttI jibrAyElnAmA dUtOhaM tvayA saha kathAM gadituM tubhyamimAM zubhavArttAM dAtunjca prESitaH|
2a01140087	kintu madIyaM vAkyaM kAlE phaliSyati tat tvayA na pratItam ataH kAraNAd yAvadEva tAni na sEtsyanti tAvat tvaM vaktuMmazaktO mUkO bhava|
2a0115005f	tadAnIM yE yE lOkAH sikhariyamapaikSanta tE madhyEmandiraM tasya bahuvilambAd AzcaryyaM mEnirE|
2a01160096	sa bahirAgatO yadA kimapi vAkyaM vaktumazaktaH sagkEtaM kRtvA niHzabdastasyau tadA madhyEmandiraM kasyacid darzanaM tEna prAptam iti sarvvE bubudhirE|
2a01170041	anantaraM tasya sEvanaparyyAyE sampUrNE sati sa nijagEhaM jagAma|
2a0118003f	katipayadinESu gatESu tasya bhAryyA ilIzEvA garbbhavatI babhUva
2a01190086	pazcAt sA panjcamAsAn saMgOpyAkathayat lOkAnAM samakSaM mamApamAnaM khaNPayituM paramEzvarO mayi dRSTiM pAtayitvA karmmEdRzaM kRtavAn|
2a011a0045	aparanjca tasyA garbbhasya SaSThE mAsE jAtE gAlIlpradEzIyanAsaratpurE
2a011b0076	dAyUdO vaMzIyAya yUSaphnAmnE puruSAya yA mariyamnAmakumArI vAgdattAsIt tasyAH samIpaM jibrAyEl dUta IzvarENa prahitaH|
2a011c007b	sa gatvA jagAda hE IzvarAnugRhItakanyE tava zubhaM bhUyAt prabhuH paramEzvarastava sahAyOsti nArINAM madhyE tvamEva dhanyA|
2a011d0058	tadAnIM sA taM dRSTvA tasya vAkyata udvijya kIdRzaM bhASaNamidam iti manasA cintayAmAsa|
2a011e004b	tatO dUtO'vadat hE mariyam bhayaM mAkArSIH, tvayi paramEzvarasyAnugrahOsti|
2a011f004b	pazya tvaM garbbhaM dhRtvA putraM prasOSyasE tasya nAma yIzuriti kariSyasi|
2a0120008e	sa mahAn bhaviSyati tathA sarvvEbhyaH zrESThasya putra iti khyAsyati; aparaM prabhuH paramEzvarastasya piturdAyUdaH siMhAsanaM tasmai dAsyati;
2a01210059	tathA sa yAkUbO vaMzOpari sarvvadA rAjatvaM kariSyati, tasya rAjatvasyAntO na bhaviSyati|
2a01220058	tadA mariyam taM dUtaM babhASE nAhaM puruSasaggaM karOmi tarhi kathamEtat sambhaviSyati?
2a012300c0	tatO dUtO'kathayat pavitra AtmA tvAmAzrAyiSyati tathA sarvvazrESThasya zaktistavOpari chAyAM kariSyati tatO hEtOstava garbbhAd yaH pavitrabAlakO janiSyatE sa Izvaraputra iti khyAtiM prApsyati|
2a01240086	aparanjca pazya tava jnjAtirilIzEvA yAM sarvvE bandhyAmavadan idAnIM sA vArddhakyE santAnamEkaM garbbhE'dhArayat tasya SaSThamAsObhUt|
2a01250022	kimapi karmma nAsAdhyam Izvarasya|
2a01260085	tadA mariyam jagAda, pazya prabhErahaM dAsI mahyaM tava vAkyAnusArENa sarvvamEtad ghaTatAm; ananataraM dUtastasyAH samIpAt pratasthE|
2a0127005f	atha katipayadinAt paraM mariyam tasmAt parvvatamayapradEzIyayihUdAyA nagaramEkaM zIghraM gatvA
2a01280046	sikhariyayAjakasya gRhaM pravizya tasya jAyAm ilIzEvAM sambOdhyAvadat|
2a01290092	tatO mariyamaH sambOdhanavAkyE ilIzEvAyAH karNayOH praviSTamAtrE sati tasyA garbbhasthabAlakO nanartta| tata ilIzEvA pavitrENAtmanA paripUrNA satI
2a012a0058	prOccairgaditumArEbhE, yOSitAM madhyE tvamEva dhanyA, tava garbbhasthaH zizuzca dhanyaH|
2a012b004d	tvaM prabhOrmAtA, mama nivEzanE tvayA caraNAvarpitau, mamAdya saubhAgyamEtat|
2a012c0056	pazya tava vAkyE mama karNayOH praviSTamAtrE sati mamOdarasthaH zizurAnandAn nanartta|
2a012d0063	yA strI vyazvasIt sA dhanyA, yatO hEtOstAM prati paramEzvarOktaM vAkyaM sarvvaM siddhaM bhaviSyati|
2a012e0043	tadAnIM mariyam jagAda| dhanyavAdaM parEzasya karOti mAmakaM manaH|
2a012f002b	mamAtmA tArakEzE ca samullAsaM pragacchati|
2a01300064	akarOt sa prabhu rduSTiM svadAsyA durgatiM prati| pazyAdyArabhya mAM dhanyAM vakSyanti puruSAH sadA|
2a0131005a	yaH sarvvazaktimAn yasya nAmApi ca pavitrakaM| sa Eva sumahatkarmma kRtavAn mannimittakaM|
2a01320059	yE bibhyati janAstasmAt tESAM santAnapaMktiSu| anukampA tadIyA ca sarvvadaiva sutiSThati|
2a01330059	svabAhubalatastEna prAkAzyata parAkramaH| manaHkumantraNAsArddhaM vikIryyantE'bhimAninaH|
2a01340058	siMhAsanagatAllOkAn balinazcAvarOhya saH| padESUccESu lOkAMstu kSudrAn saMsthApayatyapi|
2a0135005f	kSudhitAn mAnavAn dravyairuttamaiH paritarpya saH| sakalAn dhaninO lOkAn visRjEd riktahastakAn|
2a0136005d	ibrAhImi ca tadvaMzE yA dayAsti sadaiva tAM| smRtvA purA pitRNAM nO yathA sAkSAt pratizrutaM|
2a0137002a	isrAyElsEvakastEna tathOpakriyatE svayaM||
2a01380057	anantaraM mariyam prAyENa mAsatrayam ilIzEvayA sahOSitvA vyAghuyya nijanivEzanaM yayau|
2a01390046	tadanantaram ilIzEvAyAH prasavakAla upasthitE sati sA putraM prAsOSTa|
2a013a006b	tataH paramEzvarastasyAM mahAnugrahaM kRtavAn Etat zrutvA samIpavAsinaH kuTumbAzcAgatya tayA saha mumudirE|
2a013b0069	tathASTamE dinE tE bAlakasya tvacaM chEttum Etya tasya pitRnAmAnurUpaM tannAma sikhariya iti karttumISuH|
2a013c003d	kintu tasya mAtAkathayat tanna, nAmAsya yOhan iti karttavyam|
2a013d003a	tadA tE vyAharan tava vaMzamadhyE nAmEdRzaM kasyApi nAsti|
2a013e0058	tataH paraM tasya pitaraM sikhariyaM prati sagkEtya papracchuH zizOH kiM nAma kAriSyatE?
2a013f0062	tataH sa phalakamEkaM yAcitvA lilEkha tasya nAma yOhan bhaviSyati| tasmAt sarvvE AzcaryyaM mEnirE|
2a0140006d	tatkSaNaM sikhariyasya jihvAjAPyE'pagatE sa mukhaM vyAdAya spaSTavarNamuccAryya Izvarasya guNAnuvAdaM cakAra|
2a01410076	tasmAccaturdiksthAH samIpavAsilOkA bhItA EvamEtAH sarvvAH kathA yihUdAyAH parvvatamayapradEzasya sarvvatra pracAritAH|
2a01420071	tasmAt zrOtArO manaHsu sthApayitvA kathayAmbabhUvuH kIdRzOyaM bAlO bhaviSyati? atha paramEzvarastasya sahAyObhUt|
2a01430060	tadA yOhanaH pitA sikhariyaH pavitrENAtmanA paripUrNaH san EtAdRzaM bhaviSyadvAkyaM kathayAmAsa|
2a01440058	isrAyElaH prabhu ryastu sa dhanyaH paramEzvaraH| anugRhya nijAllOkAn sa Eva parimOcayEt|
2a0145005b	vipakSajanahastEbhyO yathA mOcyAmahE vayaM| yAvajjIvanjca dharmmENa sAralyEna ca nirbhayAH|
2a01460056	sEvAmahai tamEvaikam EtatkAraNamEva ca| svakIyaM supavitranjca saMsmRtya niyamaM sadA|
2a0147005b	kRpayA puruSAn pUrvvAn nikaSArthAttu naH pituH| ibrAhImaH samIpE yaM zapathaM kRtavAn purA|
2a01480058	tamEva saphalaM karttaM tathA zatrugaNasya ca| RtIyAkAriNazcaiva karEbhyO rakSaNAya naH|
2a01490033	sRSTEH prathamataH svIyaiH pavitrai rbhAvivAdibhiH|
2a014a002e	yathOktavAn tathA svasya dAyUdaH sEvakasya tu|
2a014b002c	vaMzE trAtAramEkaM sa samutpAditavAn svayam|
2a014c00bc	atO hE bAlaka tvantu sarvvEbhyaH zrESTha Eva yaH| tasyaiva bhAvivAdIti pravikhyAtO bhaviSyasi| asmAkaM caraNAn kSEmE mArgE cAlayituM sadA| EvaM dhvAntE'rthatO mRtyOzchAyAyAM yE tu mAnavAH|
2a014d0051	upaviSTAstu tAnEva prakAzayitumEva hi| kRtvA mahAnukampAM hi yAmEva paramEzvaraH|
2a014e005c	UrdvvAt sUryyamudAyyaivAsmabhyaM prAdAttu darzanaM| tayAnukampayA svasya lOkAnAM pApamOcanE|
2a014f0060	paritrANasya tEbhyO hi jnjAnavizrANanAya ca| prabhO rmArgaM pariSkarttuM tasyAgrAyI bhaviSyasi||
2a0150008f	atha bAlakaH zarIrENa buddhyA ca varddhitumArEbhE; aparanjca sa isrAyElO vaMzIyalOkAnAM samIpE yAvanna prakaTIbhUtastAstAvat prAntarE nyavasat|
2a0201005f	aparanjca tasmin kAlE rAjyasya sarvvESAM lOkAnAM nAmAni lEkhayitum agastakaisara AjnjApayAmAsa|
2a0202004c	tadanusArENa kurINiyanAmani suriyAdEzasya zAsakE sati nAmalEkhanaM prArEbhE|
2a02030042	atO hEtO rnAma lEkhituM sarvvE janAH svIyaM svIyaM nagaraM jagmuH|
2a02040095	tadAnIM yUSaph nAma lEkhituM vAgdattayA svabhAryyayA garbbhavatyA mariyamA saha svayaM dAyUdaH sajAtivaMza iti kAraNAd gAlIlpradEzasya nAsaratnagarAd
2a02050035	yihUdApradEzasya baitlEhamAkhyaM dAyUdnagaraM jagAma|
2a02060049	anyacca tatra sthAnE tayOstiSThatOH satO rmariyamaH prasUtikAla upasthitE
2a02070074	sA taM prathamasutaM prAsOSTa kintu tasmin vAsagRhE sthAnAbhAvAd bAlakaM vastrENa vESTayitvA gOzAlAyAM sthApayAmAsa|
2a02080077	anantaraM yE kiyantO mESapAlakAH svamESavrajarakSAyai tatpradEzE sthitvA rajanyAM prAntarE prahariNaH karmma kurvvanti,
2a02090078	tESAM samIpaM paramEzvarasya dUta AgatyOpatasthau; tadA catuSpArzvE paramEzvarasya tEjasaH prakAzitatvAt tE'tizazagkirE|
2a020a0063	tadA sa dUta uvAca mA bhaiSTa pazyatAdya dAyUdaH purE yuSmannimittaM trAtA prabhuH khrISTO'janiSTa,
2a020b004b	sarvvESAM lOkAnAM mahAnandajanakam imaM maggalavRttAntaM yuSmAn jnjApayAmi|
2a020c0073	yUyaM (tatsthAnaM gatvA) vastravESTitaM taM bAlakaM gOzAlAyAM zayanaM drakSyatha yuSmAn pratIdaM cihnaM bhaviSyati|
2a020d0078	dUta imAM kathAM kathitavati tatrAkasmAt svargIyAH pRtanA Agatya kathAm imAM kathayitvEzvarasya guNAnanvavAdiSuH, yathA,
2a020e0063	sarvvOrdvvasthairIzvarasya mahimA samprakAzyatAM| zAntirbhUyAt pRthivyAstu santOSazca narAn prati||
2a020f00c0	tataH paraM tESAM sannidhE rdUtagaNE svargaM gatE mESapAlakAH parasparam avEcan Agacchata prabhuH paramEzvarO yAM ghaTanAM jnjApitavAn tasyA yAtharyaM jnjAtuM vayamadhunA baitlEhampuraM yAmaH|
2a02100052	pazcAt tE tUrNaM vrajitvA mariyamaM yUSaphaM gOzAlAyAM zayanaM bAlakanjca dadRzuH|
2a02110046	itthaM dRSTvA bAlakasyArthE prOktAM sarvvakathAM tE prAcArayAnjcakruH|
2a02120052	tatO yE lOkA mESarakSakANAM vadanEbhyastAM vArttAM zuzruvustE mahAzcaryyaM mEnirE|
2a0213004a	kintu mariyam EtatsarvvaghaTanAnAM tAtparyyaM vivicya manasi sthApayAmAsa|
2a0214007a	tatpazcAd dUtavijnjaptAnurUpaM zrutvA dRSTvA ca mESapAlakA Izvarasya guNAnuvAdaM dhanyavAdanjca kurvvANAH parAvRtya yayuH|
2a0215009f	atha bAlakasya tvakchEdanakAlE'STamadivasE samupasthitE tasya garbbhasthitEH purvvaM svargIyadUtO yathAjnjApayat tadanurUpaM tE tannAmadhEyaM yIzuriti cakrirE|
2a0216004d	tataH paraM mUsAlikhitavyavasthAyA anusArENa mariyamaH zucitvakAla upasthitE,
2a0217005c	"prathamajaH sarvvaH puruSasantAnaH paramEzvarE samarpyatAM," iti paramEzvarasya vyavasthayA
2a02180085	yIzuM paramEzvarE samarpayitum zAstrIyavidhyuktaM kapOtadvayaM pArAvatazAvakadvayaM vA baliM dAtuM tE taM gRhItvA yirUzAlamam AyayuH|
2a0219007f	yirUzAlampuranivAsI zimiyOnnAmA dhArmmika Eka AsIt sa isrAyElaH sAntvanAmapEkSya tasthau kinjca pavitra AtmA tasminnAvirbhUtaH|
2a021a007b	aparaM prabhuNA paramEzvarENAbhiSiktE trAtari tvayA na dRSTE tvaM na mariSyasIti vAkyaM pavitrENa AtmanA tasma prAkathyata|
2a021b0066	aparanjca yadA yIzOH pitA mAtA ca tadarthaM vyavasthAnurUpaM karmma karttuM taM mandiram AninyatustadA
2a021c006a	zimiyOn Atmana AkarSaNEna mandiramAgatya taM krOPE nidhAya Izvarasya dhanyavAdaM kRtvA kathayAmAsa, yathA,
2a021d0054	hE prabhO tava dAsOyaM nijavAkyAnusArataH| idAnIntu sakalyANO bhavatA saMvisRjyatAm|
2a021e0029	yataH sakaladEzasya dIptayE dIptirUpakaM|
2a021f0025	isrAyElIyalOkasya mahAgauravarUpakaM|
2a0220005b	yaM trAyakaM janAnAntu sammukhE tvamajIjanaH| saEva vidyatE'smAkaM dhravaM nayananagOcarE||
2a02210050	tadAnIM tEnOktA EtAH sakalAH kathAH zrutvA tasya mAtA yUSaph ca vismayaM mEnAtE|
2a022200da	tataH paraM zimiyOn tEbhya AziSaM dattvA tanmAtaraM mariyamam uvAca, pazya isrAyElO vaMzamadhyE bahUnAM pAtanAyOtthApanAya ca tathA virOdhapAtraM bhavituM, bahUnAM guptamanOgatAnAM prakaTIkaraNAya bAlakOyaM niyuktOsti|
2a02230027	tasmAt tavApi prANAH zUlEna vyatsyantE|
2a022400b9	aparanjca AzErasya vaMzIyaphinUyElO duhitA hannAkhyA atijaratI bhaviSyadvAdinyEkA yA vivAhAt paraM sapta vatsarAn patyA saha nyavasat tatO vidhavA bhUtvA caturazItivarSavayaHparyyanataM
2a02250061	mandirE sthitvA prArthanOpavAsairdivAnizam Izvaram asEvata sApi strI tasmin samayE mandiramAgatya
2a02260079	paramEzvarasya dhanyavAdaM cakAra, yirUzAlampuravAsinO yAvantO lOkA muktimapEkSya sthitAstAn yIzOrvRttAntaM jnjApayAmAsa|
2a0227007b	itthaM paramEzvarasya vyavasthAnusArENa sarvvESu karmmasu kRtESu tau punazca gAlIlO nAsaratnAmakaM nijanagaraM pratasthAtE|
2a0228007f	tatpazcAd bAlakaH zarIrENa vRddhimEtya jnjAnEna paripUrNa AtmanA zaktimAMzca bhavitumArEbhE tathA tasmin IzvarAnugrahO babhUva|
2a02290049	tasya pitA mAtA ca prativarSaM nistArOtsavasamayE yirUzAlamam agacchatAm|
2a022a005c	aparanjca yIzau dvAdazavarSavayaskE sati tau parvvasamayasya rItyanusArENa yirUzAlamaM gatvA
2a022b0071	pArvvaNaM sampAdya punarapi vyAghuyya yAtaH kintu yIzurbAlakO yirUzAlami tiSThati| yUSaph tanmAtA ca tad aviditvA
2a022c0082	sa saggibhiH saha vidyata Etacca budvvA dinaikagamyamArgaM jagmatuH| kintu zESE jnjAtibandhUnAM samIpE mRgayitvA taduddEzamaprApya
2a022d003d	tau punarapi yirUzAlamam parAvRtyAgatya taM mRgayAnjcakratuH|
2a022e0076	atha dinatrayAt paraM paNPitAnAM madhyE tESAM kathAH zRNvan tattvaM pRcchaMzca mandirE samupaviSTaH sa tAbhyAM dRSTaH|
2a022f0044	tadA tasya buddhyA pratyuttaraizca sarvvE zrOtArO vismayamApadyantE|
2a023000bb	tAdRzaM dRSTvA tasya janakO jananI ca camaccakratuH kinjca tasya mAtA tamavadat, hE putra, kathamAvAM pratItthaM samAcarastvam? pazya tava pitAhanjca zOkAkulau santau tvAmanvicchAvaH sma|
2a0231005e	tataH sOvadat kutO mAm anvaicchataM? piturgRhE mayA sthAtavyam Etat kiM yuvAbhyAM na jnjAyatE?
2a0232003a	kintu tau tasyaitadvAkyasya tAtparyyaM bOddhuM nAzaknutAM|
2a0233007a	tataH paraM sa tAbhyAM saha nAsarataM gatvA tayOrvazIbhUtastasthau kintu sarvvA EtAH kathAstasya mAtA manasi sthApayAmAsa|
2a0234005b	atha yIzO rbuddhiH zarIranjca tathA tasmin Izvarasya mAnavAnAnjcAnugrahO varddhitum ArEbhE|
2a030100f0	anantaraM tibiriyakaisarasya rAjatvasya panjcadazE vatsarE sati yadA pantIyapIlAtO yihUdAdEzAdhipati rhErOd tu gAlIlpradEzasya rAjA philipanAmA tasya bhrAtA tu yitUriyAyAstrAkhOnItiyApradEzasya ca rAjAsIt luSAnIyanAmA avilInIdEzasya rAjAsIt
2a0302007b	hAnan kiyaphAzcEmau pradhAnayAjAkAvAstAM tadAnIM sikhariyasya putrAya yOhanE madhyEprAntaram Izvarasya vAkyE prakAzitE sati
2a0303008f	sa yarddana ubhayataTapradEzAn samEtya pApamOcanArthaM manaHparAvarttanasya cihnarUpaM yanmajjanaM tadIyAH kathAH sarvvatra pracArayitumArEbhE|
2a0304008e	yizayiyabhaviSyadvaktRgranthE yAdRzI lipirAstE yathA, paramEzasya panthAnaM pariSkuruta sarvvataH| tasya rAjapathanjcaiva samAnaM kurutAdhunA|
2a030500b9	kAriSyantE samucchrAyAH sakalA nimnabhUmayaH| kAriSyantE natAH sarvvE parvvatAzcOpaparvvatAH| kAriSyantE ca yA vakrAstAH sarvvAH saralA bhuvaH| kAriSyantE samAnAstA yA uccanIcabhUmayaH|
2a03060060	IzvarENa kRtaM trANaM drakSyanti sarvvamAnavAH| ityEtat prAntarE vAkyaM vadataH kasyacid ravaH||
2a0307006e	yE yE lOkA majjanArthaM bahirAyayustAn sOvadat rE rE sarpavaMzA AgAminaH kOpAt palAyituM yuSmAn kazcEtayAmAsa?
2a030800c8	tasmAd ibrAhIm asmAkaM pitA kathAmIdRzIM manObhi rna kathayitvA yUyaM manaHparivarttanayOgyaM phalaM phalata; yuSmAnahaM yathArthaM vadAmi pASANEbhya EtEbhya Izvara ibrAhImaH santAnOtpAdanE samarthaH|
2a03090070	aparanjca tarumUlE'dhunApi parazuH saMlagnOsti yastaruruttamaM phalaM na phalati sa chidyatE'gnau nikSipyatE ca|
2a030a0038	tadAnIM lOkAstaM papracchustarhi kiM karttavyamasmAbhiH?
2a030b007d	tataH sOvAdIt yasya dvE vasanE vidyEtE sa vastrahInAyaikaM vitaratu kiMnjca yasya khAdyadravyaM vidyatE sOpi tathaiva karOtu|
2a030c0059	tataH paraM karasanjcAyinO majjanArtham Agatya papracchuH hE gurO kiM karttavyamasmAbhiH?
2a030d002d	tataH sOkathayat nirUpitAdadhikaM na gRhlita|
2a030e00a9	anantaraM sEnAgaNa Etya papraccha kimasmAbhi rvA karttavyam? tataH sObhidadhE kasya kAmapi hAniM mA kArSTa tathA mRSApavAdaM mA kuruta nijavEtanEna ca santuSya tiSThata|
2a030f0069	aparanjca lOkA apEkSayA sthitvA sarvvEpIti manObhi rvitarkayAnjcakruH, yOhanayam abhiSiktastrAtA na vEti?
2a031000ca	tadA yOhan sarvvAn vyAjahAra, jalE'haM yuSmAn majjayAmi satyaM kintu yasya pAdukAbandhanaM mOcayitumapi na yOgyOsmi tAdRza EkO mattO gurutaraH pumAn Eti, sa yuSmAn vahnirUpE pavitra Atmani majjayiSyati|
2a031100a2	aparanjca tasya hastE zUrpa AstE sa svazasyAni zuddharUpaM prasphOTya gOdhUmAn sarvvAn bhANPAgArE saMgrahISyati kintu bUSANi sarvvANyanirvvANavahninA dAhayiSyati|
2a0312003e	yOhan upadEzEnEtthaM nAnAkathA lOkAnAM samakSaM pracArayAmAsa|
2a03130077	aparanjca hErOd rAjA philipnAmnaH sahOdarasya bhAryyAM hErOdiyAmadhi tathAnyAni yAni yAni kukarmmANi kRtavAn tadadhi ca
2a0314004b	yOhanA tiraskRtO bhUtvA kArAgArE tasya bandhanAd aparamapi kukarmma cakAra|
2a03150051	itaH pUrvvaM yasmin samayE sarvvE yOhanA majjitAstadAnIM yIzurapyAgatya majjitaH|
2a031600c0	tadanantaraM tEna prArthitE mEghadvAraM muktaM tasmAcca pavitra AtmA mUrttimAn bhUtvA kapOtavat taduparyyavarurOha; tadA tvaM mama priyaH putrastvayi mama paramaH santOSa ityAkAzavANI babhUva|
2a03170054	tadAnIM yIzuH prAyENa triMzadvarSavayaska AsIt| laukikajnjAnE tu sa yUSaphaH putraH,
2a03180080	yUSaph ElEH putraH, ElirmattataH putraH, mattat lEvEH putraH, lEvi rmalkEH putraH, malkiryAnnasya putraH; yAnnO yUSaphaH putraH|
2a03190071	yUSaph mattathiyasya putraH, mattathiya AmOsaH putraH, AmOs nahUmaH putraH, nahUm iSlEH putraH iSlirnagEH putraH|
2a031a0077	nagirmATaH putraH, mAT mattathiyasya putraH, mattathiyaH zimiyEH putraH, zimiyiryUSaphaH putraH, yUSaph yihUdAH putraH|
2a031b007b	yihUdA yOhAnAH putraH, yOhAnA rISAH putraH, rISAH sirubbAbilaH putraH, sirubbAbil zaltIyElaH putraH, zaltIyEl nErEH putraH|
2a031c006a	nErirmalkEH putraH, malkiH adyaH putraH, addI kOSamaH putraH, kOSam ilmOdadaH putraH, ilmOdad EraH putraH|
2a031d006f	Er yOzEH putraH, yOziH ilIyESaraH putraH, ilIyESar yOrImaH putraH, yOrIm mattataH putraH, mattata lEvEH putraH|
2a031e0077	lEviH zimiyOnaH putraH, zimiyOn yihUdAH putraH, yihUdA yUSuphaH putraH, yUSuph yOnanaH putraH, yAnan ilIyAkImaH putraH|
2a031f007d	iliyAkImH milEyAH putraH, milEyA mainanaH putraH, mainan mattattasya putraH, mattattO nAthanaH putraH, nAthan dAyUdaH putraH|
2a0320006f	dAyUd yizayaH putraH, yizaya ObEdaH putra, ObEd bOyasaH putraH, bOyas salmOnaH putraH, salmOn nahazOnaH putraH|
2a03210077	nahazOn ammInAdabaH putraH, ammInAdab arAmaH putraH, arAm hiSrONaH putraH, hiSrON pErasaH putraH, pEras yihUdAH putraH|
2a03220072	yihUdA yAkUbaH putraH, yAkUb ishAkaH putraH, ishAk ibrAhImaH putraH, ibrAhIm tErahaH putraH, tErah nAhOraH putraH|
2a0323006a	nAhOr sirugaH putraH, sirug riyvaH putraH, riyUH pElagaH putraH, pElag EvaraH putraH, Evar zElahaH putraH|
2a03240070	zElah kainanaH putraH, kainan arphakSadaH putraH, arphakSad zAmaH putraH, zAm nOhaH putraH, nOhO lEmakaH putraH|
2a03250080	lEmak mithUzElahaH putraH, mithUzElah hanOkaH putraH, hanOk yEradaH putraH, yErad mahalalElaH putraH, mahalalEl kainanaH putraH|
2a03260051	kainan inOzaH putraH, inOz zEtaH putraH, zEt AdamaH putra, Adam Izvarasya putraH|
2a0401008d	tataH paraM yIzuH pavitrENAtmanA pUrNaH san yarddananadyAH parAvRtyAtmanA prAntaraM nItaH san catvAriMzaddinAni yAvat zaitAnA parIkSitO'bhUt,
2a0402004c	kinjca tAni sarvvadinAni bhOjanaM vinA sthitatvAt kAlE pUrNE sa kSudhitavAn|
2a0403005c	tataH zaitAnAgatya tamavadat tvaM cEdIzvarasya putrastarhi prastarAnEtAn AjnjayA pUpAn kuru|
2a04040070	tadA yIzuruvAca, lipirIdRzI vidyatE manujaH kEvalEna pUpEna na jIvati kintvIzvarasya sarvvAbhirAjnjAbhi rjIvati|
2a04050056	tadA zaitAn tamuccaM parvvataM nItvA nimiSaikamadhyE jagataH sarvvarAjyAni darzitavAn|
2a0406008a	pazcAt tamavAdIt sarvvam Etad vibhavaM pratApanjca tubhyaM dAsyAmi tan mayi samarpitamAstE yaM prati mamEcchA jAyatE tasmai dAtuM zaknOmi,
2a04070039	tvaM cEnmAM bhajasE tarhi sarvvamEtat tavaiva bhaviSyati|
2a04080076	tadA yIzustaM pratyuktavAn dUrI bhava zaitAn lipirAstE, nijaM prabhuM paramEzvaraM bhajasva kEvalaM tamEva sEvasva ca|
2a04090083	atha zaitAn taM yirUzAlamaM nItvA mandirasya cUPAyA upari samupavEzya jagAda tvaM cEdIzvarasya putrastarhi sthAnAditO lamphitvAdhaH
2a040a0041	pata yatO lipirAstE, AjnjApayiSyati svIyAn dUtAn sa paramEzvaraH|
2a040b0062	rakSituM sarvvamArgE tvAM tEna tvaccaraNE yathA| na lagEt prastarAghAtastvAM dhariSyanti tE tathA|
2a040c004e	tadA yIzunA pratyuktam idamapyuktamasti tvaM svaprabhuM parEzaM mA parIkSasva|
2a040d003d	pazcAt zaitAn sarvvaparIkSAM samApya kSaNAttaM tyaktvA yayau|
2a040e0054	tadA yIzurAtmaprabhAvAt punargAlIlpradEzaM gatastadA tatsukhyAtizcaturdizaM vyAnazE|
2a040f003c	sa tESAM bhajanagRhESu upadizya sarvvaiH prazaMsitO babhUva|
2a04100067	atha sa svapAlanasthAnaM nAsaratpuramEtya vizrAmavArE svAcArAd bhajanagEhaM pravizya paThitumuttasthau|
2a04110092	tatO yizayiyabhaviSyadvAdinaH pustakE tasya karadattE sati sa tat pustakaM vistAryya yatra vakSyamANAni vacanAni santi tat sthAnaM prApya papATha|
2a041200e2	AtmA tu paramEzasya madIyOpari vidyatE| daridrESu susaMvAdaM vaktuM mAM sObhiSiktavAn| bhagnAntaH karaNAllOkAn susvasthAn karttumEva ca| bandIkRtESu lOkESu muktE rghOSayituM vacaH| nEtrANi dAtumandhEbhyastrAtuM baddhajanAnapi|
2a04130055	parEzAnugrahE kAlaM pracArayitumEva ca| sarvvaitatkaraNArthAya mAmEva prahiNOti saH||
2a04140090	tataH pustakaM badvvA paricArakasya hastE samarpya cAsanE samupaviSTaH, tatO bhajanagRhE yAvantO lOkA Asan tE sarvvE'nanyadRSTyA taM vilulOkirE|
2a0415006e	anantaram adyaitAni sarvvANi likhitavacanAni yuSmAkaM madhyE siddhAni sa imAM kathAM tEbhyaH kathayitumArEbhE|
2a04160087	tataH sarvvE tasmin anvarajyanta, kinjca tasya mukhAnnirgatAbhiranugrahasya kathAbhizcamatkRtya kathayAmAsuH kimayaM yUSaphaH putrO na?
2a041700a5	tadA sO'vAdId hE cikitsaka svamEva svasthaM kuru kapharnAhUmi yadyat kRtavAn tadazrauSma tAH sarvAH kriyA atra svadEzE kuru kathAmEtAM yUyamEvAvazyaM mAM vadiSyatha|
2a0418005c	punaH sOvAdId yuSmAnahaM yathArthaM vadAmi, kOpi bhaviSyadvAdI svadEzE satkAraM na prApnOti|
2a041900c0	aparanjca yathArthaM vacmi, Eliyasya jIvanakAlE yadA sArddhatritayavarSANi yAvat jaladapratibandhAt sarvvasmin dEzE mahAdurbhikSam ajaniSTa tadAnIm isrAyElO dEzasya madhyE bahvyO vidhavA Asan,
2a041a0067	kintu sIdOnpradEzIyasAriphatpuranivAsinIm EkAM vidhavAM vinA kasyAzcidapi samIpE EliyaH prEritO nAbhUt|
2a041b0093	aparanjca ilIzAyabhaviSyadvAdividyamAnatAkAlE isrAyEldEzE bahavaH kuSThina Asan kintu surIyadEzIyaM nAmAnkuSThinaM vinA kOpyanyaH pariSkRtO nAbhUt|
2a041c003c	imAM kathAM zrutvA bhajanagEhasthitA lOkAH sakrOdham utthAya
2a041d0071	nagarAttaM bahiSkRtya yasya zikhariNa upari tESAM nagaraM sthApitamAstE tasmAnnikSEptuM tasya zikharaM taM ninyuH
2a041e0033	kintu sa tESAM madhyAdapasRtya sthAnAntaraM jagAma|
2a041f0061	tataH paraM yIzurgAlIlpradEzIyakapharnAhUmnagara upasthAya vizrAmavArE lOkAnupadESTum ArabdhavAn|
2a0420003e	tadupadEzAt sarvvE camaccakru ryatastasya kathA gurutarA Asan|
2a0421004b	tadAnIM tadbhajanagEhasthitO'mEdhyabhUtagrasta EkO jana uccaiH kathayAmAsa,
2a04220085	hE nAsaratIyayIzO'smAn tyaja, tvayA sahAsmAkaM kaH sambandhaH? kimasmAn vinAzayitumAyAsi? tvamIzvarasya pavitrO jana EtadahaM jAnAmi|
2a04230091	tadA yIzustaM tarjayitvAvadat maunI bhava itO bahirbhava; tataH sOmEdhyabhUtastaM madhyasthAnE pAtayitvA kinjcidapyahiMsitvA tasmAd bahirgatavAn|
2a04240099	tataH sarvvE lOkAzcamatkRtya parasparaM vaktumArEbhirE kOyaM camatkAraH| ESa prabhAvENa parAkramENa cAmEdhyabhUtAn AjnjApayati tEnaiva tE bahirgacchanti|
2a04250033	anantaraM caturdiksthadEzAn tasya sukhyAtirvyApnOt|
2a04260095	tadanantaraM sa bhajanagEhAd bahirAgatya zimOnO nivEzanaM pravivEza tadA tasya zvazrUrjvarENAtyantaM pIPitAsIt ziSyAstadarthaM tasmin vinayaM cakruH|
2a04270072	tataH sa tasyAH samIpE sthitvA jvaraM tarjayAmAsa tEnaiva tAM jvarO'tyAkSIt tataH sA tatkSaNam utthAya tAn siSEvE|
2a04280094	atha sUryyAstakAlE svESAM yE yE janA nAnArOgaiH pIPitA Asan lOkAstAn yIzOH samIpam AninyuH, tadA sa Ekaikasya gAtrE karamarpayitvA tAnarOgAn cakAra|
2a042900b2	tatO bhUtA bahubhyO nirgatya cItzabdaM kRtvA ca babhASirE tvamIzvarasya putrO'bhiSiktatrAtA; kintu sObhiSiktatrAtEti tE vividurEtasmAt kAraNAt tAn tarjayitvA tadvaktuM niSiSEdha|
2a042a0085	aparanjca prabhAtE sati sa vijanasthAnaM pratasthE pazcAt janAstamanvicchantastannikaTaM gatvA sthAnAntaragamanArthaM tamanvarundhan|
2a042b007b	kintu sa tAn jagAda, IzvarIyarAjyasya susaMvAdaM pracArayitum anyAni purANyapi mayA yAtavyAni yatastadarthamEva prEritOhaM|
2a042c0027	atha gAlIlO bhajanagEhESu sa upadidEza|
2a0501006a	anantaraM yIzurEkadA ginESarathdasya tIra uttiSThati, tadA lOkA IzvarIyakathAM zrOtuM tadupari prapatitAH|
2a05020066	tadAnIM sa hdasya tIrasamIpE naudvayaM dadarza kinjca matsyOpajIvinO nAvaM vihAya jAlaM prakSAlayanti|
2a0503007e	tatastayOrdvayO rmadhyE zimOnO nAvamAruhya tIrAt kinjciddUraM yAtuM tasmin vinayaM kRtvA naukAyAmupavizya lOkAn prOpadiSTavAn|
2a05040067	pazcAt taM prastAvaM samApya sa zimOnaM vyAjahAra, gabhIraM jalaM gatvA matsyAn dharttuM jAlaM nikSipa|
2a05050087	tataH zimOna babhASE, hE gurO yadyapi vayaM kRtsnAM yAminIM parizramya matsyaikamapi na prAptAstathApi bhavatO nidEzatO jAlaM kSipAmaH|
2a05060036	atha jAlE kSiptE bahumatsyapatanAd AnAyaH pracchinnaH|
2a0507008c	tasmAd upakarttum anyanausthAn saggina AyAtum iggitEna samAhvayan tatasta Agatya matsyai rnaudvayaM prapUrayAmAsu ryai rnaudvayaM pramagnam|
2a05080075	tadA zimOnpitarastad vilOkya yIzOzcaraNayOH patitvA, hE prabhOhaM pApI narO mama nikaTAd bhavAn yAtu, iti kathitavAn|
2a05090092	yatO jAlE patitAnAM matsyAnAM yUthAt zimOn tatsagginazca camatkRtavantaH; zimOnaH sahakAriNau sivadEH putrau yAkUb yOhan cEmau tAdRzau babhUvatuH|
2a050a004c	tadA yIzuH zimOnaM jagAda mA bhaiSIradyArabhya tvaM manuSyadharO bhaviSyasi|
2a050b0059	anantaraM sarvvAsu nausu tIram AnItAsu tE sarvvAn parityajya tasya pazcAdgAminO babhUvuH|
2a050c00c2	tataH paraM yIzau kasmiMzcit purE tiSThati jana EkaH sarvvAggakuSThastaM vilOkya tasya samIpE nyubjaH patitvA savinayaM vaktumArEbhE, hE prabhO yadi bhavAnicchati tarhi mAM pariSkarttuM zaknOti|
2a050d0075	tadAnIM sa pANiM prasAryya tadaggaM spRzan babhASE tvaM pariSkriyasvEti mamEcchAsti tatastatkSaNaM sa kuSThAt muktaH|
2a050e00b5	pazcAt sa tamAjnjApayAmAsa kathAmimAM kasmaicid akathayitvA yAjakasya samIpanjca gatvA svaM darzaya, lOkEbhyO nijapariSkRtatvasya pramANadAnAya mUsAjnjAnusArENa dravyamutmRjasva ca|
2a050f006b	tathApi yIzOH sukhyAti rbahu vyAptumArEbhE kinjca tasya kathAM zrOtuM svIyarOgEbhyO mOktunjca lOkA AjagmuH|
2a05100029	atha sa prAntaraM gatvA prArthayAnjcakrE|
2a051100e2	aparanjca EkadA yIzurupadizati, Etarhi gAlIlyihUdApradEzayOH sarvvanagarEbhyO yirUzAlamazca kiyantaH phirUzilOkA vyavasthApakAzca samAgatya tadantikE samupavivizuH, tasmin kAlE lOkAnAmArOgyakAraNAt prabhOH prabhAvaH pracakAzE|
2a05120071	pazcAt kiyantO lOkA EkaM pakSAghAtinaM khaTvAyAM nidhAya yIzOH samIpamAnEtuM sammukhE sthApayitunjca vyApriyanta|
2a05130095	kintu bahujananivahasamvAdhAt na zaknuvantO gRhOpari gatvA gRhapRSThaM khanitvA taM pakSAghAtinaM sakhaTvaM gRhamadhyE yIzOH sammukhE 'varOhayAmAsuH|
2a05140063	tadA yIzustESAm IdRzaM vizvAsaM vilOkya taM pakSAghAtinaM vyAjahAra, hE mAnava tava pApamakSamyata|
2a0515008d	tasmAd adhyApakAH phirUzinazca cittairitthaM pracintitavantaH, ESa jana IzvaraM nindati kOyaM? kEvalamIzvaraM vinA pApaM kSantuM kaH zaknOti?
2a05160058	tadA yIzustESAm itthaM cintanaM viditvA tEbhyOkathayad yUyaM manObhiH kutO vitarkayatha?
2a0517004c	tava pApakSamA jAtA yadvA tvamutthAya vraja EtayO rmadhyE kA kathA sukathyA?
2a051800b6	kintu pRthivyAM pApaM kSantuM mAnavasutasya sAmarthyamastIti yathA yUyaM jnjAtuM zaknutha tadarthaM (sa taM pakSAghAtinaM jagAda) uttiSTha svazayyAM gRhItvA gRhaM yAhIti tvAmAdizAmi|
2a0519006d	tasmAt sa tatkSaNam utthAya sarvvESAM sAkSAt nijazayanIyaM gRhItvA IzvaraM dhanyaM vadan nijanivEzanaM yayau|
2a051a0077	tasmAt sarvvE vismaya prAptA manaHsu bhItAzca vayamadyAsambhavakAryyANyadarzAma ityuktvA paramEzvaraM dhanyaM prOditAH|
2a051b0070	tataH paraM bahirgacchan karasanjcayasthAnE lEvinAmAnaM karasanjcAyakaM dRSTvA yIzustamabhidadhE mama pazcAdEhi|
2a051c0039	tasmAt sa tatkSaNAt sarvvaM parityajya tasya pazcAdiyAya|
2a051d007a	anantaraM lEvi rnijagRhE tadarthaM mahAbhOjyaM cakAra, tadA taiH sahAnEkE karasanjcAyinastadanyalOkAzca bhOktumupavivizuH|
2a051e00a7	tasmAt kAraNAt caNPAlAnAM pApilOkAnAnjca saggE yUyaM kutO bhaMgdhvE pivatha cEti kathAM kathayitvA phirUzinO'dhyApakAzca tasya ziSyaiH saha vAgyuddhaM karttumArEbhirE|
2a051f0059	tasmAd yIzustAn pratyavOcad arOgalOkAnAM cikitsakEna prayOjanaM nAsti kintu sarOgANAmEva|
2a05200049	ahaM dhArmmikAn AhvAtuM nAgatOsmi kintu manaH parAvarttayituM pApina Eva|
2a0521007e	tatastE prOcuH, yOhanaH phirUzinAnjca ziSyA vAraMvAram upavasanti prArthayantE ca kintu tava ziSyAH kutO bhunjjatE pivanti ca?
2a05220054	tadA sa tAnAcakhyau varE saggE tiSThati varasya sakhigaNaM kimupavAsayituM zaknutha?
2a0523003e	kintu yadA tESAM nikaTAd varO nESyatE tadA tE samupavatsyanti|
2a052400a8	sOparamapi dRSTAntaM kathayAmbabhUva purAtanavastrE kOpi nutanavastraM na sIvyati yatastEna sEvanEna jIrNavastraM chidyatE, nUtanapurAtanavastrayO rmElanjca na bhavati|
2a0525009b	purAtanyAM kutvAM kOpi nutanaM drAkSArasaM na nidadhAti, yatO navInadrAkSArasasya tEjasA purAtanI kutU rvidIryyatE tatO drAkSArasaH patati kutUzca nazyati|
2a05260053	tatO hEtO rnUtanyAM kutvAM navInadrAkSArasaH nidhAtavyastEnObhayasya rakSA bhavati|
2a0527006c	aparanjca purAtanaM drAkSArasaM pItvA kOpi nUtanaM na vAnjchati, yataH sa vakti nUtanAt purAtanam prazastam|
2a06010099	acaranjca parvvaNO dvitIyadinAt paraM prathamavizrAmavArE zasyakSEtrENa yIzOrgamanakAlE tasya ziSyAH kaNizaM chittvA karESu marddayitvA khAditumArEbhirE|
2a0602005b	tasmAt kiyantaH phirUzinastAnavadan vizrAmavArE yat karmma na karttavyaM tat kutaH kurutha?
2a06030064	yIzuH pratyuvAca dAyUd tasya sagginazca kSudhArttAH kiM cakruH sa katham Izvarasya mandiraM pravizya
2a06040083	yE darzanIyAH pUpA yAjakAn vinAnyasya kasyApyabhOjanIyAstAnAnIya svayaM bubhajE saggibhyOpi dadau tat kiM yuSmAbhiH kadApi nApAThi?
2a06050040	pazcAt sa tAnavadat manujasutO vizrAmavArasyApi prabhu rbhavati|
2a06060079	anantaram anyavizrAmavArE sa bhajanagEhaM pravizya samupadizati| tadA tatsthAnE zuSkadakSiNakara EkaH pumAn upatasthivAn|
2a06070077	tasmAd adhyApakAH phirUzinazca tasmin dOSamArOpayituM sa vizrAmavArE tasya svAsthyaM karOti navEti pratIkSitumArEbhirE|
2a06080060	tadA yIzustESAM cintAM viditvA taM zuSkakaraM pumAMsaM prOvAca, tvamutthAya madhyasthAnE tiSTha|
2a060900a2	tasmAt tasmin utthitavati yIzustAn vyAjahAra, yuSmAn imAM kathAM pRcchAmi, vizrAmavArE hitam ahitaM vA, prANarakSaNaM prANanAzanaM vA, EtESAM kiM karmmakaraNIyam?
2a060a0089	pazcAt caturdikSu sarvvAn vilOkya taM mAnavaM babhASE, nijakaraM prasAraya; tatastEna tathA kRta itarakaravat tasya hastaH svasthObhavat|
2a060b004b	tasmAt tE pracaNPakOpAnvitA yIzuM kiM kariSyantIti parasparaM pramantritAH|
2a060c0054	tataH paraM sa parvvatamAruhyEzvaramuddizya prArthayamAnaH kRtsnAM rAtriM yApitavAn|
2a060d0036	atha dinE sati sa sarvvAn ziSyAn AhUtavAn tESAM madhyE
2a060e0057	pitaranAmnA khyAtaH zimOn tasya bhrAtA Andriyazca yAkUb yOhan ca philip barthalamayazca
2a060f003f	mathiH thOmA AlphIyasya putrO yAkUb jvalantanAmnA khyAtaH zimOn
2a061000a7	ca yAkUbO bhrAtA yihUdAzca taM yaH parakarESu samarpayiSyati sa ISkarIyOtIyayihUdAzcaitAn dvAdaza janAn manOnItAn kRtvA sa jagrAha tathA prErita iti tESAM nAma cakAra|
2a061100e1	tataH paraM sa taiH saha parvvatAdavaruhya upatyakAyAM tasthau tatastasya ziSyasagghO yihUdAdEzAd yirUzAlamazca sOraH sIdOnazca jaladhE rOdhasO jananihAzca Etya tasya kathAzravaNArthaM rOgamuktyarthanjca tasya samIpE tasthuH|
2a06120038	amEdhyabhUtagrastAzca tannikaTamAgatya svAsthyaM prApuH|
2a06130057	sarvvESAM svAsthyakaraNaprabhAvasya prakAzitatvAt sarvvE lOkA Etya taM spraSTuM yEtirE|
2a06140066	pazcAt sa ziSyAn prati dRSTiM kutvA jagAda, hE daridrA yUyaM dhanyA yata IzvarIyE rAjyE vO'dhikArOsti|
2a06150071	hE adhunA kSudhitalOkA yUyaM dhanyA yatO yUyaM tarpsyatha; hE iha rOdinO janA yUyaM dhanyA yatO yUyaM hasiSyatha|
2a06160090	yadA lOkA manuSyasUnO rnAmahEtO ryuSmAn RtIyiSyantE pRthak kRtvA nindiSyanti, adhamAniva yuSmAn svasamIpAd dUrIkariSyanti ca tadA yUyaM dhanyAH|
2a061700a5	svargE yuSmAkaM yathESTaM phalaM bhaviSyati, EtadarthaM tasmin dinE prOllasata AnandEna nRtyata ca, tESAM pUrvvapuruSAzca bhaviSyadvAdinaH prati tathaiva vyavAharan|
2a06180059	kintu hA hA dhanavantO yUyaM sukhaM prApnuta| hanta paritRptA yUyaM kSudhitA bhaviSyatha;
2a0619003a	iha hasantO yUyaM vata yuSmAbhiH zOcitavyaM rOditavyanjca|
2a061a0089	sarvvailAkai ryuSmAkaM sukhyAtau kRtAyAM yuSmAkaM durgati rbhaviSyati yuSmAkaM pUrvvapuruSA mRSAbhaviSyadvAdinaH prati tadvat kRtavantaH|
2a061b006a	hE zrOtArO yuSmabhyamahaM kathayAmi, yUyaM zatruSu prIyadhvaM yE ca yuSmAn dviSanti tESAmapi hitaM kuruta|
2a061c0060	yE ca yuSmAn zapanti tEbhya AziSaM datta yE ca yuSmAn avamanyantE tESAM maggalaM prArthayadhvaM|
2a061d00c4	yadi kazcit tava kapOlE capETAghAtaM karOti tarhi taM prati kapOlam anyaM parAvarttya sammukhIkuru punazca yadi kazcit tava gAtrIyavastraM harati tarhi taM paridhEyavastram api grahItuM mA vAraya|
2a061e0047	yastvAM yAcatE tasmai dEhi, yazca tava sampattiM harati taM mA yAcasva|
2a061f004e	parEbhyaH svAn prati yathAcaraNam apEkSadhvE parAn prati yUyamapi tathAcarata|
2a0620006f	yE janA yuSmAsu prIyantE kEvalaM tESu prIyamANESu yuSmAkaM kiM phalaM? pApilOkA api svESu prIyamANESu prIyantE|
2a0621005a	yadi hitakAriNa Eva hitaM kurutha tarhi yuSmAkaM kiM phalaM? pApilOkA api tathA kurvvanti|
2a06220092	yEbhya RNaparizOdhasya prAptipratyAzAstE kEvalaM tESu RNE samarpitE yuSmAkaM kiM phalaM? punaH prAptyAzayA pApIlOkA api pApijanESu RNam arpayanti|
2a062300fe	atO yUyaM ripuSvapi prIyadhvaM, parahitaM kuruta ca; punaH prAptyAzAM tyaktvA RNamarpayata, tathA kRtE yuSmAkaM mahAphalaM bhaviSyati, yUyanjca sarvvapradhAnasya santAnA iti khyAtiM prApsyatha, yatO yuSmAkaM pitA kRtaghnAnAM durvTattAnAnjca hitamAcarati|
2a0624003a	ata Eva sa yathA dayAlu ryUyamapi tAdRzA dayAlavO bhavata|
2a062500c1	aparanjca parAn dOSiNO mA kuruta tasmAd yUyaM dOSIkRtA na bhaviSyatha; adaNPyAn mA daNPayata tasmAd yUyamapi daNPaM na prApsyatha; parESAM dOSAn kSamadhvaM tasmAd yuSmAkamapi dOSAH kSamiSyantE|
2a062600e1	dAnAnidatta tasmAd yUyaM dAnAni prApsyatha, varanjca lOkAH parimANapAtraM pradalayya sanjcAlya prOnjcAlya paripUryya yuSmAkaM krOPESu samarpayiSyanti; yUyaM yEna parimANEna parimAtha tEnaiva parimANEna yuSmatkRtE parimAsyatE|
2a06270085	atha sa tEbhyO dRSTAntakathAmakathayat, andhO janaH kimandhaM panthAnaM darzayituM zaknOti? tasmAd ubhAvapi kiM garttE na patiSyataH?
2a0628004e	gurOH ziSyO na zrESThaH kintu ziSyE siddhE sati sa gurutulyO bhavituM zaknOti|
2a0629005e	aparanjca tvaM svacakSuSi nAsAm adRSTvA tava bhrAtuzcakSuSi yattRNamasti tadEva kutaH pazyami?
2a062a00e3	svacakSuSi yA nAsA vidyatE tAm ajnjAtvA, bhrAtastava nEtrAt tRNaM bahiH karOmIti vAkyaM bhrAtaraM kathaM vaktuM zaknOSi? hE kapaTin pUrvvaM svanayanAt nAsAM bahiH kuru tatO bhrAtuzcakSuSastRNaM bahiH karttuM sudRSTiM prApsyasi|
2a062b0086	anyanjca uttamastaruH kadApi phalamanuttamaM na phalati, anuttamataruzca phalamuttamaM na phalati kAraNAdataH phalaistaravO jnjAyantE|
2a062c0068	kaNTakipAdapAt kOpi uPumbaraphalAni na pAtayati tathA zRgAlakOlivRkSAdapi kOpi drAkSAphalaM na pAtayati|
2a062d00da	tadvat sAdhulOkO'ntaHkaraNarUpAt subhANPAgArAd uttamAni dravyANi bahiH karOti, duSTO lOkazcAntaHkaraNarUpAt kubhANPAgArAt kutsitAni dravyANi nirgamayati yatO'ntaHkaraNAnAM pUrNabhAvAnurUpANi vacAMsi mukhAnnirgacchanti|
2a062e0047	aparanjca mamAjnjAnurUpaM nAcaritvA kutO mAM prabhO prabhO iti vadatha?
2a062f007e	yaH kazcin mama nikaTam Agatya mama kathA nizamya tadanurUpaM karmma karOti sa kasya sadRzO bhavati tadahaM yuSmAn jnjApayAmi|
2a063000dc	yO janO gabhIraM khanitvA pASANasthalE bhittiM nirmmAya svagRhaM racayati tEna saha tasyOpamA bhavati; yata AplAvijalamEtya tasya mUlE vEgEna vahadapi tadgEhaM lAPayituM na zaknOti yatastasya bhittiH pASANOpari tiSThati|
2a063100ca	kintu yaH kazcin mama kathAH zrutvA tadanurUpaM nAcarati sa bhittiM vinA mRdupari gRhanirmmAtrA samAnO bhavati; yata AplAvijalamAgatya vEgEna yadA vahati tadA tadgRhaM patati tasya mahat patanaM jAyatE|
2a0701005f	tataH paraM sa lOkAnAM karNagOcarE tAn sarvvAn upadEzAn samApya yadA kapharnAhUmpuraM pravizati
2a07020038	tadA zatasEnApatEH priyadAsa EkO mRtakalpaH pIPita AsIt|
2a0703007f	ataH sEnApati ryIzO rvArttAM nizamya dAsasyArOgyakaraNAya tasyAgamanArthaM vinayakaraNAya yihUdIyAn kiyataH prAcaH prESayAmAsa|
2a07040060	tE yIzOrantikaM gatvA vinayAtizayaM vaktumArEbhirE, sa sEnApati rbhavatOnugrahaM prAptum arhati|
2a0705004b	yataH sOsmajjAtIyESu lOkESu prIyatE tathAsmatkRtE bhajanagEhaM nirmmitavAn|
2a070600df	tasmAd yIzustaiH saha gatvA nivEzanasya samIpaM prApa, tadA sa zatasEnApati rvakSyamANavAkyaM taM vaktuM bandhUn prAhiNOt| hE prabhO svayaM zramO na karttavyO yad bhavatA madgEhamadhyE pAdArpaNaM kriyEta tadapyahaM nArhAmi,
2a07070081	kinjcAhaM bhavatsamIpaM yAtumapi nAtmAnaM yOgyaM buddhavAn, tatO bhavAn vAkyamAtraM vadatu tEnaiva mama dAsaH svasthO bhaviSyati|
2a070800c7	yasmAd ahaM parAdhInOpi mamAdhInA yAH sEnAH santi tAsAm EkajanaM prati yAhIti mayA prOktE sa yAti; tadanyaM prati AyAhIti prOktE sa AyAti; tathA nijadAsaM prati Etat kurvviti prOktE sa tadEva karOti|
2a070900a0	yIzuridaM vAkyaM zrutvA vismayaM yayau, mukhaM parAvartya pazcAdvarttinO lOkAn babhASE ca, yuSmAnahaM vadAmi isrAyElO vaMzamadhyEpi vizvAsamIdRzaM na prApnavaM|
2a070a003f	tatastE prESitA gRhaM gatvA taM pIPitaM dAsaM svasthaM dadRzuH|
2a070b0059	parE'hani sa nAyInAkhyaM nagaraM jagAma tasyAnEkE ziSyA anyE ca lOkAstEna sArddhaM yayuH|
2a070c00b9	tESu tannagarasya dvArasannidhiM prAptESu kiyantO lOkA EkaM mRtamanujaM vahantO nagarasya bahiryAnti, sa tanmAturEkaputrastanmAtA ca vidhavA; tayA sArddhaM tannagarIyA bahavO lOkA Asan|
2a070d0074	prabhustAM vilOkya sAnukampaH kathayAmAsa, mA rOdIH| sa samIpamitvA khaTvAM pasparza tasmAd vAhakAH sthagitAstamyuH;
2a070e0040	tadA sa uvAca hE yuvamanuSya tvamuttiSTha, tvAmaham AjnjApayAmi|
2a070f0062	tasmAt sa mRtO janastatkSaNamutthAya kathAM prakathitaH; tatO yIzustasya mAtari taM samarpayAmAsa|
2a07100098	tasmAt sarvvE lOkAH zazagkirE; EkO mahAbhaviSyadvAdI madhyE'smAkam samudait, Izvarazca svalOkAnanvagRhlAt kathAmimAM kathayitvA IzvaraM dhanyaM jagaduH|
2a07110055	tataH paraM samastaM yihUdAdEzaM tasya caturdiksthadEzanjca tasyaitatkIrtti rvyAnazE|
2a0712003a	tataH paraM yOhanaH ziSyESu taM tadvRttAntaM jnjApitavatsu
2a071300ad	sa svaziSyANAM dvau janAvAhUya yIzuM prati vakSyamANaM vAkyaM vaktuM prESayAmAsa, yasyAgamanam apEkSya tiSThAmO vayaM kiM sa Eva janastvaM? kiM vayamanyamapEkSya sthAsyAmaH?
2a071400c0	pazcAttau mAnavau gatvA kathayAmAsatuH, yasyAgamanam apEkSya tiSThAmO vayaM, kiM saEva janastvaM? kiM vayamanyamapEkSya sthAsyAmaH? kathAmimAM tubhyaM kathayituM yOhan majjaka AvAM prESitavAn|
2a0715007b	tasmin daNPE yIzUrOgiNO mahAvyAdhimatO duSTabhUtagrastAMzca bahUn svasthAn kRtvA, anEkAndhEbhyazcakSuMSi dattvA pratyuvAca,
2a071600e5	yuvAM vrajatam andhA nEtrANi khanjjAzcaraNAni ca prApnuvanti, kuSThinaH pariSkriyantE, badhirAH zravaNAni mRtAzca jIvanAni prApnuvanti, daridrANAM samIpESu susaMvAdaH pracAryyatE, yaM prati vighnasvarUpOhaM na bhavAmi sa dhanyaH,
2a07170039	EtAni yAni pazyathaH zRNuthazca tAni yOhanaM jnjApayatam|
2a07180086	tayO rdUtayO rgatayOH satO ryOhani sa lOkAn vaktumupacakramE, yUyaM madhyEprAntaraM kiM draSTuM niragamata? kiM vAyunA kampitaM naPaM?
2a071900aa	yUyaM kiM draSTuM niragamata? kiM sUkSmavastraparidhAyinaM kamapi naraM? kintu yE sUkSmamRduvastrANi paridadhati sUttamAni dravyANi bhunjjatE ca tE rAjadhAnISu tiSThanti|
2a071a008b	tarhi yUyaM kiM draSTuM niragamata? kimEkaM bhaviSyadvAdinaM? tadEva satyaM kintu sa pumAn bhaviSyadvAdinOpi zrESTha ityahaM yuSmAn vadAmi;
2a071b007d	pazya svakIyadUtantu tavAgra prESayAmyahaM| gatvA tvadIyamArgantu sa hi pariSkariSyati| yadarthE lipiriyam AstE sa Eva yOhan|
2a071c00ad	atO yuSmAnahaM vadAmi striyA garbbhajAtAnAM bhaviSyadvAdinAM madhyE yOhanO majjakAt zrESThaH kOpi nAsti, tatrApi Izvarasya rAjyE yaH sarvvasmAt kSudraH sa yOhanOpi zrESThaH|
2a071d0075	aparanjca sarvvE lOkAH karamanjcAyinazca tasya vAkyAni zrutvA yOhanA majjanEna majjitAH paramEzvaraM nirdOSaM mEnirE|
2a071e005f	kintu phirUzinO vyavasthApakAzca tEna na majjitAH svAn pratIzvarasyOpadEzaM niSphalam akurvvan|
2a071f0047	atha prabhuH kathayAmAsa, idAnIntanajanAn kEnOpamAmi? tE kasya sadRzAH?
2a072000e0	yE bAlakA vipaNyAm upavizya parasparam AhUya vAkyamidaM vadanti, vayaM yuSmAkaM nikaTE vaMzIravAdiSma, kintu yUyaM nAnarttiSTa, vayaM yuSmAkaM nikaTa arOdiSma, kintu yuyaM na vyalapiSTa, bAlakairEtAdRzaistESAm upamA bhavati|
2a07210065	yatO yOhan majjaka Agatya pUpaM nAkhAdat drAkSArasanjca nApivat tasmAd yUyaM vadatha, bhUtagrastOyam|
2a0722007b	tataH paraM mAnavasuta AgatyAkhAdadapivanjca tasmAd yUyaM vadatha, khAdakaH surApazcANPAlapApinAM bandhurEkO janO dRzyatAm|
2a07230026	kintu jnjAninO jnjAnaM nirdOSaM viduH|
2a0724005c	pazcAdEkaH phirUzI yIzuM bhOjanAya nyamantrayat tataH sa tasya gRhaM gatvA bhOktumupaviSTaH|
2a0725008d	Etarhi tatphirUzinO gRhE yIzu rbhEktum upAvEkSIt tacchrutvA tannagaravAsinI kApi duSTA nArI pANParaprastarasya sampuTakE sugandhitailam AnIya
2a072600a1	tasya pazcAt pAdayOH sannidhau tasyau rudatI ca nEtrAmbubhistasya caraNau prakSAlya nijakacairamArkSIt, tatastasya caraNau cumbitvA tEna sugandhitailEna mamarda|
2a0727009e	tasmAt sa nimantrayitA phirUzI manasA cintayAmAsa, yadyayaM bhaviSyadvAdI bhavEt tarhi EnaM spRzati yA strI sA kA kIdRzI cEti jnjAtuM zaknuyAt yataH sA duSTA|
2a0728006c	tadA yAzustaM jagAda, hE zimOn tvAM prati mama kinjcid vaktavyamasti; tasmAt sa babhASE, hE gurO tad vadatu|
2a07290070	EkOttamarNasya dvAvadhamarNAvAstAM, tayOrEkaH panjcazatAni mudrApAdAn aparazca panjcAzat mudrApAdAn dhArayAmAsa|
2a072a0076	tadanantaraM tayOH zOdhyAbhAvAt sa uttamarNastayO rRNE cakSamE; tasmAt tayOrdvayOH kastasmin prESyatE bahu? tad brUhi|
2a072b0075	zimOn pratyuvAca, mayA budhyatE yasyAdhikam RNaM cakSamE sa iti; tatO yIzustaM vyAjahAra, tvaM yathArthaM vyacArayaH|
2a072c00bb	atha tAM nArIM prati vyAghuThya zimOnamavOcat, strImimAM pazyasi? tava gRhE mayyAgatE tvaM pAdaprakSAlanArthaM jalaM nAdAH kintu yOSidESA nayanajalai rmama pAdau prakSAlya kEzairamArkSIt|
2a072d0057	tvaM mAM nAcumbIH kintu yOSidESA svIyAgamanAdArabhya madIyapAdau cumbituM na vyaraMsta|
2a072e0065	tvanjca madIyOttamAggE kinjcidapi tailaM nAmardIH kintu yOSidESA mama caraNau sugandhitailEnAmarddIt|
2a072f006d	atastvAM vyAharAmi, EtasyA bahu pApamakSamyata tatO bahu prIyatE kintu yasyAlpapApaM kSamyatE sOlpaM prIyatE|
2a07300034	tataH paraM sa tAM babhASE, tvadIyaM pApamakSamyata|
2a07310061	tadA tEna sArddhaM yE bhOktum upavivizustE parasparaM vaktumArEbhirE, ayaM pApaM kSamatE ka ESaH?
2a0732004d	kintu sa tAM nArIM jagAda, tava vizvAsastvAM paryyatrAsta tvaM kSEmENa vraja|
2a08010085	aparanjca yIzu rdvAdazabhiH ziSyaiH sArddhaM nAnAnagarESu nAnAgrAmESu ca gacchan izvarIyarAjatvasya susaMvAdaM pracArayituM prArEbhE|
2a08020079	tadA yasyAH sapta bhUtA niragacchan sA magdalInIti vikhyAtA mariyam hErOdrAjasya gRhAdhipatEH hOSE rbhAryyA yOhanA zUzAnA
2a08030087	prabhRtayO yA bahvyaH striyaH duSTabhUtEbhyO rOgEbhyazca muktAH satyO nijavibhUtI rvyayitvA tamasEvanta, tAH sarvvAstEna sArddham Asan|
2a08040098	anantaraM nAnAnagarEbhyO bahavO lOkA Agatya tasya samIpE'milan, tadA sa tEbhya EkAM dRSTAntakathAM kathayAmAsa| EkaH kRSIbalO bIjAni vaptuM bahirjagAma,
2a0805006b	tatO vapanakAlE katipayAni bIjAni mArgapArzvE pEtuH, tatastAni padatalai rdalitAni pakSibhi rbhakSitAni ca|
2a0806005a	katipayAni bIjAni pASANasthalE patitAni yadyapi tAnyagkuritAni tathApi rasAbhAvAt zuzuSuH|
2a0807005a	katipayAni bIjAni kaNTakivanamadhyE patitAni tataH kaNTakivanAni saMvRddhya tAni jagrasuH|
2a080800b0	tadanyAni katipayabIjAni ca bhUmyAmuttamAyAM pEtustatastAnyagkurayitvA zataguNAni phalAni phEluH| sa imA kathAM kathayitvA prOccaiH prOvAca, yasya zrOtuM zrOtrE staH sa zRNOtu|
2a08090040	tataH paraM ziSyAstaM papracchurasya dRSTAntasya kiM tAtparyyaM?
2a080a00cd	tataH sa vyAjahAra, IzvarIyarAjyasya guhyAni jnjAtuM yuSmabhyamadhikArO dIyatE kintvanyE yathA dRSTvApi na pazyanti zrutvApi ma budhyantE ca tadarthaM tESAM purastAt tAH sarvvAH kathA dRSTAntEna kathyantE|
2a080b0033	dRSTAntasyAsyAbhiprAyaH, IzvarIyakathA bIjasvarUpA|
2a080c00a6	yE kathAmAtraM zRNvanti kintu pazcAd vizvasya yathA paritrANaM na prApnuvanti tadAzayEna zaitAnEtya hRdayAtR tAM kathAm apaharati ta Eva mArgapArzvasthabhUmisvarUpAH|
2a080d0083	yE kathaM zrutvA sAnandaM gRhlanti kintvabaddhamUlatvAt svalpakAlamAtraM pratItya parIkSAkAlE bhrazyanti taEva pASANabhUmisvarUpAH|
2a080e0086	yE kathAM zrutvA yAnti viSayacintAyAM dhanalObhEna EhikasukhE ca majjanta upayuktaphalAni na phalanti ta EvOptabIjakaNTakibhUsvarUpAH|
2a080f0081	kintu yE zrutvA saralaiH zuddhaizcAntaHkaraNaiH kathAM gRhlanti dhairyyam avalambya phalAnyutpAdayanti ca ta EvOttamamRtsvarUpAH|
2a0810009d	aparanjca pradIpaM prajvAlya kOpi pAtrENa nAcchAdayati tathA khaTvAdhOpi na sthApayati, kintu dIpAdhArOparyyEva sthApayati, tasmAt pravEzakA dIptiM pazyanti|
2a0811007c	yanna prakAzayiSyatE tAdRg aprakAzitaM vastu kimapi nAsti yacca na suvyaktaM pracArayiSyatE tAdRg gRptaM vastu kimapi nAsti|
2a081200aa	atO yUyaM kEna prakArENa zRNutha tatra sAvadhAnA bhavata, yasya samIpE barddhatE tasmai punardAsyatE kintu yasyAzrayE na barddhatE tasya yadyadasti tadapi tasmAt nESyatE|
2a0813003a	aparanjca yIzO rmAtA bhrAtarazca tasya samIpaM jigamiSavaH
2a08140099	kintu janatAsambAdhAt tatsannidhiM prAptuM na zEkuH| tatpazcAt tava mAtA bhrAtarazca tvAM sAkSAt cikIrSantO bahistiSThanatIti vArttAyAM tasmai kathitAyAM
2a0815005f	sa pratyuvAca; yE janA Izvarasya kathAM zrutvA tadanurUpamAcaranti taEva mama mAtA bhrAtarazca|
2a0816006c	anantaraM EkadA yIzuH ziSyaiH sArddhaM nAvamAruhya jagAda, AyAta vayaM hradasya pAraM yAmaH, tatastE jagmuH|
2a08170022	tESu naukAM vAhayatsu sa nidadrau;
2a08180105	athAkasmAt prabalajhanjbhzagamAd hradE naukAyAM taraggairAcchannAyAM vipat tAn jagrAsa|tasmAd yIzOrantikaM gatvA hE gurO hE gurO prANA nO yAntIti gaditvA taM jAgarayAmbabhUvuH|tadA sa utthAya vAyuM taraggAMzca tarjayAmAsa tasmAdubhau nivRtya sthirau babhUvatuH|
2a0819009e	sa tAn babhASE yuSmAkaM vizvAsaH ka? tasmAttE bhItA vismitAzca parasparaM jagaduH, ahO kIdRgayaM manujaH pavanaM pAnIyanjcAdizati tadubhayaM tadAdEzaM vahati|
2a081a005b	tataH paraM gAlIlpradEzasya sammukhasthagidErIyapradEzE naukAyAM lagantyAM taTE'varOhamAvAd
2a081b008e	bahutithakAlaM bhUtagrasta EkO mAnuSaH purAdAgatya taM sAkSAccakAra| sa manuSO vAsO na paridadhat gRhE ca na vasan kEvalaM zmazAnam adhyuvAsa|
2a081c00b2	sa yIzuM dRSTvaiva cIcchabdaM cakAra tasya sammukhE patitvA prOccairjagAda ca, hE sarvvapradhAnEzvarasya putra, mayA saha tava kaH sambandhaH? tvayi vinayaM karOmi mAM mA yAtaya|
2a081d00c0	yataH sa taM mAnuSaM tyaktvA yAtum amEdhyabhUtam AdidEza; sa bhUtastaM mAnuSam asakRd dadhAra tasmAllOkAH zRgkhalEna nigaPEna ca babandhuH; sa tad bhaMktvA bhUtavazatvAt madhyEprAntaraM yayau|
2a081e0065	anantaraM yIzustaM papraccha tava kinnAma? sa uvAca, mama nAma bAhinO yatO bahavO bhUtAstamAzizriyuH|
2a081f0044	atha bhUtA vinayEna jagaduH, gabhIraM garttaM gantuM mAjnjApayAsmAn|
2a08200082	tadA parvvatOpari varAhavrajazcarati tasmAd bhUtA vinayEna prOcuH, amuM varAhavrajam Azrayitum asmAn anujAnIhi; tataH sOnujajnjau|
2a0821007c	tataH paraM bhUtAstaM mAnuSaM vihAya varAhavrajam AzizriyuH varAhavrajAzca tatkSaNAt kaTakEna dhAvantO hradE prANAn vijRhuH|
2a0822005d	tad dRSTvA zUkararakSakAH palAyamAnA nagaraM grAmanjca gatvA tatsarvvavRttAntaM kathayAmAsuH|
2a082300b1	tataH kiM vRttam EtaddarzanArthaM lOkA nirgatya yIzOH samIpaM yayuH, taM mAnuSaM tyaktabhUtaM parihitavastraM svasthamAnuSavad yIzOzcaraNasannidhau sUpavizantaM vilOkya bibhyuH|
2a0824005c	yE lOkAstasya bhUtagrastasya svAsthyakaraNaM dadRzustE tEbhyaH sarvvavRttAntaM kathayAmAsuH|
2a082500aa	tadanantaraM tasya gidErIyapradEzasya caturdiksthA bahavO janA atitrastA vinayEna taM jagaduH, bhavAn asmAkaM nikaTAd vrajatu tasmAt sa nAvamAruhya tatO vyAghuTya jagAma|
2a0826003c	tadAnIM tyaktabhUtamanujastEna saha sthAtuM prArthayAnjcakrE
2a082700dd	kintu tadartham IzvaraH kIdRgmahAkarmma kRtavAn iti nivEzanaM gatvA vijnjApaya, yIzuH kathAmEtAM kathayitvA taM visasarja| tataH sa vrajitvA yIzustadarthaM yanmahAkarmma cakAra tat purasya sarvvatra prakAzayituM prArEbhE|
2a08280055	atha yIzau parAvRtyAgatE lOkAstaM AdarENa jagRhu ryasmAttE sarvvE tamapEkSAnjcakrirE|
2a0829007a	tadanantaraM yAyIrnAmnO bhajanagEhasyaikOdhipa Agatya yIzOzcaraNayOH patitvA svanivEzanAgamanArthaM tasmin vinayaM cakAra,
2a082a007a	yatastasya dvAdazavarSavayaskA kanyaikAsIt sA mRtakalpAbhavat| tatastasya gamanakAlE mArgE lOkAnAM mahAn samAgamO babhUva|
2a082b009f	dvAdazavarSANi pradararOgagrastA nAnA vaidyaizcikitsitA sarvvasvaM vyayitvApi svAsthyaM na prAptA yA yOSit sA yIzOH pazcAdAgatya tasya vastragranthiM pasparza|
2a082c002a	tasmAt tatkSaNAt tasyA raktasrAvO ruddhaH|
2a082d00bf	tadAnIM yIzuravadat kEnAhaM spRSTaH? tatO'nEkairanaggIkRtE pitarastasya sagginazcAvadan, hE gurO lOkA nikaTasthAH santastava dEhE gharSayanti, tathApi kEnAhaM spRSTaiti bhavAn kutaH pRcchati?
2a082e0058	yIzuH kathayAmAsa, kEnApyahaM spRSTO, yatO mattaH zakti rnirgatEti mayA nizcitamajnjAyi|
2a082f00b6	tadA sA nArI svayaM na guptEti viditvA kampamAnA satI tasya sammukhE papAta; yEna nimittEna taM pasparza sparzamAtrAcca yEna prakArENa svasthAbhavat tat sarvvaM tasya sAkSAdAcakhyau|
2a08300062	tataH sa tAM jagAda hE kanyE susthirA bhava, tava vizvAsastvAM svasthAm akArSIt tvaM kSEmENa yAhi|
2a08310071	yIzOrEtadvAkyavadanakAlE tasyAdhipatE rnivEzanAt kazcillOka Agatya taM babhASE, tava kanyA mRtA guruM mA klizAna|
2a0832005a	kintu yIzustadAkarNyAdhipatiM vyAjahAra, mA bhaiSIH kEvalaM vizvasihi tasmAt sA jIviSyati|
2a0833007e	atha tasya nivEzanE prAptE sa pitaraM yOhanaM yAkUbanjca kanyAyA mAtaraM pitaranjca vinA, anyaM kanjcana pravESTuM vArayAmAsa|
2a08340062	aparanjca yE rudanti vilapanti ca tAn sarvvAn janAn uvAca, yUyaM mA rOdiSTa kanyA na mRtA nidrAti|
2a08350032	kintu sA nizcitaM mRtEti jnjAtvA tE tamupajahasuH|
2a08360051	pazcAt sa sarvvAn bahiH kRtvA kanyAyAH karau dhRtvAjuhuvE, hE kanyE tvamuttiSTha,
2a08370068	tasmAt tasyAH prANESu punarAgatESu sA tatkSaNAd uttasyau| tadAnIM tasyai kinjcid bhakSyaM dAtum AdidEza|
2a0838006b	tatastasyAH pitarau vismayaM gatau kintu sa tAvAdidEza ghaTanAyA EtasyAH kathAM kasmaicidapi mA kathayataM|
2a0901006c	tataH paraM sa dvAdazaziSyAnAhUya bhUtAn tyAjayituM rOgAn pratikarttunjca tEbhyaH zaktimAdhipatyanjca dadau|
2a09020064	aparanjca IzvarIyarAjyasya susaMvAdaM prakAzayitum rOgiNAmArOgyaM karttunjca prEraNakAlE tAn jagAda|
2a09030056	yAtrArthaM yaSTi rvastrapuTakaM bhakSyaM mudrA dvitIyavastram, ESAM kimapi mA gRhlIta|
2a0904004d	yUyanjca yannivEzanaM pravizatha nagaratyAgaparyyanataM tannivEzanE tiSThata|
2a0905009a	tatra yadi kasyacit purasya lOkA yuSmAkamAtithyaM na kurvvanti tarhi tasmAnnagarAd gamanakAlE tESAM viruddhaM sAkSyArthaM yuSmAkaM padadhUlIH sampAtayata|
2a0906006d	atha tE prasthAya sarvvatra susaMvAdaM pracArayituM pIPitAn svasthAn karttunjca grAmESu bhramituM prArEbhirE|
2a09070045	Etarhi hErOd rAjA yIzOH sarvvakarmmaNAM vArttAM zrutvA bhRzamudvivijE
2a0908008a	yataH kEcidUcuryOhan zmazAnAdudatiSThat| kEcidUcuH, EliyO darzanaM dattavAn; EvamanyalOkA UcuH pUrvvIyaH kazcid bhaviSyadvAdI samutthitaH|
2a09090079	kintu hErOduvAca yOhanaH zirO'hamachinadam idAnIM yasyEdRkkarmmaNAM vArttAM prApnOmi sa kaH? atha sa taM draSTum aicchat|
2a090a009b	anantaraM prEritAH pratyAgatya yAni yAni karmmANi cakrustAni yIzavE kathayAmAsuH tataH sa tAn baitsaidAnAmakanagarasya vijanaM sthAnaM nItvA guptaM jagAma|
2a090b0099	pazcAl lOkAstad viditvA tasya pazcAd yayuH; tataH sa tAn nayan IzvarIyarAjyasya prasaggamuktavAn, yESAM cikitsayA prayOjanam AsIt tAn svasthAn cakAra ca|
2a090c00cf	aparanjca divAvasannE sati dvAdazaziSyA yIzOrantikam Etya kathayAmAsuH, vayamatra prAntarasthAnE tiSThAmaH, tatO nagarANi grAmANi gatvA vAsasthAnAni prApya bhakSyadravyANi krEtuM jananivahaM bhavAn visRjatu|
2a090d00c3	tadA sa uvAca, yUyamEva tAn bhEjayadhvaM; tatastE prOcurasmAkaM nikaTE kEvalaM panjca pUpA dvau matsyau ca vidyantE, ataEva sthAnAntaram itvA nimittamEtESAM bhakSyadravyESu na krItESu na bhavati|
2a090e002a	tatra prAyENa panjcasahasrANi puruSA Asan|
2a090f007d	tadA sa ziSyAn jagAda panjcAzat panjcAzajjanaiH paMktIkRtya tAnupavEzayata, tasmAt tE tadanusArENa sarvvalOkAnupavEzayApAsuH|
2a09100099	tataH sa tAn panjca pUpAn mInadvayanjca gRhItvA svargaM vilOkyEzvaraguNAn kIrttayAnjcakrE bhagktA ca lOkEbhyaH parivESaNArthaM ziSyESu samarpayAmbabhUva|
2a0911004c	tataH sarvvE bhuktvA tRptiM gatA avaziSTAnAnjca dvAdaza PallakAn saMjagRhuH|
2a09120051	athaikadA nirjanE ziSyaiH saha prArthanAkAlE tAn papraccha, lOkA mAM kaM vadanti?
2a09130093	tatastE prAcuH, tvAM yOhanmajjakaM vadanti; kEcit tvAm EliyaM vadanti, pUrvvakAlikaH kazcid bhaviSyadvAdI zmazAnAd udatiSThad ityapi kEcid vadanti|
2a09140058	tadA sa uvAca, yUyaM mAM kaM vadatha? tataH pitara uktavAn tvam IzvarAbhiSiktaH puruSaH|
2a09150040	tadA sa tAn dRPhamAdidEza, kathAmEtAM kasmaicidapi mA kathayata|
2a091600a0	sa punaruvAca, manuSyaputrENa vahuyAtanA bhOktavyAH prAcInalOkaiH pradhAnayAjakairadhyApakaizca sOvajnjAya hantavyaH kintu tRtIyadivasE zmazAnAt tEnOtthAtavyam|
2a09170089	aparaM sa sarvvAnuvAca, kazcid yadi mama pazcAd gantuM vAnjchati tarhi sa svaM dAmyatu, dinE dinE kruzaM gRhItvA ca mama pazcAdAgacchatu|
2a09180074	yatO yaH kazcit svaprANAn rirakSiSati sa tAn hArayiSyati, yaH kazcin madarthaM prANAn hArayiSyati sa tAn rakSiSyati|
2a09190066	kazcid yadi sarvvaM jagat prApnOti kintu svaprANAn hArayati svayaM vinazyati ca tarhi tasya kO lAbhaH?
2a091a00b2	puna ryaH kazcin mAM mama vAkyaM vA lajjAspadaM jAnAti manuSyaputrO yadA svasya pituzca pavitrANAM dUtAnAnjca tEjObhiH parivESTita AgamiSyati tadA sOpi taM lajjAspadaM jnjAsyati|
2a091b008e	kintu yuSmAnahaM yathArthaM vadAmi, IzvarIyarAjatvaM na dRSTavA mRtyuM nAsvAdiSyantE, EtAdRzAH kiyantO lOkA atra sthanE'pi daNPAyamAnAH santi|
2a091c0081	EtadAkhyAnakathanAt paraM prAyENASTasu dinESu gatESu sa pitaraM yOhanaM yAkUbanjca gRhItvA prArthayituM parvvatamEkaM samArurOha|
2a091d005b	atha tasya prArthanakAlE tasya mukhAkRtiranyarUpA jAtA, tadIyaM vastramujjvalazuklaM jAtaM|
2a091e002d	aparanjca mUsA EliyazcObhau tEjasvinau dRSTau
2a091f005d	tau tEna yirUzAlampurE yO mRtyuH sAdhiSyatE tadIyAM kathAM tEna sArddhaM kathayitum ArEbhAtE|
2a09200079	tadA pitarAdayaH svasya sagginO nidrayAkRSTA Asan kintu jAgaritvA tasya tEjastEna sArddham uttiSThantau janau ca dadRzuH|
2a092100da	atha tayOrubhayO rgamanakAlE pitarO yIzuM babhASE, hE gurO'smAkaM sthAnE'smin sthitiH zubhA, tata EkA tvadarthA, EkA mUsArthA, EkA EliyArthA, iti tisraH kuTyOsmAbhi rnirmmIyantAM, imAM kathAM sa na vivicya kathayAmAsa|
2a09220074	aparanjca tadvAkyavadanakAlE payOda Eka Agatya tESAmupari chAyAM cakAra, tatastanmadhyE tayOH pravEzAt tE zazagkirE|
2a09230063	tadA tasmAt payOdAd iyamAkAzIyA vANI nirjagAma, mamAyaM priyaH putra Etasya kathAyAM manO nidhatta|
2a09240074	iti zabdE jAtE tE yIzumEkAkinaM dadRzuH kintu tE tadAnIM tasya darzanasya vAcamEkAmapi nOktvA manaHsu sthApayAmAsuH|
2a0925004f	parE'hani tESu tasmAcchailAd avarUPhESu taM sAkSAt karttuM bahavO lOkA AjagmuH|
2a0926007c	tESAM madhyAd EkO jana uccairuvAca, hE gurO ahaM vinayaM karOmi mama putraM prati kRpAdRSTiM karOtu, mama sa EvaikaH putraH|
2a09270089	bhUtEna dhRtaH san saM prasabhaM cIcchabdaM karOti tanmukhAt phENA nirgacchanti ca, bhUta itthaM vidAryya kliSTvA prAyazastaM na tyajati|
2a0928004b	tasmAt taM bhUtaM tyAjayituM tava ziSyasamIpE nyavEdayaM kintu tE na zEkuH|
2a0929008b	tadA yIzuravAdIt, rE AvizvAsin vipathagAmin vaMza katikAlAn yuSmAbhiH saha sthAsyAmyahaM yuSmAkam AcaraNAni ca sahiSyE? tava putramihAnaya|
2a092a0096	tatastasminnAgatamAtrE bhUtastaM bhUmau pAtayitvA vidadAra; tadA yIzustamamEdhyaM bhUtaM tarjayitvA bAlakaM svasthaM kRtvA tasya pitari samarpayAmAsa|
2a092b0090	Izvarasya mahAzaktim imAM vilOkya sarvvE camaccakruH; itthaM yIzOH sarvvAbhiH kriyAbhiH sarvvairlOkairAzcaryyE manyamAnE sati sa ziSyAn babhASE,
2a092c0053	kathEyaM yuSmAkaM karNESu pravizatu, manuSyaputrO manuSyANAM karESu samarpayiSyatE|
2a092d0091	kintu tE tAM kathAM na bubudhirE, spaSTatvAbhAvAt tasyA abhiprAyastESAM bOdhagamyO na babhUva; tasyA AzayaH ka ityapi tE bhayAt praSTuM na zEkuH|
2a092e0052	tadanantaraM tESAM madhyE kaH zrESThaH kathAmEtAM gRhItvA tE mithO vivAdaM cakruH|
2a092f005f	tatO yIzustESAM manObhiprAyaM viditvA bAlakamEkaM gRhItvA svasya nikaTE sthApayitvA tAn jagAda,
2a093000d6	yO janO mama nAmnAsya bAlAsyAtithyaM vidadhAti sa mamAtithyaM vidadhAti, yazca mamAtithyaM vidadhAti sa mama prErakasyAtithyaM vidadhAti, yuSmAkaM madhyEyaH svaM sarvvasmAt kSudraM jAnItE sa Eva zrESThO bhaviSyati|
2a093100a1	aparanjca yOhan vyAjahAra hE prabhE tava nAmnA bhUtAn tyAjayantaM mAnuSam EkaM dRSTavantO vayaM, kintvasmAkam apazcAd gAmitvAt taM nyaSEdhAm| tadAnIM yIzuruvAca,
2a0932004e	taM mA niSEdhata, yatO yO janOsmAkaM na vipakSaH sa EvAsmAkaM sapakSO bhavati|
2a09330073	anantaraM tasyArOhaNasamaya upasthitE sa sthiracEtA yirUzAlamaM prati yAtrAM karttuM nizcityAgrE dUtAn prESayAmAsa|
2a09340056	tasmAt tE gatvA tasya prayOjanIyadravyANi saMgrahItuM zOmirONIyAnAM grAmaM pravivizuH|
2a09350049	kintu sa yirUzAlamaM nagaraM yAti tatO hEtO rlOkAstasyAtithyaM na cakruH|
2a093600b3	ataEva yAkUbyOhanau tasya ziSyau tad dRSTvA jagadatuH, hE prabhO EliyO yathA cakAra tathA vayamapi kiM gagaNAd Agantum EtAn bhasmIkarttunjca vahnimAjnjApayAmaH? bhavAn kimicchati?
2a09370062	kintu sa mukhaM parAvartya tAn tarjayitvA gaditavAn yuSmAkaM manObhAvaH kaH, iti yUyaM na jAnItha|
2a09380066	manujasutO manujAnAM prANAn nAzayituM nAgacchat, kintu rakSitum Agacchat| pazcAd itaragrAmaM tE yayuH|
2a09390071	tadanantaraM pathi gamanakAlE jana EkastaM babhASE, hE prabhO bhavAn yatra yAti bhavatA sahAhamapi tatra yAsyAmi|
2a093a008a	tadAnIM yIzustamuvAca, gOmAyUnAM garttA AsatE, vihAyasIyavihagAnAM nIPAni ca santi, kintu mAnavatanayasya ziraH sthApayituM sthAnaM nAsti|
2a093b0081	tataH paraM sa itarajanaM jagAda, tvaM mama pazcAd Ehi; tataH sa uvAca, hE prabhO pUrvvaM pitaraM zmazAnE sthApayituM mAmAdizatu|
2a093c0061	tadA yIzuruvAca, mRtA mRtAn zmazAnE sthApayantu kintu tvaM gatvEzvarIyarAjyasya kathAM pracAraya|
2a093d0092	tatOnyaH kathayAmAsa, hE prabhO mayApi bhavataH pazcAd gaMsyatE, kintu pUrvvaM mama nivEzanasya parijanAnAm anumatiM grahItum ahamAdizyai bhavatA|
2a093e0064	tadAnIM yIzustaM prOktavAn, yO janO lAggalE karamarpayitvA pazcAt pazyati sa IzvarIyarAjyaM nArhati|
2a0a0100a0	tataH paraM prabhuraparAn saptatiziSyAn niyujya svayaM yAni nagarANi yAni sthAnAni ca gamiSyati tAni nagarANi tAni sthAnAni ca prati dvau dvau janau prahitavAn|
2a0a020098	tEbhyaH kathayAmAsa ca zasyAni bahUnIti satyaM kintu chEdakA alpE; tasmAddhEtOH zasyakSEtrE chEdakAn aparAnapi prESayituM kSEtrasvAminaM prArthayadhvaM|
2a0a030044	yUyaM yAta, pazyata, vRkANAM madhyE mESazAvakAniva yuSmAn prahiNOmi|
2a0a04005e	yUyaM kSudraM mahad vA vasanasampuTakaM pAdukAzca mA gRhlIta, mArgamadhyE kamapi mA namata ca|
2a0a05006d	aparanjca yUyaM yad yat nivEzanaM pravizatha tatra nivEzanasyAsya maggalaM bhUyAditi vAkyaM prathamaM vadata|
2a0a06007b	tasmAt tasmin nivEzanE yadi maggalapAtraM sthAsyati tarhi tanmaggalaM tasya bhaviSyati, nOcEt yuSmAn prati parAvarttiSyatE|
2a0a07008e	aparanjca tE yatkinjcid dAsyanti tadEva bhuktvA pItvA tasminnivEzanE sthAsyatha; yataH karmmakArI janO bhRtim arhati; gRhAd gRhaM mA yAsyatha|
2a0a080085	anyacca yuSmAsu kimapi nagaraM praviSTESu lOkA yadi yuSmAkam AtithyaM kariSyanti, tarhi yat khAdyam upasthAsyanti tadEva khAdiSyatha|
2a0a090073	tannagarasthAn rOgiNaH svasthAn kariSyatha, IzvarIyaM rAjyaM yuSmAkam antikam Agamat kathAmEtAnjca pracArayiSyatha|
2a0a0a008d	kintu kimapi puraM yuSmAsu praviSTESu lOkA yadi yuSmAkam AtithyaM na kariSyanti, tarhi tasya nagarasya panthAnaM gatvA kathAmEtAM vadiSyatha,
2a0a0b00a2	yuSmAkaM nagarIyA yA dhUlyO'smAsu samalagan tA api yuSmAkaM prAtikUlyEna sAkSyArthaM sampAtayAmaH; tathApIzvararAjyaM yuSmAkaM samIpam Agatam iti nizcitaM jAnIta|
2a0a0c0066	ahaM yuSmabhyaM yathArthaM kathayAmi, vicAradinE tasya nagarasya dazAtaH sidOmO dazA sahyA bhaviSyati|
2a0a0d0105	hA hA kOrAsIn nagara, hA hA baitsaidAnagara yuvayOrmadhyE yAdRzAni AzcaryyANi karmmANyakriyanta, tAni karmmANi yadi sOrasIdOnO rnagarayOrakAriSyanta, tadA itO bahudinapUrvvaM tannivAsinaH zaNavastrANi paridhAya gAtrESu bhasma vilipya samupavizya samakhEtsyanta|
2a0a0e004b	atO vicAradivasE yuSmAkaM dazAtaH sOrasIdOnnivAsinAM dazA sahyA bhaviSyati|
2a0a0f004d	hE kapharnAhUm, tvaM svargaM yAvad unnatA kintu narakaM yAvat nyagbhaviSyasi|
2a0a1000bd	yO janO yuSmAkaM vAkyaM gRhlAti sa mamaiva vAkyaM gRhlAti; kinjca yO janO yuSmAkam avajnjAM karOti sa mamaivAvajnjAM karOti; yO janO mamAvajnjAM karOti ca sa matprErakasyaivAvajnjAM karOti|
2a0a11006e	atha tE saptatiziSyA AnandEna pratyAgatya kathayAmAsuH, hE prabhO bhavatO nAmnA bhUtA apyasmAkaM vazIbhavanti|
2a0a120045	tadAnIM sa tAn jagAda, vidyutamiva svargAt patantaM zaitAnam adarzam|
2a0a130089	pazyata sarpAn vRzcikAn ripOH sarvvaparAkramAMzca padatalai rdalayituM yuSmabhyaM zaktiM dadAmi tasmAd yuSmAkaM kApi hAni rna bhaviSyati|
2a0a140078	bhUtA yuSmAkaM vazIbhavanti, Etannimittat mA samullasata, svargE yuSmAkaM nAmAni likhitAni santIti nimittaM samullasata|
2a0a15010d	tadghaTikAyAM yIzu rmanasi jAtAhlAdaH kathayAmAsa hE svargapRthivyOrEkAdhipatE pitastvaM jnjAnavatAM viduSAnjca lOkAnAM purastAt sarvvamEtad aprakAzya bAlakAnAM purastAt prAkAzaya EtasmAddhEtOstvAM dhanyaM vadAmi, hE pitaritthaM bhavatu yad EtadEva tava gOcara uttamam|
2a0a16009e	pitrA sarvvANi mayi samarpitAni pitaraM vinA kOpi putraM na jAnAti kinjca putraM vinA yasmai janAya putrastaM prakAzitavAn tanjca vinA kOpi pitaraM na jAnAti|
2a0a170072	tapaH paraM sa ziSyAn prati parAvRtya guptaM jagAda, yUyamEtAni sarvvANi pazyatha tatO yuSmAkaM cakSUMSi dhanyAni|
2a0a1800cb	yuSmAnahaM vadAmi, yUyaM yAni sarvvANi pazyatha tAni bahavO bhaviSyadvAdinO bhUpatayazca draSTumicchantOpi draSTuM na prApnuvan, yuSmAbhi ryA yAH kathAzca zrUyantE tAH zrOtumicchantOpi zrOtuM nAlabhanta|
2a0a190073	anantaram EkO vyavasthApaka utthAya taM parIkSituM papraccha, hE upadEzaka anantAyuSaH prAptayE mayA kiM karaNIyaM?
2a0a1a004d	yIzuH pratyuvAca, atrArthE vyavasthAyAM kiM likhitamasti? tvaM kIdRk paThasi?
2a0a1b0097	tataH sOvadat, tvaM sarvvAntaHkaraNaiH sarvvaprANaiH sarvvazaktibhiH sarvvacittaizca prabhau paramEzvarE prEma kuru, samIpavAsini svavat prEma kuru ca|
2a0a1c0051	tadA sa kathayAmAsa, tvaM yathArthaM pratyavOcaH, ittham Acara tEnaiva jIviSyasi|
2a0a1d0066	kintu sa janaH svaM nirddOSaM jnjApayituM yIzuM papraccha, mama samIpavAsI kaH? tatO yIzuH pratyuvAca,
2a0a1e0091	EkO janO yirUzAlampurAd yirIhOpuraM yAti, Etarhi dasyUnAM karESu patitE tE tasya vastrAdikaM hRtavantaH tamAhatya mRtaprAyaM kRtvA tyaktvA yayuH|
2a0a1f004b	akasmAd EkO yAjakastEna mArgENa gacchan taM dRSTvA mArgAnyapArzvEna jagAma|
2a0a200057	ittham EkO lEvIyastatsthAnaM prApya tasyAntikaM gatvA taM vilOkyAnyEna pArzvEna jagAma|
2a0a210040	kintvEkaH zOmirONIyO gacchan tatsthAnaM prApya taM dRSTvAdayata|
2a0a22008b	tasyAntikaM gatvA tasya kSatESu tailaM drAkSArasanjca prakSipya kSatAni baddhvA nijavAhanOpari tamupavEzya pravAsIyagRham AnIya taM siSEvE|
2a0a2300a2	parasmin divasE nijagamanakAlE dvau mudrApAdau tadgRhasvAminE dattvAvadat janamEnaM sEvasva tatra yO'dhikO vyayO bhaviSyati tamahaM punarAgamanakAlE parizOtsyAmi|
2a0a24005a	ESAM trayANAM madhyE tasya dasyuhastapatitasya janasya samIpavAsI kaH? tvayA kiM budhyatE?
2a0a25006b	tataH sa vyavasthApakaH kathayAmAsa yastasmin dayAM cakAra| tadA yIzuH kathayAmAsa tvamapi gatvA tathAcara|
2a0a260062	tataH paraM tE gacchanta EkaM grAmaM pravivizuH; tadA marthAnAmA strI svagRhE tasyAtithyaM cakAra|
2a0a270060	tasmAt mariyam nAmadhEyA tasyA bhaginI yIzOH padasamIpa uvavizya tasyOpadEzakathAM zrOtumArEbhE|
2a0a2800f9	kintu marthA nAnAparicaryyAyAM vyagrA babhUva tasmAddhEtOstasya samIpamAgatya babhASE; hE prabhO mama bhaginI kEvalaM mamOpari sarvvakarmmaNAM bhAram arpitavatI tatra bhavatA kinjcidapi na manO nidhIyatE kim? mama sAhAyyaM karttuM bhavAn tAmAdizatu|
2a0a290055	tatO yIzuH pratyuvAca hE marthE hE marthE, tvaM nAnAkAryyESu cintitavatI vyagrA cAsi,
2a0a2a006c	kintu prayOjanIyam EkamAtram AstE| aparanjca yamuttamaM bhAgaM kOpi harttuM na zaknOti saEva mariyamA vRtaH|
2a0b0100b1	anantaraM sa kasmiMzcit sthAnE prArthayata tatsamAptau satyAM tasyaikaH ziSyastaM jagAda hE prabhO yOhan yathA svaziSyAn prArthayitum upadiSTavAn tathA bhavAnapyasmAn upadizatu|
2a0b0200c6	tasmAt sa kathayAmAsa, prArthanakAlE yUyam itthaM kathayadhvaM, hE asmAkaM svargasthapitastava nAma pUjyaM bhavatu; tava rAjatvaM bhavatu; svargE yathA tathA pRthivyAmapi tavEcchayA sarvvaM bhavatu|
2a0b03002c	pratyaham asmAkaM prayOjanIyaM bhOjyaM dEhi|
2a0b04007c	yathA vayaM sarvvAn aparAdhinaH kSamAmahE tathA tvamapi pApAnyasmAkaM kSamasva| asmAn parIkSAM mAnaya kintu pApAtmanO rakSa|
2a0b05006d	pazcAt sOparamapi kathitavAn yadi yuSmAkaM kasyacid bandhustiSThati nizIthE ca tasya samIpaM sa gatvA vadati,
2a0b06008a	hE bandhO pathika EkO bandhu rmama nivEzanam AyAtaH kintu tasyAtithyaM karttuM mamAntikE kimapi nAsti, ataEva pUpatrayaM mahyam RNaM dEhi;
2a0b070092	tadA sa yadi gRhamadhyAt prativadati mAM mA klizAna, idAnIM dvAraM ruddhaM zayanE mayA saha bAlakAzca tiSThanti tubhyaM dAtum utthAtuM na zaknOmi,
2a0b0800a1	tarhi yuSmAnahaM vadAmi, sa yadi mitratayA tasmai kimapi dAtuM nOttiSThati tathApi vAraM vAraM prArthanAta utthApitaH san yasmin tasya prayOjanaM tadEva dAsyati|
2a0b09008d	ataH kAraNAt kathayAmi, yAcadhvaM tatO yuSmabhyaM dAsyatE, mRgayadhvaM tata uddEzaM prApsyatha, dvAram Ahata tatO yuSmabhyaM dvAraM mOkSyatE|
2a0b0a0064	yO yAcatE sa prApnOti, yO mRgayatE sa EvOddEzaM prApnOti, yO dvAram Ahanti tadarthaM dvAraM mOcyatE|
2a0b0b004f	putrENa pUpE yAcitE tasmai pASANaM dadAti vA matsyE yAcitE tasmai sarpaM dadAti
2a0b0c004a	vA aNPE yAcitE tasmai vRzcikaM dadAti yuSmAkaM madhyE ka EtAdRzaH pitAstE?
2a0b0d009f	tasmAdEva yUyamabhadrA api yadi svasvabAlakEbhya uttamAni dravyANi dAtuM jAnItha tarhyasmAkaM svargasthaH pitA nijayAcakEbhyaH kiM pavitram AtmAnaM na dAsyati?
2a0b0e0089	anantaraM yIzunA kasmAccid Ekasmin mUkabhUtE tyAjitE sati sa bhUtatyaktO mAnuSO vAkyaM vaktum ArEbhE; tatO lOkAH sakalA AzcaryyaM mEnirE|
2a0b0f004d	kintu tESAM kEcidUcu rjanOyaM bAlasibUbA arthAd bhUtarAjEna bhUtAn tyAjayati|
2a0b10004c	taM parIkSituM kEcid AkAzIyam EkaM cihnaM darzayituM taM prArthayAnjcakrirE|
2a0b1100bd	tadA sa tESAM manaHkalpanAM jnjAtvA kathayAmAsa, kasyacid rAjyasya lOkA yadi parasparaM virundhanti tarhi tad rAjyam nazyati; kEcid gRhasthA yadi parasparaM virundhanti tarhi tEpi nazyanti|
2a0b120080	tathaiva zaitAnapi svalOkAn yadi viruNaddhi tadA tasya rAjyaM kathaM sthAsyati? bAlasibUbAhaM bhUtAn tyAjayAmi yUyamiti vadatha|
2a0b130083	yadyahaM bAlasibUbA bhUtAn tyAjayAmi tarhi yuSmAkaM santAnAH kEna tyAjayanti? tasmAt taEva kathAyA EtasyA vicArayitArO bhaviSyanti|
2a0b140071	kintu yadyaham Izvarasya parAkramENa bhUtAn tyAjayAmi tarhi yuSmAkaM nikaTam Izvarasya rAjyamavazyam upatiSThati|
2a0b150067	balavAn pumAn susajjamAnO yatikAlaM nijATTAlikAM rakSati tatikAlaM tasya dravyaM nirupadravaM tiSThati|
2a0b16008c	kintu tasmAd adhikabalaH kazcidAgatya yadi taM jayati tarhi yESu zastrAstrESu tasya vizvAsa AsIt tAni sarvvANi hRtvA tasya dravyANi gRhlAti|
2a0b170054	ataH kAraNAd yO mama sapakSO na sa vipakSaH, yO mayA saha na saMgRhlAti sa vikirati|
2a0b1800a4	aparanjca amEdhyabhUtO mAnuSasyAntarnirgatya zuSkasthAnE bhrAntvA vizrAmaM mRgayatE kintu na prApya vadati mama yasmAd gRhAd AgatOhaM punastad gRhaM parAvRtya yAmi|
2a0b190030	tatO gatvA tad gRhaM mArjitaM zObhitanjca dRSTvA
2a0b1a00ac	tatkSaNam apagatya svasmAdapi durmmatIn aparAn saptabhUtAn sahAnayati tE ca tadgRhaM pavizya nivasanti| tasmAt tasya manuSyasya prathamadazAtaH zESadazA duHkhatarA bhavati|
2a0b1b008d	asyAH kathAyAH kathanakAlE janatAmadhyasthA kAcinnArI tamuccaiHsvaraM prOvAca, yA yOSit tvAM garbbhE'dhArayat stanyamapAyayacca saiva dhanyA|
2a0b1c0054	kintu sOkathayat yE paramEzvarasya kathAM zrutvA tadanurUpam Acaranti taEva dhanyAH|
2a0b1d00b9	tataH paraM tasyAntikE bahulOkAnAM samAgamE jAtE sa vaktumArEbhE, AdhunikA duSTalOkAzcihnaM draSTumicchanti kintu yUnasbhaviSyadvAdinazcihnaM vinAnyat kinjciccihnaM tAn na darzayiSyatE|
2a0b1e007d	yUnas tu yathA nInivIyalOkAnAM samIpE cihnarUpObhavat tathA vidyamAnalOkAnAm ESAM samIpE manuSyaputrOpi cihnarUpO bhaviSyati|
2a0b1f00e9	vicArasamayE idAnIntanalOkAnAM prAtikUlyEna dakSiNadEzIyA rAjnjI prOtthAya tAn dOSiNaH kariSyati, yataH sA rAjnjI sulEmAna upadEzakathAM zrOtuM pRthivyAH sImAta Agacchat kintu pazyata sulEmAnOpi gurutara EkO janO'smin sthAnE vidyatE|
2a0b2000e4	aparanjca vicArasamayE nInivIyalOkA api varttamAnakAlikAnAM lOkAnAM vaiparItyEna prOtthAya tAn dOSiNaH kariSyanti, yatO hEtOstE yUnasO vAkyAt cittAni parivarttayAmAsuH kintu pazyata yUnasOtigurutara EkO janO'smin sthAnE vidyatE|
2a0b21008a	pradIpaM prajvAlya drONasyAdhaH kutrApi guptasthAnE vA kOpi na sthApayati kintu gRhapravEzibhyO dIptiM dAtaM dIpAdhArOparyyEva sthApayati|
2a0b2200ba	dEhasya pradIpazcakSustasmAdEva cakSu ryadi prasannaM bhavati tarhi tava sarvvazarIraM dIptimad bhaviSyati kintu cakSu ryadi malImasaM tiSThati tarhi sarvvazarIraM sAndhakAraM sthAsyati|
2a0b23005a	asmAt kAraNAt tavAntaHsthaM jyOti ryathAndhakAramayaM na bhavati tadarthE sAvadhAnO bhava|
2a0b2400a4	yataH zarIrasya kutrApyaMzE sAndhakArE na jAtE sarvvaM yadi dIptimat tiSThati tarhi tubhyaM dIptidAyiprOjjvalan pradIpa iva tava savarvazarIraM dIptimad bhaviSyati|
2a0b250063	EtatkathAyAH kathanakAlE phiruzyEkO bhEjanAya taM nimantrayAmAsa, tataH sa gatvA bhOktum upavivEza|
2a0b260046	kintu bhOjanAt pUrvvaM nAmAgkSIt Etad dRSTvA sa phiruzyAzcaryyaM mEnE|
2a0b2700a1	tadA prabhustaM prOvAca yUyaM phirUzilOkAH pAnapAtrANAM bhOjanapAtrANAnjca bahiH pariSkurutha kintu yuSmAkamanta rdaurAtmyai rduSkriyAbhizca paripUrNaM tiSThati|
2a0b28003f	hE sarvvE nirbOdhA yO bahiH sasarja sa Eva kimanta rna sasarja?
2a0b290064	tata Eva yuSmAbhirantaHkaraNaM (IzvarAya) nivEdyatAM tasmin kRtE yuSmAkaM sarvvANi zucitAM yAsyanti|
2a0b2a00ba	kintu hanta phirUzigaNA yUyaM nyAyam IzvarE prEma ca parityajya pOdinAyA arudAdInAM sarvvESAM zAkAnAnjca dazamAMzAn dattha kintu prathamaM pAlayitvA zESasyAlagghanaM yuSmAkam ucitamAsIt|
2a0b2b004e	hA hA phirUzinO yUyaM bhajanagEhE prOccAsanE ApaNESu ca namaskArESu prIyadhvE|
2a0b2c007e	vata kapaTinO'dhyApakAH phirUzinazca lOkAyat zmazAnam anupalabhya tadupari gacchanti yUyam tAdRgaprakAzitazmazAnavAd bhavatha|
2a0b2d005d	tadAnIM vyavasthApakAnAm EkA yIzumavadat, hE upadEzaka vAkyEnEdRzEnAsmAsvapi dOSam ArOpayasi|
2a0b2e0085	tataH sa uvAca, hA hA vyavasthApakA yUyam mAnuSANAm upari duHsahyAn bhArAn nyasyatha kintu svayam EkAggulyApi tAn bhArAn na spRzatha|
2a0b2f0058	hanta yuSmAkaM pUrvvapuruSA yAn bhaviSyadvAdinO'vadhiSustESAM zmazAnAni yUyaM nirmmAtha|
2a0b30008a	tEnaiva yUyaM svapUrvvapuruSANAM karmmANi saMmanyadhvE tadEva sapramANaM kurutha ca, yatastE tAnavadhiSuH yUyaM tESAM zmazAnAni nirmmAtha|
2a0b310091	ataEva Izvarasya zAstrE prOktamasti tESAmantikE bhaviSyadvAdinaH prEritAMzca prESayiSyAmi tatastE tESAM kAMzcana haniSyanti kAMzcana tAPazSyinti|
2a0b32006e	EtasmAt kAraNAt hAbilaH zONitapAtamArabhya mandirayajnjavEdyO rmadhyE hatasya sikhariyasya raktapAtaparyyantaM
2a0b3300be	jagataH sRSTimArabhya pRthivyAM bhaviSyadvAdinAM yatiraktapAtA jAtAstatInAm aparAdhadaNPA ESAM varttamAnalOkAnAM bhaviSyanti, yuSmAnahaM nizcitaM vadAmi sarvvE daNPA vaMzasyAsya bhaviSyanti|
2a0b34007f	hA hA vyavasthapakA yUyaM jnjAnasya kunjcikAM hRtvA svayaM na praviSTA yE pravESTunjca prayAsinastAnapi pravESTuM vAritavantaH|
2a0b350035	itthaM kathAkathanAd adhyApakAH phirUzinazca satarkAH
2a0b360078	santastamapavadituM tasya kathAyA dOSaM dharttamicchantO nAnAkhyAnakathanAya taM pravarttayituM kOpayitunjca prArEbhirE|
2a0c0100ba	tadAnIM lOkAH sahasraM sahasram Agatya samupasthitAstata EkaikO 'nyESAmupari patitum upacakramE; tadA yIzuH ziSyAn babhASE, yUyaM phirUzinAM kiNvarUpakApaTyE vizESENa sAvadhAnAstiSThata|
2a0c02006f	yatO yanna prakAzayiSyatE tadAcchannaM vastu kimapi nAsti; tathA yanna jnjAsyatE tad guptaM vastu kimapi nAsti|
2a0c03008b	andhakArE tiSThanatO yAH kathA akathayata tAH sarvvAH kathA dIptau zrOSyantE nirjanE karNE ca yadakathayata gRhapRSThAt tat pracArayiSyatE|
2a0c04006c	hE bandhavO yuSmAnahaM vadAmi, yE zarIrasya nAzaM vinA kimapyaparaM karttuM na zakruvanti tEbhyO mA bhaiSTa|
2a0c050098	tarhi kasmAd bhEtavyam ityahaM vadAmi, yaH zarIraM nAzayitvA narakaM nikSEptuM zaknOti tasmAdEva bhayaM kuruta, punarapi vadAmi tasmAdEva bhayaM kuruta|
2a0c06006b	panjca caTakapakSiNaH kiM dvAbhyAM tAmrakhaNPAbhyAM na vikrIyantE? tathApIzvarastESAm Ekamapi na vismarati|
2a0c07005e	yuSmAkaM ziraHkEzA api gaNitAH santi tasmAt mA vibhIta bahucaTakapakSibhyOpi yUyaM bahumUlyAH|
2a0c080079	aparaM yuSmabhyaM kathayAmi yaH kazcin mAnuSANAM sAkSAn mAM svIkarOti manuSyaputra IzvaradUtAnAM sAkSAt taM svIkariSyati|
2a0c09005f	kintu yaH kazcinmAnuSANAM sAkSAnmAm asvIkarOti tam Izvarasya dUtAnAM sAkSAd aham asvIkariSyAmi|
2a0c0a00c3	anyacca yaH kazcin manujasutasya nindAbhAvEna kAnjcit kathAM kathayati tasya tatpApasya mOcanaM bhaviSyati kintu yadi kazcit pavitram AtmAnaM nindati tarhi tasya tatpApasya mOcanaM na bhaviSyati|
2a0c0b009f	yadA lOkA yuSmAn bhajanagEhaM vicArakartRrAjyakartRNAM sammukhanjca nESyanti tadA kEna prakArENa kimuttaraM vadiSyatha kiM kathayiSyatha cEtyatra mA cintayata;
2a0c0c0056	yatO yuSmAbhiryad yad vaktavyaM tat tasmin samayaEva pavitra AtmA yuSmAn zikSayiSyati|
2a0c0d0081	tataH paraM janatAmadhyasthaH kazcijjanastaM jagAda hE gurO mayA saha paitRkaM dhanaM vibhaktuM mama bhrAtaramAjnjApayatu bhavAn|
2a0c0e0054	kintu sa tamavadat hE manuSya yuvayO rvicAraM vibhAganjca karttuM mAM kO niyuktavAn?
2a0c0f0071	anantaraM sa lOkAnavadat lObhE sAvadhAnAH satarkAzca tiSThata, yatO bahusampattiprAptyA manuSyasyAyu rna bhavati|
2a0c100057	pazcAd dRSTAntakathAmutthApya kathayAmAsa, Ekasya dhaninO bhUmau bahUni zasyAni jAtAni|
2a0c110073	tataH sa manasA cintayitvA kathayAmbabhUva mamaitAni samutpannAni dravyANi sthApayituM sthAnaM nAsti kiM kariSyAmi?
2a0c12008a	tatOvadad itthaM kariSyAmi, mama sarvvabhANPAgArANi bhagktvA bRhadbhANPAgArANi nirmmAya tanmadhyE sarvvaphalAni dravyANi ca sthApayiSyAmi|
2a0c130097	aparaM nijamanO vadiSyAmi, hE manO bahuvatsarArthaM nAnAdravyANi sanjcitAni santi vizrAmaM kuru bhuktvA pItvA kautukanjca kuru| kintvIzvarastam avadat,
2a0c140071	rE nirbOdha adya rAtrau tava prANAstvattO nESyantE tata EtAni yAni dravyANi tvayAsAditAni tAni kasya bhaviSyanti?
2a0c150068	ataEva yaH kazcid Izvarasya samIpE dhanasanjcayamakRtvA kEvalaM svanikaTE sanjcayaM karOti sOpi tAdRzaH|
2a0c16008d	atha sa ziSyEbhyaH kathayAmAsa, yuSmAnahaM vadAmi, kiM khAdiSyAmaH? kiM paridhAsyAmaH? ityuktvA jIvanasya zarIrasya cArthaM cintAM mA kArSTa|
2a0c170035	bhakSyAjjIvanaM bhUSaNAccharIranjca zrESThaM bhavati|
2a0c1800c0	kAkapakSiNAM kAryyaM vicArayata, tE na vapanti zasyAni ca na chindanti, tESAM bhANPAgArANi na santi kOSAzca na santi, tathApIzvarastEbhyO bhakSyANi dadAti, yUyaM pakSibhyaH zrESThatarA na kiM?
2a0c190064	aparanjca bhAvayitvA nijAyuSaH kSaNamAtraM varddhayituM zaknOti, EtAdRzO lAkO yuSmAkaM madhyE kOsti?
2a0c1a0052	ataEva kSudraM kAryyaM sAdhayitum asamarthA yUyam anyasmin kAryyE kutO bhAvayatha?
2a0c1b00d4	anyacca kAmpilapuSpaM kathaM varddhatE tadApi vicArayata, tat kanjcana zramaM na karOti tantUMzca na janayati kintu yuSmabhyaM yathArthaM kathayAmi sulEmAn bahvaizvaryyAnvitOpi puSpasyAsya sadRzO vibhUSitO nAsIt|
2a0c1c0096	adya kSEtrE varttamAnaM zvazcUllyAM kSEpsyamAnaM yat tRNaM, tasmai yadIzvara itthaM bhUSayati tarhi hE alpapratyayinO yuSmAna kiM na paridhApayiSyati?
2a0c1d0056	ataEva kiM khAdiSyAmaH? kiM paridhAsyAmaH? EtadarthaM mA cESTadhvaM mA saMdigdhvanjca|
2a0c1e0069	jagatO dEvArccakA EtAni sarvvANi cESTanatE; ESu vastuSu yuSmAkaM prayOjanamAstE iti yuSmAkaM pitA jAnAti|
2a0c1f0065	ataEvEzvarasya rAjyArthaM sacESTA bhavata tathA kRtE sarvvANyEtAni dravyANi yuSmabhyaM pradAyiSyantE|
2a0c200058	hE kSudramESavraja yUyaM mA bhaiSTa yuSmabhyaM rAjyaM dAtuM yuSmAkaM pituH sammatirasti|
2a0c2100b8	ataEva yuSmAkaM yA yA sampattirasti tAM tAM vikrIya vitarata, yat sthAnaM caurA nAgacchanti, kITAzca na kSAyayanti tAdRzE svargE nijArtham ajarE sampuTakE 'kSayaM dhanaM sanjcinuta ca;
2a0c22003b	yatO yatra yuSmAkaM dhanaM varttatE tatrEva yuSmAkaM manaH|
2a0c23003a	aparanjca yUyaM pradIpaM jvAlayitvA baddhakaTayastiSThata;
2a0c24007b	prabhu rvivAhAdAgatya yadaiva dvAramAhanti tadaiva dvAraM mOcayituM yathA bhRtyA apEkSya tiSThanti tathA yUyamapi tiSThata|
2a0c2500b8	yataH prabhurAgatya yAn dAsAn sacEtanAn tiSThatO drakSyati taEva dhanyAH; ahaM yuSmAn yathArthaM vadAmi prabhustAn bhOjanArtham upavEzya svayaM baddhakaTiH samIpamEtya parivESayiSyati|
2a0c260054	yadi dvitIyE tRtIyE vA praharE samAgatya tathaiva pazyati, tarhi taEva dAsA dhanyAH|
2a0c270094	aparanjca kasmin kSaNE caurA AgamiSyanti iti yadi gRhapati rjnjAtuM zaknOti tadAvazyaM jAgran nijagRhE sandhiM karttayituM vArayati yUyamEtad vitta|
2a0c28006f	ataEva yUyamapi sajjamAnAstiSThata yatO yasmin kSaNE taM nAprEkSadhvE tasminnEva kSaNE manuSyaputra AgamiSyati|
2a0c290068	tadA pitaraH papraccha, hE prabhO bhavAn kimasmAn uddizya kiM sarvvAn uddizya dRSTAntakathAmimAM vadati?
2a0c2a0092	tataH prabhuH prOvAca, prabhuH samucitakAlE nijaparivArArthaM bhOjyaparivESaNAya yaM tatpadE niyOkSyati tAdRzO vizvAsyO bOddhA karmmAdhIzaH kOsti?
2a0c2b004a	prabhurAgatya yam EtAdRzE karmmaNi pravRttaM drakSyati saEva dAsO dhanyaH|
2a0c2c0048	ahaM yuSmAn yathArthaM vadAmi sa taM nijasarvvasvasyAdhipatiM kariSyati|
2a0c2d007b	kintu prabhurvilambEnAgamiSyati, iti vicintya sa dAsO yadi tadanyadAsIdAsAn praharttum bhOktuM pAtuM maditunjca prArabhatE,
2a0c2e00ad	tarhi yadA prabhuM nApEkSiSyatE yasmin kSaNE sO'cEtanazca sthAsyati tasminnEva kSaNE tasya prabhurAgatya taM padabhraSTaM kRtvA vizvAsahInaiH saha tasya aMzaM nirUpayiSyati|
2a0c2f0076	yO dAsaH prabhErAjnjAM jnjAtvApi sajjitO na tiSThati tadAjnjAnusArENa ca kAryyaM na karOti sOnEkAn prahArAn prApsyati;
2a0c3000c0	kintu yO janO'jnjAtvA prahArArhaM karmma karOti sOlpaprahArAn prApsyati| yatO yasmai bAhulyEna dattaM tasmAdEva bAhulyEna grahISyatE, mAnuSA yasya nikaTE bahu samarpayanti tasmAd bahu yAcantE|
2a0c310066	ahaM pRthivyAm anaikyarUpaM vahni nikSEptum AgatOsmi, sa cEd idAnImEva prajvalati tatra mama kA cintA?
2a0c32006f	kintu yEna majjanEnAhaM magnO bhaviSyAmi yAvatkAlaM tasya siddhi rna bhaviSyati tAvadahaM katikaSTaM prApsyAmi|
2a0c33007b	mElanaM karttuM jagad AgatOsmi yUyaM kimitthaM bOdhadhvE? yuSmAn vadAmi na tathA, kintvahaM mElanAbhAvaM karttuMm AgatOsmi|
2a0c3400a7	yasmAdEtatkAlamArabhya EkatrasthaparijanAnAM madhyE panjcajanAH pRthag bhUtvA trayO janA dvayOrjanayOH pratikUlA dvau janau ca trayANAM janAnAM pratikUlau bhaviSyanti|
2a0c3500b1	pitA putrasya vipakSaH putrazca pitu rvipakSO bhaviSyati mAtA kanyAyA vipakSA kanyA ca mAtu rvipakSA bhaviSyati, tathA zvazrUrbadhvA vipakSA badhUzca zvazrvA vipakSA bhaviSyati|
2a0c36007c	sa lOkEbhyOparamapi kathayAmAsa, pazcimadizi mEghOdgamaM dRSTvA yUyaM haThAd vadatha vRSTi rbhaviSyati tatastathaiva jAyatE|
2a0c37004e	aparaM dakSiNatO vAyau vAti sati vadatha nidAghO bhaviSyati tataH sOpi jAyatE|
2a0c38003c	rE rE kapaTina AkAzasya bhUmyAzca lakSaNaM bOddhuM zaknutha,
2a0c390060	kintu kAlasyAsya lakSaNaM kutO bOddhuM na zaknutha? yUyanjca svayaM kutO na nyASyaM vicArayatha?
2a0c3a00e1	aparanjca vivAdinA sArddhaM vicArayituH samIpaM gacchan pathi tasmAduddhAraM prAptuM yatasva nOcEt sa tvAM dhRtvA vicArayituH samIpaM nayati| vicArayitA yadi tvAM praharttuH samIpaM samarpayati praharttA tvAM kArAyAM badhnAti
2a0c3b0067	tarhi tvAmahaM vadAmi tvayA niHzESaM kapardakESu na parizOdhitESu tvaM tatO muktiM prAptuM na zakSyasi|
2a0d010090	aparanjca pIlAtO yESAM gAlIlIyAnAM raktAni balInAM raktaiH sahAmizrayat tESAM gAlIlIyAnAM vRttAntaM katipayajanA upasthApya yIzavE kathayAmAsuH|
2a0d020081	tataH sa pratyuvAca tESAM lOkAnAm EtAdRzI durgati rghaTitA tatkAraNAd yUyaM kimanyEbhyO gAlIlIyEbhyOpyadhikapApinastAn bOdhadhvE?
2a0d030055	yuSmAnahaM vadAmi tathA na kintu manaHsu na parAvarttitESu yUyamapi tathA naMkSyatha|
2a0d04008a	aparanjca zIlOhanAmna uccagRhasya patanAd yE'STAdazajanA mRtAstE yirUzAlami nivAsisarvvalOkEbhyO'dhikAparAdhinaH kiM yUyamityaM bOdhadhvE?
2a0d050055	yuSmAnahaM vadAmi tathA na kintu manaHsu na parivarttitESu yUyamapi tathA naMkSyatha|
2a0d060091	anantaraM sa imAM dRSTAntakathAmakathayad EkO janO drAkSAkSEtramadhya EkamuPumbaravRkSaM rOpitavAn| pazcAt sa Agatya tasmin phalAni gavESayAmAsa,
2a0d0700d4	kintu phalAprAptEH kAraNAd udyAnakAraM bhRtyaM jagAda, pazya vatsaratrayaM yAvadAgatya EtasminnuPumbaratarau kSalAnyanvicchAmi, kintu naikamapi prapnOmi tarurayaM kutO vRthA sthAnaM vyApya tiSThati? EnaM chindhi|
2a0d08007c	tatO bhRtyaH pratyuvAca, hE prabhO punarvarSamEkaM sthAtum Adiza; Etasya mUlasya caturdikSu khanitvAham AlavAlaM sthApayAmi|
2a0d09003e	tataH phalituM zaknOti yadi na phalati tarhi pazcAt chEtsyasi|
2a0d0a002b	atha vizrAmavArE bhajanagEhE yIzurupadizati
2a0d0b0075	tasmit samayE bhUtagrastatvAt kubjIbhUyASTAdazavarSANi yAvat kEnApyupAyEna Rju rbhavituM na zaknOti yA durbbalA strI,
2a0d0c005e	tAM tatrOpasthitAM vilOkya yIzustAmAhUya kathitavAn hE nAri tava daurbbalyAt tvaM muktA bhava|
2a0d0d0059	tataH paraM tasyA gAtrE hastArpaNamAtrAt sA RjurbhUtvEzvarasya dhanyavAdaM karttumArEbhE|
2a0d0e00cc	kintu vizrAmavArE yIzunA tasyAH svAsthyakaraNAd bhajanagEhasyAdhipatiH prakupya lOkAn uvAca, SaTsu dinESu lOkaiH karmma karttavyaM tasmAddhEtOH svAsthyArthaM tESu dinESu Agacchata, vizrAmavArE mAgacchata|
2a0d0f0099	tadA pabhuH pratyuvAca rE kapaTinO yuSmAkam EkaikO janO vizrAmavArE svIyaM svIyaM vRSabhaM gardabhaM vA bandhanAnmOcayitvA jalaM pAyayituM kiM na nayati?
2a0d100066	tarhyASTAdazavatsarAn yAvat zaitAnA baddhA ibrAhImaH santatiriyaM nArI kiM vizrAmavArE na mOcayitavyA?
2a0d110075	ESu vAkyESu kathitESu tasya vipakSAH salajjA jAtAH kintu tEna kRtasarvvamahAkarmmakAraNAt lOkanivahaH sAnandO'bhavat|
2a0d120045	anantaraM sOvadad Izvarasya rAjyaM kasya sadRzaM? kEna tadupamAsyAmi?
2a0d1300b7	yat sarSapabIjaM gRhItvA kazcijjana udyAna uptavAn tad bIjamagkuritaM sat mahAvRkSO'jAyata, tatastasya zAkhAsu vihAyasIyavihagA Agatya nyUSuH, tadrAjyaM tAdRzEna sarSapabIjEna tulyaM|
2a0d140089	punaH kathayAmAsa, Izvarasya rAjyaM kasya sadRzaM vadiSyAmi? yat kiNvaM kAcit strI gRhItvA drONatrayaparimitagOdhUmacUrNESu sthApayAmAsa,
2a0d150057	tataH kramENa tat sarvvagOdhUmacUrNaM vyApnOti, tasya kiNvasya tulyam Izvarasya rAjyaM|
2a0d16005a	tataH sa yirUzAlamnagaraM prati yAtrAM kRtvA nagarE nagarE grAmE grAmE samupadizan jagAma|
2a0d17004e	tadA kazcijjanastaM papraccha, hE prabhO kiM kEvalam alpE lOkAH paritrAsyantE?
2a0d180083	tataH sa lOkAn uvAca, saMkIrNadvArENa pravESTuM yataghvaM, yatOhaM yuSmAn vadAmi, bahavaH pravESTuM cESTiSyantE kintu na zakSyanti|
2a0d1900c6	gRhapatinOtthAya dvArE ruddhE sati yadi yUyaM bahiH sthitvA dvAramAhatya vadatha, hE prabhO hE prabhO asmatkAraNAd dvAraM mOcayatu, tataH sa iti prativakSyati, yUyaM kutratyA lOkA ityahaM na jAnAmi|
2a0d1a0074	tadA yUyaM vadiSyatha, tava sAkSAd vayaM bhEjanaM pAnanjca kRtavantaH, tvanjcAsmAkaM nagarasya pathi samupadiSTavAn|
2a0d1b0073	kintu sa vakSyati, yuSmAnahaM vadAmi, yUyaM kutratyA lOkA ityahaM na jAnAmi; hE durAcAriNO yUyaM mattO dUrIbhavata|
2a0d1c00a0	tadA ibrAhImaM ishAkaM yAkUbanjca sarvvabhaviSyadvAdinazca Izvarasya rAjyaM prAptAn svAMzca bahiSkRtAn dRSTvA yUyaM rOdanaM dantairdantagharSaNanjca kariSyatha|
2a0d1d0053	aparanjca pUrvvapazcimadakSiNOttaradigbhyO lOkA Agatya Izvarasya rAjyE nivatsyanti|
2a0d1e004b	pazyatEtthaM zESIyA lOkA agrA bhaviSyanti, agrIyA lOkAzca zESA bhaviSyanti|
2a0d1f007f	aparanjca tasmin dinE kiyantaH phirUzina Agatya yIzuM prOcuH, bahirgaccha, sthAnAdasmAt prasthAnaM kuru, hErOd tvAM jighAMsati|
2a0d20008a	tataH sa pratyavOcat pazyatAdya zvazca bhUtAn vihApya rOgiNO'rOgiNaH kRtvA tRtIyEhni sEtsyAmi, kathAmEtAM yUyamitvA taM bhUrimAyaM vadata|
2a0d21007e	tatrApyadya zvaH parazvazca mayA gamanAgamanE karttavyE, yatO hEtO ryirUzAlamO bahiH kutrApi kOpi bhaviSyadvAdI na ghAniSyatE|
2a0d2200db	hE yirUzAlam hE yirUzAlam tvaM bhaviSyadvAdinO haMsi tavAntikE prEritAn prastarairmArayasi ca, yathA kukkuTI nijapakSAdhaH svazAvakAn saMgRhlAti, tathAhamapi tava zizUn saMgrahItuM kativArAn aicchaM kintu tvaM naicchaH|
2a0d2300d5	pazyata yuSmAkaM vAsasthAnAni prOcchidyamAnAni parityaktAni ca bhaviSyanti; yuSmAnahaM yathArthaM vadAmi, yaH prabhO rnAmnAgacchati sa dhanya iti vAcaM yAvatkAlaM na vadiSyatha, tAvatkAlaM yUyaM mAM na drakSyatha|
2a0e010061	anantaraM vizrAmavArE yIzau pradhAnasya phirUzinO gRhE bhOktuM gatavati tE taM vIkSitum ArEbhirE|
2a0e020025	tadA jalOdarI tasya sammukhE sthitaH|
2a0e030074	tataH sa vyavasthApakAn phirUzinazca papraccha, vizrAmavArE svAsthyaM karttavyaM na vA? tatastE kimapi na pratyUcuH|
2a0e04002d	tadA sa taM rOgiNaM svasthaM kRtvA visasarja;
2a0e05007c	tAnuvAca ca yuSmAkaM kasyacid garddabhO vRSabhO vA cEd garttE patati tarhi vizrAmavArE tatkSaNaM sa kiM taM nOtthApayiSyati?
2a0e060034	tatastE kathAyA EtasyAH kimapi prativaktuM na zEkuH|
2a0e07005b	aparanjca pradhAnasthAnamanOnItatvakaraNaM vilOkya sa nimantritAn EtadupadEzakathAM jagAda,
2a0e080068	tvaM vivAhAdibhOjyESu nimantritaH san pradhAnasthAnE mOpAvEkSIH| tvattO gauravAnvitanimantritajana AyAtE
2a0e090088	nimantrayitAgatya manuSyAyaitasmai sthAnaM dEhIti vAkyaM cEd vakSyati tarhi tvaM sagkucitO bhUtvA sthAna itarasmin upavESTum udyaMsyasi|
2a0e0a00ca	asmAt kAraNAdEva tvaM nimantritO gatvA'pradhAnasthAna upaviza, tatO nimantrayitAgatya vadiSyati, hE bandhO prOccasthAnaM gatvOpaviza, tathA sati bhOjanOpaviSTAnAM sakalAnAM sAkSAt tvaM mAnyO bhaviSyasi|
2a0e0b005a	yaH kazcit svamunnamayati sa namayiSyatE, kintu yaH kazcit svaM namayati sa unnamayiSyatE|
2a0e0c00ee	tadA sa nimantrayitAraM janamapi jagAda, madhyAhnE rAtrau vA bhOjyE kRtE nijabandhugaNO vA bhrAtRgaNO vA jnjAtigaNO vA dhanigaNO vA samIpavAsigaNO vA EtAn na nimantraya, tathA kRtE cEt tE tvAM nimantrayiSyanti, tarhi parizOdhO bhaviSyati|
2a0e0d0047	kintu yadA bhEjyaM karOSi tadA daridrazuSkakarakhanjjAndhAn nimantraya,
2a0e0e006e	tata AziSaM lapsyasE, tESu parizOdhaM karttumazaknuvatsu zmazAnAddhArmmikAnAmutthAnakAlE tvaM phalAM lapsyasE|
2a0e0f0078	anantaraM tAM kathAM nizamya bhOjanOpaviSTaH kazcit kathayAmAsa, yO jana Izvarasya rAjyE bhOktuM lapsyatE saEva dhanyaH|
2a0e100046	tataH sa uvAca, kazcit janO rAtrau bhEjyaM kRtvA bahUn nimantrayAmAsa|
2a0e11007d	tatO bhOjanasamayE nimantritalOkAn AhvAtuM dAsadvArA kathayAmAsa, khadyadravyANi sarvvANi samAsAditAni santi, yUyamAgacchata|
2a0e1200b4	kintu tE sarvva EkaikaM chalaM kRtvA kSamAM prArthayAnjcakrirE| prathamO janaH kathayAmAsa, kSEtramEkaM krItavAnahaM tadEva draSTuM mayA gantavyam, ataEva mAM kSantuM taM nivEdaya|
2a0e130066	anyO janaH kathayAmAsa, dazavRSAnahaM krItavAn tAn parIkSituM yAmi tasmAdEva mAM kSantuM taM nivEdaya|
2a0e140042	aparaH kathayAmAsa, vyUPhavAnahaM tasmAt kAraNAd yAtuM na zaknOmi|
2a0e1500cd	pazcAt sa dAsO gatvA nijaprabhOH sAkSAt sarvvavRttAntaM nivEdayAmAsa, tatOsau gRhapatiH kupitvA svadAsaM vyAjahAra, tvaM satvaraM nagarasya sannivEzAn mArgAMzca gatvA daridrazuSkakarakhanjjAndhAn atrAnaya|
2a0e16004c	tatO dAsO'vadat, hE prabhO bhavata AjnjAnusArENAkriyata tathApi sthAnamasti|
2a0e170072	tadA prabhuH puna rdAsAyAkathayat, rAjapathAn vRkSamUlAni ca yAtvA madIyagRhapUraNArthaM lOkAnAgantuM pravarttaya|
2a0e18005e	ahaM yuSmabhyaM kathayAmi, pUrvvanimantritAnamEkOpi mamAsya rAtribhOjyasyAsvAdaM na prApsyati|
2a0e190056	anantaraM bahuSu lOkESu yIzOH pazcAd vrajitESu satsu sa vyAghuTya tEbhyaH kathayAmAsa,
2a0e1a00b2	yaH kazcin mama samIpam Agatya svasya mAtA pitA patnI santAnA bhrAtarO bhagimyO nijaprANAzca, EtEbhyaH sarvvEbhyO mayyadhikaM prEma na karOti, sa mama ziSyO bhavituM na zakSyati|
2a0e1b005c	yaH kazcit svIyaM kruzaM vahan mama pazcAnna gacchati, sOpi mama ziSyO bhavituM na zakSyati|
2a0e1c009a	durganirmmANE kativyayO bhaviSyati, tathA tasya samAptikaraNArthaM sampattirasti na vA, prathamamupavizya Etanna gaNayati, yuSmAkaM madhya EtAdRzaH kOsti?
2a0e1d0036	nOcEd bhittiM kRtvA zESE yadi samApayituM na zakSyati,
2a0e1e005c	tarhi mAnuSOyaM nicEtum Arabhata samApayituM nAzaknOt, iti vyAhRtya sarvvE tamupahasiSyanti|
2a0e1f00e0	aparanjca bhinnabhUpatinA saha yuddhaM karttum udyamya dazasahasrANi sainyAni gRhItvA viMzatisahasrEH sainyaiH sahitasya samIpavAsinaH sammukhaM yAtuM zakSyAmi na vEti prathamaM upavizya na vicArayati EtAdRzO bhUmipatiH kaH?
2a0e20005e	yadi na zaknOti tarhi ripAvatidUrE tiSThati sati nijadUtaM prESya sandhiM karttuM prArthayEta|
2a0e21006b	tadvad yuSmAkaM madhyE yaH kazcin madarthaM sarvvasvaM hAtuM na zaknOti sa mama ziSyO bhavituM na zakSyati|
2a0e220070	lavaNam uttamam iti satyaM, kintu yadi lavaNasya lavaNatvam apagacchati tarhi tat kathaM svAduyuktaM bhaviSyati?
2a0e230075	tada bhUmyartham AlavAlarAzyarthamapi bhadraM na bhavati; lOkAstad bahiH kSipanti|yasya zrOtuM zrOtrE staH sa zRNOtu|
2a0f01004f	tadA karasanjcAyinaH pApinazca lOkA upadEzkathAM zrOtuM yIzOH samIpam Agacchan|
2a0f020075	tataH phirUzina upAdhyAyAzca vivadamAnAH kathayAmAsuH ESa mAnuSaH pApibhiH saha praNayaM kRtvA taiH sArddhaM bhuMktE|
2a0f03002e	tadA sa tEbhya imAM dRSTAntakathAM kathitavAn,
2a0f0400bf	kasyacit zatamESESu tiSThatmu tESAmEkaM sa yadi hArayati tarhi madhyEprAntaram EkOnazatamESAn vihAya hAritamESasya uddEzaprAptiparyyanataM na gavESayati, EtAdRzO lOkO yuSmAkaM madhyE ka AstE?
2a0f050069	tasyOddEzaM prApya hRSTamanAstaM skandhE nidhAya svasthAnam AnIya bandhubAndhavasamIpavAsina AhUya vakti,
2a0f060039	hAritaM mESaM prAptOham atO hEtO rmayA sArddham Anandata|
2a0f0700bc	tadvadahaM yuSmAn vadAmi, yESAM manaHparAvarttanasya prayOjanaM nAsti, tAdRzaikOnazatadhArmmikakAraNAd ya AnandastasmAd Ekasya manaHparivarttinaH pApinaH kAraNAt svargE 'dhikAnandO jAyatE|
2a0f080094	aparanjca dazAnAM rUpyakhaNPAnAm EkakhaNPE hAritE pradIpaM prajvAlya gRhaM sammArjya tasya prAptiM yAvad yatnEna na gavESayati, EtAdRzI yOSit kAstE?
2a0f090078	prAptE sati bandhubAndhavasamIpavAsinIrAhUya kathayati, hAritaM rUpyakhaNPaM prAptAhaM tasmAdEva mayA sArddham Anandata|
2a0f0a0067	tadvadahaM yuSmAn vyAharAmi, EkEna pApinA manasi parivarttitE, Izvarasya dUtAnAM madhyEpyAnandO jAyatE|
2a0f0b0034	aparanjca sa kathayAmAsa, kasyacid dvau putrAvAstAM,
2a0f0c009d	tayOH kaniSThaH putraH pitrE kathayAmAsa, hE pitastava sampattyA yamaMzaM prApsyAmyahaM vibhajya taM dEhi, tataH pitA nijAM sampattiM vibhajya tAbhyAM dadau|
2a0f0d007c	katipayAt kAlAt paraM sa kaniSThaputraH samastaM dhanaM saMgRhya dUradEzaM gatvA duSTAcaraNEna sarvvAM sampattiM nAzayAmAsa|
2a0f0e0064	tasya sarvvadhanE vyayaM gatE taddEzE mahAdurbhikSaM babhUva, tatastasya dainyadazA bhavitum ArEbhE|
2a0f0f0071	tataH paraM sa gatvA taddEzIyaM gRhasthamEkam Azrayata; tataH sataM zUkaravrajaM cArayituM prAntaraM prESayAmAsa|
2a0f10004c	kEnApi tasmai bhakSyAdAnAt sa zUkaraphalavalkalEna piciNPapUraNAM vavAnjcha|
2a0f1100a2	zESE sa manasi cEtanAM prApya kathayAmAsa, hA mama pituH samIpE kati kati vEtanabhujO dAsA yathESTaM tatOdhikanjca bhakSyaM prApnuvanti kintvahaM kSudhA mumUrSuH|
2a0f120068	ahamutthAya pituH samIpaM gatvA kathAmEtAM vadiSyAmi, hE pitar Izvarasya tava ca viruddhaM pApamakaravam
2a0f130059	tava putraiti vikhyAtO bhavituM na yOgyOsmi ca, mAM tava vaitanikaM dAsaM kRtvA sthApaya|
2a0f140086	pazcAt sa utthAya pituH samIpaM jagAma; tatastasya pitAtidUrE taM nirIkSya dayAnjcakrE, dhAvitvA tasya kaNThaM gRhItvA taM cucumba ca|
2a0f150075	tadA putra uvAca, hE pitar Izvarasya tava ca viruddhaM pApamakaravaM, tava putraiti vikhyAtO bhavituM na yOgyOsmi ca|
2a0f160088	kintu tasya pitA nijadAsAn AdidEza, sarvvOttamavastrANyAnIya paridhApayatainaM hastE cAggurIyakam arpayata pAdayOzcOpAnahau samarpayata;
2a0f17003d	puSTaM gOvatsam AnIya mArayata ca taM bhuktvA vayam AnandAma|
2a0f180058	yatO mama putrOyam amriyata punarajIvId hAritazca labdhObhUt tatasta Ananditum ArEbhirE|
2a0f190072	tatkAlE tasya jyESThaH putraH kSEtra AsIt| atha sa nivEzanasya nikaTaM Agacchan nRtyAnAM vAdyAnAnjca zabdaM zrutvA
2a0f1a002e	dAsAnAm Ekam AhUya papraccha, kiM kAraNamasya?
2a0f1b005d	tataH sOvAdIt, tava bhrAtAgamat, tava tAtazca taM suzarIraM prApya puSTaM gOvatsaM mAritavAn|
2a0f1c0061	tataH sa prakupya nivEzanAntaH pravESTuM na sammEnE; tatastasya pitA bahirAgatya taM sAdhayAmAsa|
2a0f1d00b1	tataH sa pitaraM pratyuvAca, pazya tava kAnjcidapyAjnjAM na vilaMghya bahUn vatsarAn ahaM tvAM sEvE tathApi mitraiH sArddham utsavaM karttuM kadApi chAgamEkamapi mahyaM nAdadAH;
2a0f1e0081	kintu tava yaH putrO vEzyAgamanAdibhistava sampattim apavyayitavAn tasminnAgatamAtrE tasyaiva nimittaM puSTaM gOvatsaM mAritavAn|
2a0f1f0060	tadA tasya pitAvOcat, hE putra tvaM sarvvadA mayA sahAsi tasmAn mama yadyadAstE tatsarvvaM tava|
2a0f200077	kintu tavAyaM bhrAtA mRtaH punarajIvId hAritazca bhUtvA prAptObhUt, EtasmAt kAraNAd utsavAnandau karttum ucitamasmAkam|
2a10010082	aparanjca yIzuH ziSyEbhyOnyAmEkAM kathAM kathayAmAsa kasyacid dhanavatO manuSyasya gRhakAryyAdhIzE sampattErapavyayE'pavAditE sati
2a10020099	tasya prabhustam AhUya jagAda, tvayi yAmimAM kathAM zRNOmi sA kIdRzI? tvaM gRhakAryyAdhIzakarmmaNO gaNanAM darzaya gRhakAryyAdhIzapadE tvaM na sthAsyasi|
2a100300b0	tadA sa gRhakAryyAdhIzO manasA cintayAmAsa, prabhu ryadi mAM gRhakAryyAdhIzapadAd bhraMzayati tarhi kiM kariSyE'haM? mRdaM khanituM mama zakti rnAsti bhikSitunjca lajjiSyE'haM|
2a10040080	ataEva mayi gRhakAryyAdhIzapadAt cyutE sati yathA lOkA mahyam AzrayaM dAsyanti tadarthaM yatkarmma mayA karaNIyaM tan nirNIyatE|
2a10050062	pazcAt sa svaprabhOrEkaikam adhamarNam AhUya prathamaM papraccha, tvattO mE prabhuNA kati prApyam?
2a1006007d	tataH sa uvAca, EkazatAPhakatailAni; tadA gRhakAryyAdhIzaH prOvAca, tava patramAnIya zIghramupavizya tatra panjcAzataM likha|
2a10070093	pazcAdanyamEkaM papraccha, tvattO mE prabhuNA kati prApyam? tataH sOvAdId EkazatAPhakagOdhUmAH; tadA sa kathayAmAsa, tava patramAnIya azItiM likha|
2a100800a5	tEnaiva prabhustamayathArthakRtam adhIzaM tadbuddhinaipuNyAt prazazaMsa; itthaM dIptirUpasantAnEbhya EtatsaMsArasya santAnA varttamAnakAlE'dhikabuddhimantO bhavanti|
2a10090079	atO vadAmi yUyamapyayathArthEna dhanEna mitrANi labhadhvaM tatO yuSmAsu padabhraSTESvapi tAni cirakAlam AzrayaM dAsyanti|
2a100a00a3	yaH kazcit kSudrE kAryyE vizvAsyO bhavati sa mahati kAryyEpi vizvAsyO bhavati, kintu yaH kazcit kSudrE kAryyE'vizvAsyO bhavati sa mahati kAryyEpyavizvAsyO bhavati|
2a100b006c	ataEva ayathArthEna dhanEna yadi yUyamavizvAsyA jAtAstarhi satyaM dhanaM yuSmAkaM karESu kaH samarpayiSyati?
2a100c0060	yadi ca paradhanEna yUyam avizvAsyA bhavatha tarhi yuSmAkaM svakIyadhanaM yuSmabhyaM kO dAsyati?
2a100d00b4	kOpi dAsa ubhau prabhU sEvituM na zaknOti, yata Ekasmin prIyamANO'nyasminnaprIyatE yadvA EkaM janaM samAdRtya tadanyaM tucchIkarOti tadvad yUyamapi dhanEzvarau sEvituM na zaknutha|
2a100e003c	tadaitAH sarvvAH kathAH zrutvA lObhiphirUzinastamupajahasuH|
2a100f009f	tataH sa uvAca, yUyaM manuSyANAM nikaTE svAn nirdOSAn darzayatha kintu yuSmAkam antaHkaraNAnIzvarO jAnAti, yat manuSyANAm ati prazaMsyaM tad Izvarasya ghRNyaM|
2a101000b4	yOhana AgamanaparyyanataM yuSmAkaM samIpE vyavasthAbhaviSyadvAdinAM lEkhanAni cAsan tataH prabhRti IzvararAjyasya susaMvAdaH pracarati, EkaikO lOkastanmadhyaM yatnEna pravizati ca|
2a1011005f	varaM nabhasaH pRthivyAzca lOpO bhaviSyati tathApi vyavasthAyA EkabindOrapi lOpO na bhaviSyati|
2a10120088	yaH kazcit svIyAM bhAryyAM vihAya striyamanyAM vivahati sa paradArAn gacchati, yazca tA tyaktAM nArIM vivahati sOpi paradArAna gacchati|
2a10130062	EkO dhanI manuSyaH zuklAni sUkSmANi vastrANi paryyadadhAt pratidinaM paritOSarUpENAbhuMktApivacca|
2a1014008e	sarvvAggE kSatayukta iliyAsaranAmA kazcid daridrastasya dhanavatO bhOjanapAtrAt patitam ucchiSTaM bhOktuM vAnjchan tasya dvArE patitvAtiSThat;
2a10150026	atha zvAna Agatya tasya kSatAnyalihan|
2a10160066	kiyatkAlAtparaM sa daridraH prANAn jahau; tataH svargIyadUtAstaM nItvA ibrAhImaH krOPa upavEzayAmAsuH|
2a101700ae	pazcAt sa dhanavAnapi mamAra, taM zmazAnE sthApayAmAsuzca; kintu paralOkE sa vEdanAkulaH san UrddhvAM nirIkSya bahudUrAd ibrAhImaM tatkrOPa iliyAsaranjca vilOkya ruvannuvAca;
2a1018008c	hE pitar ibrAhIm anugRhya aggulyagrabhAgaM jalE majjayitvA mama jihvAM zItalAM karttum iliyAsaraM prEraya, yatO vahnizikhAtOhaM vyathitOsmi|
2a1019009c	tadA ibrAhIm babhASE, hE putra tvaM jIvan sampadaM prAptavAn iliyAsarastu vipadaM prAptavAn Etat smara, kintu samprati tasya sukhaM tava ca duHkhaM bhavati|
2a101a00a4	aparamapi yuSmAkam asmAkanjca sthAnayO rmadhyE mahadvicchEdO'sti tata EtatsthAnasya lOkAstat sthAnaM yAtuM yadvA tatsthAnasya lOkA Etat sthAnamAyAtuM na zaknuvanti|
2a101b005d	tadA sa uktavAn, hE pitastarhi tvAM nivEdayAmi mama pitu rgEhE yE mama panjca bhrAtaraH santi
2a101c005d	tE yathaitad yAtanAsthAnaM nAyAsyanti tathA mantraNAM dAtuM tESAM samIpam iliyAsaraM prEraya|
2a101d0062	tata ibrAhIm uvAca, mUsAbhaviSyadvAdinAnjca pustakAni tESAM nikaTE santi tE tadvacanAni manyantAM|
2a101e0084	tadA sa nivEdayAmAsa, hE pitar ibrAhIm na tathA, kintu yadi mRtalOkAnAM kazcit tESAM samIpaM yAti tarhi tE manAMsi vyAghOTayiSyanti|
2a101f0091	tata ibrAhIm jagAda, tE yadi mUsAbhaviSyadvAdinAnjca vacanAni na manyantE tarhi mRtalOkAnAM kasmiMzcid utthitEpi tE tasya mantraNAM na maMsyantE|
2a11010072	itaH paraM yIzuH ziSyAn uvAca, vighnairavazyam AgantavyaM kintu vighnA yEna ghaTiSyantE tasya durgati rbhaviSyati|
2a1102006c	EtESAM kSudraprANinAm EkasyApi vighnajananAt kaNThabaddhapESaNIkasya tasya sAgarAgAdhajalE majjanaM bhadraM|
2a1103008f	yUyaM svESu sAvadhAnAstiSThata; tava bhrAtA yadi tava kinjcid aparAdhyati tarhi taM tarjaya, tEna yadi manaH parivarttayati tarhi taM kSamasva|
2a1104008b	punarEkadinamadhyE yadi sa tava saptakRtvO'parAdhyati kintu saptakRtva Agatya manaH parivartya mayAparAddham iti vadati tarhi taM kSamasva|
2a11050038	tadA prEritAH prabhum avadan asmAkaM vizvAsaM varddhaya|
2a110600bb	prabhuruvAca, yadi yuSmAkaM sarSapaikapramANO vizvAsOsti tarhi tvaM samUlamutpATitO bhUtvA samudrE rOpitO bhava kathAyAm EtasyAm EtaduPumbarAya kathitAyAM sa yuSmAkamAjnjAvahO bhaviSyati|
2a1107007d	aparaM svadAsE halaM vAhayitvA vA pazUn cArayitvA kSEtrAd AgatE sati taM vadati, Ehi bhOktumupaviza, yuSmAkam EtAdRzaH kOsti?
2a11080098	varanjca pUrvvaM mama khAdyamAsAdya yAvad bhunjjE pivAmi ca tAvad baddhakaTiH paricara pazcAt tvamapi bhOkSyasE pAsyasi ca kathAmIdRzIM kiM na vakSyati?
2a11090065	tEna dAsEna prabhOrAjnjAnurUpE karmmaNi kRtE prabhuH kiM tasmin bAdhitO jAtaH? nEtthaM budhyatE mayA|
2a110a008d	itthaM nirUpitESu sarvvakarmmasu kRtESu satmu yUyamapIdaM vAkyaM vadatha, vayam anupakAriNO dAsA asmAbhiryadyatkarttavyaM tanmAtramEva kRtaM|
2a110b0042	sa yirUzAlami yAtrAM kurvvan zOmirONgAlIlpradEzamadhyEna gacchati,
2a110c0040	Etarhi kutracid grAmE pravEzamAtrE dazakuSThinastaM sAkSAt kRtvA
2a110d0042	dUrE tiSThanata uccai rvaktumArEbhirE, hE prabhO yIzO dayasvAsmAn|
2a110e0066	tataH sa tAn dRSTvA jagAda, yUyaM yAjakAnAM samIpE svAn darzayata, tatastE gacchantO rOgAt pariSkRtAH|
2a110f007e	tadA tESAmEkaH svaM svasthaM dRSTvA prOccairIzvaraM dhanyaM vadan vyAghuTyAyAtO yIzO rguNAnanuvadan taccaraNAdhObhUmau papAta;
2a11100012	sa cAsIt zOmirONI|
2a11110048	tadA yIzuravadat, dazajanAH kiM na pariSkRtAH? tahyanyE navajanAH kutra?
2a11120042	IzvaraM dhanyaM vadantam EnaM vidEzinaM vinA kOpyanyO na prApyata|
2a11130044	tadA sa tamuvAca, tvamutthAya yAhi vizvAsastE tvAM svasthaM kRtavAn|
2a1114007d	atha kadEzvarasya rAjatvaM bhaviSyatIti phirUzibhiH pRSTE sa pratyuvAca, Izvarasya rAjatvam aizvaryyadarzanEna na bhaviSyati|
2a11150070	ata Etasmin pazya tasmin vA pazya, iti vAkyaM lOkA vaktuM na zakSyanti, Izvarasya rAjatvaM yuSmAkam antarEvAstE|
2a11160078	tataH sa ziSyAn jagAda, yadA yuSmAbhi rmanujasutasya dinamEkaM draSTum vAnjchiSyatE kintu na darziSyatE, IdRkkAla AyAti|
2a11170062	tadAtra pazya vA tatra pazyEti vAkyaM lOkA vakSyanti, kintu tESAM pazcAt mA yAta, mAnugacchata ca|
2a1118006d	yatastaPid yathAkAzaikadizyudiya tadanyAmapi dizaM vyApya prakAzatE tadvat nijadinE manujasUnuH prakAziSyatE|
2a11190057	kintu tatpUrvvaM tEnAnEkAni duHkhAni bhOktavyAnyEtadvarttamAnalOkaizca sO'vajnjAtavyaH|
2a111a0047	nOhasya vidyamAnakAlE yathAbhavat manuSyasUnOH kAlEpi tathA bhaviSyati|
2a111b0083	yAvatkAlaM nOhO mahApOtaM nArOhad AplAvivAryyEtya sarvvaM nAnAzayacca tAvatkAlaM yathA lOkA abhunjjatApivan vyavahan vyavAhayaMzca;
2a111c0067	itthaM lOTO varttamAnakAlEpi yathA lOkA bhOjanapAnakrayavikrayarOpaNagRhanirmmANakarmmasu prAvarttanta,
2a111d005b	kintu yadA lOT sidOmO nirjagAma tadA nabhasaH sagandhakAgnivRSTi rbhUtvA sarvvaM vyanAzayat
2a111e002b	tadvan mAnavaputraprakAzadinEpi bhaviSyati|
2a111f0089	tadA yadi kazcid gRhOpari tiSThati tarhi sa gRhamadhyAt kimapi dravyamAnEtum avaruhya naitu; yazca kSEtrE tiSThati sOpi vyAghuTya nAyAtu|
2a11200015	lOTaH patnIM smarata|
2a11210066	yaH prANAn rakSituM cESTiSyatE sa prANAn hArayiSyati yastu prANAn hArayiSyati saEva prANAn rakSiSyati|
2a11220054	yuSmAnahaM vacmi tasyAM rAtrau zayyaikagatayO rlOkayOrEkO dhAriSyatE parastyakSyatE|
2a1123004b	striyau yugapat pESaNIM vyAvarttayiSyatastayOrEkA dhAriSyatE parAtyakSyatE|
2a1124003c	puruSau kSEtrE sthAsyatastayOrEkO dhAriSyatE parastyakSyatE|
2a1125006e	tadA tE papracchuH, hE prabhO kutrEtthaM bhaviSyati? tataH sa uvAca, yatra zavastiSThati tatra gRdhrA milanti|
2a1201005e	aparanjca lOkairaklAntai rnirantaraM prArthayitavyam ityAzayEna yIzunA dRSTAnta EkaH kathitaH|
2a1202004e	kutracinnagarE kazcit prAPvivAka AsIt sa IzvarAnnAbibhEt mAnuSAMzca nAmanyata|
2a12030065	atha tatpuravAsinI kAcidvidhavA tatsamIpamEtya vivAdinA saha mama vivAdaM pariSkurvviti nivEdayAmAsa|
2a12040078	tataH sa prAPvivAkaH kiyaddinAni na tadaggIkRtavAn pazcAccittE cintayAmAsa, yadyapIzvarAnna bibhEmi manuSyAnapi na manyE
2a1205006b	tathApyESA vidhavA mAM kliznAti tasmAdasyA vivAdaM pariSkariSyAmi nOcEt sA sadAgatya mAM vyagraM kariSyati|
2a12060047	pazcAt prabhuravadad asAvanyAyaprAPvivAkO yadAha tatra manO nidhadhvaM|
2a12070070	Izvarasya yE 'bhirucitalOkA divAnizaM prArthayantE sa bahudinAni vilambyApi tESAM vivAdAn kiM na pariSkariSyati?
2a12080079	yuSmAnahaM vadAmi tvarayA pariSkariSyati, kintu yadA manuSyaputra AgamiSyati tadA pRthivyAM kimIdRzaM vizvAsaM prApsyati?
2a12090063	yE svAn dhArmmikAn jnjAtvA parAn tucchIkurvvanti EtAdRgbhyaH, kiyadbhya imaM dRSTAntaM kathayAmAsa|
2a120a0045	EkaH phirUzyaparaH karasanjcAyI dvAvimau prArthayituM mandiraM gatau|
2a120b009f	tatO'sau phirUzyEkapArzvE tiSThan hE Izvara ahamanyalOkavat lOThayitAnyAyI pAradArikazca na bhavAmi asya karasanjcAyinastulyazca na, tasmAttvAM dhanyaM vadAmi|
2a120c006b	saptasu dinESu dinadvayamupavasAmi sarvvasampattE rdazamAMzaM dadAmi ca, EtatkathAM kathayan prArthayAmAsa|
2a120d008c	kintu sa karasanjcAyi dUrE tiSThan svargaM draSTuM nEcchan vakSasi karAghAtaM kurvvan hE Izvara pApiSThaM mAM dayasva, itthaM prArthayAmAsa|
2a120e00c0	yuSmAnahaM vadAmi, tayOrdvayO rmadhyE kEvalaH karasanjcAyI puNyavattvEna gaNitO nijagRhaM jagAma, yatO yaH kazcit svamunnamayati sa nAmayiSyatE kintu yaH kazcit svaM namayati sa unnamayiSyatE|
2a120f005f	atha zizUnAM gAtrasparzArthaM lOkAstAn tasya samIpamAninyuH ziSyAstad dRSTvAnEtRn tarjayAmAsuH,
2a1210007d	kintu yIzustAnAhUya jagAda, mannikaTam AgantuM zizUn anujAnIdhvaM tAMzca mA vArayata; yata IzvararAjyAdhikAriNa ESAM sadRzAH|
2a12110081	ahaM yuSmAn yathArthaM vadAmi, yO janaH zizOH sadRzO bhUtvA IzvararAjyaM na gRhlAti sa kEnApi prakArENa tat pravESTuM na zaknOti|
2a12120059	aparam EkOdhipatistaM papraccha, hE paramagurO, anantAyuSaH prAptayE mayA kiM karttavyaM?
2a1213004a	yIzuruvAca, mAM kutaH paramaM vadasi? IzvaraM vinA kOpi paramO na bhavati|
2a12140089	paradArAn mA gaccha, naraM mA jahi, mA cOraya, mithyAsAkSyaM mA dEhi, mAtaraM pitaranjca saMmanyasva, EtA yA AjnjAH santi tAstvaM jAnAsi|
2a1215002d	tadA sa uvAca, bAlyakAlAt sarvvA EtA AcarAmi|
2a121600b0	iti kathAM zrutvA yIzustamavadat, tathApi tavaikaM karmma nyUnamAstE, nijaM sarvvasvaM vikrIya daridrEbhyO vitara, tasmAt svargE dhanaM prApsyasi; tata Agatya mamAnugAmI bhava|
2a12170045	kintvEtAM kathAM zrutvA sOdhipatiH zuzOca, yatastasya bahudhanamAsIt|
2a12180058	tadA yIzustamatizOkAnvitaM dRSTvA jagAda, dhanavatAm IzvararAjyapravEzaH kIdRg duSkaraH|
2a1219004b	IzvararAjyE dhaninaH pravEzAt sUcEzchidrENa mahAggasya gamanAgamanE sukarE|
2a121a0033	zrOtAraH papracchustarhi kEna paritrANaM prApsyatE?
2a121b0033	sa uktavAn, yan mAnuSENAzakyaM tad IzvarENa zakyaM|
2a121c004f	tadA pitara uvAca, pazya vayaM sarvvasvaM parityajya tava pazcAdgAminO'bhavAma|
2a121d0073	tataH sa uvAca, yuSmAnahaM yathArthaM vadAmi, IzvararAjyArthaM gRhaM pitarau bhrAtRgaNaM jAyAM santAnAMzca tyaktavA
2a121e004e	iha kAlE tatO'dhikaM parakAlE 'nantAyuzca na prApsyati lOka IdRzaH kOpi nAsti|
2a121f00a3	anantaraM sa dvAdazaziSyAnAhUya babhASE, pazyata vayaM yirUzAlamnagaraM yAmaH, tasmAt manuSyaputrE bhaviSyadvAdibhiruktaM yadasti tadanurUpaM taM prati ghaTiSyatE;
2a122000a1	vastutastu sO'nyadEzIyAnAM hastESu samarpayiSyatE, tE tamupahasiSyanti, anyAyamAcariSyanti tadvapuSi niSThIvaM nikSEpsyanti, kazAbhiH prahRtya taM haniSyanti ca,
2a12210028	kintu tRtIyadinE sa zmazAnAd utthAsyati|
2a12220085	EtasyAH kathAyA abhiprAyaM kinjcidapi tE bOddhuM na zEkuH tESAM nikaTE'spaSTatavAt tasyaitAsAM kathAnAm AzayaM tE jnjAtuM na zEkuzca|
2a1223005b	atha tasmin yirIhOH purasyAntikaM prAptE kazcidandhaH pathaH pArzva upavizya bhikSAm akarOt
2a12240039	sa lOkasamUhasya gamanazabdaM zrutvA tatkAraNaM pRSTavAn|
2a12250037	nAsaratIyayIzuryAtIti lOkairuktE sa uccairvaktumArEbhE,
2a12260024	hE dAyUdaH santAna yIzO mAM dayasva|
2a12270067	tatOgragAminastaM maunI tiSThEti tarjayAmAsuH kintu sa punAruvan uvAca, hE dAyUdaH santAna mAM dayasva|
2a12280036	tadA yIzuH sthagitO bhUtvA svAntikE tamAnEtum AdidEza|
2a1229008c	tataH sa tasyAntikam Agamat, tadA sa taM papraccha, tvaM kimicchasi? tvadarthamahaM kiM kariSyAmi? sa uktavAn, hE prabhO'haM draSTuM labhai|
2a122a0048	tadA yIzuruvAca, dRSTizaktiM gRhANa tava pratyayastvAM svasthaM kRtavAn|
2a122b008b	tatastatkSaNAt tasya cakSuSI prasannE; tasmAt sa IzvaraM dhanyaM vadan tatpazcAd yayau, tadAlOkya sarvvE lOkA IzvaraM prazaMsitum ArEbhirE|
2a13010038	yadA yIzu ryirIhOpuraM pravizya tanmadhyEna gacchaMstadA
2a13020030	sakkEyanAmA karasanjcAyinAM pradhAnO dhanavAnEkO
2a13030056	yIzuH kIdRgiti draSTuM cESTitavAn kintu kharvvatvAllOkasaMghamadhyE taddarzanamaprApya
2a1304004d	yEna pathA sa yAsyati tatpathE'grE dhAvitvA taM draSTum uPumbaratarumArurOha|
2a13050078	pazcAd yIzustatsthAnam itvA UrddhvaM vilOkya taM dRSTvAvAdIt, hE sakkEya tvaM zIghramavarOha mayAdya tvadgEhE vastavyaM|
2a1306002e	tataH sa zIghramavaruhya sAhlAdaM taM jagrAha|
2a13070052	tad dRSTvA sarvvE vivadamAnA vaktumArEbhirE, sOtithitvEna duSTalOkagRhaM gacchati|
2a130800c6	kintu sakkEyO daNPAyamAnO vaktumArEbhE, hE prabhO pazya mama yA sampattirasti tadarddhaM daridrEbhyO dadE, aparam anyAyaM kRtvA kasmAdapi yadi kadApi kinjcit mayA gRhItaM tarhi taccaturguNaM dadAmi|
2a13090059	tadA yIzustamuktavAn ayamapi ibrAhImaH santAnO'taH kAraNAd adyAsya gRhE trANamupasthitaM|
2a130a003c	yad hAritaM tat mRgayituM rakSitunjca manuSyaputra AgatavAn|
2a130b00a6	atha sa yirUzAlamaH samIpa upAtiSThad IzvararAjatvasyAnuSThAnaM tadaiva bhaviSyatIti lOkairanvabhUyata, tasmAt sa zrOtRbhyaH punardRSTAntakathAm utthApya kathayAmAsa|
2a130c004c	kOpi mahAllOkO nijArthaM rAjatvapadaM gRhItvA punarAgantuM dUradEzaM jagAma|
2a130d0065	yAtrAkAlE nijAn dazadAsAn AhUya dazasvarNamudrA dattvA mamAgamanaparyyantaM vANijyaM kurutEtyAdidEza|
2a130e0075	kintu tasya prajAstamavajnjAya manuSyamEnam asmAkamupari rAjatvaM na kArayivyAma imAM vArttAM tannikaTE prErayAmAsuH|
2a130f0084	atha sa rAjatvapadaM prApyAgatavAn EkaikO janO bANijyEna kiM labdhavAn iti jnjAtuM yESu dAsESu mudrA arpayat tAn AhUyAnEtum AdidEza|
2a13100054	tadA prathama Agatya kathitavAn, hE prabhO tava tayaikayA mudrayA dazamudrA labdhAH|
2a13110064	tataH sa uvAca tvamuttamO dAsaH svalpEna vizvAsyO jAta itaH kAraNAt tvaM dazanagarANAm adhipO bhava|
2a1312004b	dvitIya Agatya kathitavAn, hE prabhO tavaikayA mudrayA panjcamudrA labdhAH|
2a13130038	tataH sa uvAca, tvaM panjcAnAM nagarANAmadhipati rbhava|
2a1314005d	tatOnya Agatya kathayAmAsa, hE prabhO pazya tava yA mudrA ahaM vastrE baddhvAsthApayaM sEyaM|
2a1315005d	tvaM kRpaNO yannAsthApayastadapi gRhlAsi, yannAvapastadEva ca chinatsi tatOhaM tvattO bhItaH|
2a131600b1	tadA sa jagAda, rE duSTadAsa tava vAkyEna tvAM dOSiNaM kariSyAmi, yadahaM nAsthApayaM tadEva gRhlAmi, yadahaM nAvapanjca tadEva chinadmi, EtAdRzaH kRpaNOhamiti yadi tvaM jAnAsi,
2a1317006d	tarhi mama mudrA baNijAM nikaTE kutO nAsthApayaH? tayA kRtE'ham Agatya kusIdEna sArddhaM nijamudrA aprApsyam|
2a1318005d	pazcAt sa samIpasthAn janAn AjnjApayat asmAt mudrA AnIya yasya dazamudrAH santi tasmai datta|
2a13190026	tE prOcuH prabhO'sya dazamudrAH santi|
2a131a0087	yuSmAnahaM vadAmi yasyAzrayE vaddhatE 'dhikaM tasmai dAyiSyatE, kintu yasyAzrayE na varddhatE tasya yadyadasti tadapi tasmAn nAyiSyatE|
2a131b0066	kintu mamAdhipatitvasya vazatvE sthAtum asammanyamAnA yE mama ripavastAnAnIya mama samakSaM saMharata|
2a131c003f	ityupadEzakathAM kathayitvA sOgragaH san yirUzAlamapuraM yayau|
2a131d0061	tatO baitphagIbaithanIyAgrAmayOH samIpE jaitunAdrErantikam itvA ziSyadvayam ityuktvA prESayAmAsa,
2a131e0086	yuvAmamuM sammukhasthagrAmaM pravizyaiva yaM kOpi mAnuSaH kadApi nArOhat taM garddabhazAvakaM baddhaM drakSyathastaM mOcayitvAnayataM|
2a131f005a	tatra kutO mOcayathaH? iti cEt kOpi vakSyati tarhi vakSyathaH prabhEratra prayOjanam AstE|
2a13200039	tadA tau praritau gatvA tatkathAnusArENa sarvvaM prAptau|
2a13210049	gardabhazAvakamOcanakAlE tatvAmina UcuH, gardabhazAvakaM kutO mOcayathaH?
2a13220026	tAvUcatuH prabhOratra prayOjanam AstE|
2a1323006f	pazcAt tau taM gardabhazAvakaM yIzOrantikamAnIya tatpRSThE nijavasanAni pAtayitvA tadupari yIzumArOhayAmAsatuH|
2a1324003a	atha yAtrAkAlE lOkAH pathi svavastrANi pAtayitum ArEbhirE|
2a13250050	aparaM jaitunAdrErupatyakAm itvA ziSyasaMghaH pUrvvadRSTAni mahAkarmmANi smRtvA,
2a13260094	yO rAjA prabhO rnAmnAyAti sa dhanyaH svargE kuzalaM sarvvOccE jayadhvani rbhavatu, kathAmEtAM kathayitvA sAnandam ucairIzvaraM dhanyaM vaktumArEbhE|
2a13270065	tadA lOkAraNyamadhyasthAH kiyantaH phirUzinastat zrutvA yIzuM prOcuH, hE upadEzaka svaziSyAn tarjaya|
2a1328005d	sa uvAca, yuSmAnahaM vadAmi yadyamI nIravAstiSThanti tarhi pASANA ucaiH kathAH kathayiSyanti|
2a13290037	pazcAt tatpurAntikamEtya tadavalOkya sAzrupAtaM jagAda,
2a132a009d	hA hA cEt tvamagrE'jnjAsyathAH, tavAsminnEva dinE vA yadi svamaggalam upAlapsyathAH, tarhyuttamam abhaviSyat, kintu kSaNEsmin tattava dRSTEragOcaram bhavati|
2a132b0071	tvaM svatrANakAlE na manO nyadhatthA iti hEtO ryatkAlE tava ripavastvAM caturdikSu prAcIrENa vESTayitvA rOtsyanti
2a132c0074	bAlakaiH sArddhaM bhUmisAt kariSyanti ca tvanmadhyE pASANaikOpi pASANOpari na sthAsyati ca, kAla IdRza upasthAsyati|
2a132d0042	atha madhyEmandiraM pravizya tatratyAn krayivikrayiNO bahiSkurvvan
2a132e0059	avadat madgRhaM prArthanAgRhamiti lipirAstE kintu yUyaM tadEva cairANAM gahvaraM kurutha|
2a132f0071	pazcAt sa pratyahaM madhyEmandiram upadidEza; tataH pradhAnayAjakA adhyApakAH prAcInAzca taM nAzayituM cicESTirE;
2a13300058	kintu tadupadEzE sarvvE lOkA niviSTacittAH sthitAstasmAt tE tatkarttuM nAvakAzaM prApuH|
2a14010086	athaikadA yIzu rmanidarE susaMvAdaM pracArayan lOkAnupadizati, Etarhi pradhAnayAjakA adhyApakAH prAnjcazca tannikaTamAgatya papracchuH
2a1402004a	kayAjnjayA tvaM karmmANyEtAni karOSi? kO vA tvAmAjnjApayat? tadasmAn vada|
2a14030046	sa pratyuvAca, tarhi yuSmAnapi kathAmEkAM pRcchAmi tasyOttaraM vadata|
2a14040033	yOhanO majjanam Izvarasya mAnuSANAM vAjnjAtO jAtaM?
2a1405005f	tatastE mithO vivicya jagaduH, yadIzvarasya vadAmastarhi taM kutO na pratyaita sa iti vakSyati|
2a14060076	yadi manuSyasyEti vadAmastarhi sarvvE lOkA asmAn pASANai rhaniSyanti yatO yOhan bhaviSyadvAdIti sarvvE dRPhaM jAnanti|
2a1407003d	ataEva tE pratyUcuH kasyAjnjayA jAtam iti vaktuM na zaknumaH|
2a1408004f	tadA yIzuravadat tarhi kayAjnjayA karmmANyEtAti karOmIti ca yuSmAn na vakSyAmi|
2a1409009c	atha lOkAnAM sAkSAt sa imAM dRSTAntakathAM vaktumArEbhE, kazcid drAkSAkSEtraM kRtvA tat kSEtraM kRSIvalAnAM hastESu samarpya bahukAlArthaM dUradEzaM jagAma|
2a140a0074	atha phalakAlE phalAni grahItu kRSIvalAnAM samIpE dAsaM prAhiNOt kintu kRSIvalAstaM prahRtya riktahastaM visasarjuH|
2a140b0065	tataH sOdhipatiH punaranyaM dAsaM prESayAmAsa, tE tamapi prahRtya kuvyavahRtya riktahastaM visasRjuH|
2a140c004f	tataH sa tRtIyavAram anyaM prAhiNOt tE tamapi kSatAggaM kRtvA bahi rnicikSipuH|
2a140d0076	tadA kSEtrapati rvicArayAmAsa, mamEdAnIM kiM karttavyaM? mama priyE putrE prahitE tE tamavazyaM dRSTvA samAdariSyantE|
2a140e007a	kintu kRSIvalAstaM nirIkSya parasparaM vivicya prOcuH, ayamuttarAdhikArI AgacchatainaM hanmastatOdhikArOsmAkaM bhaviSyati|
2a140f0056	tatastE taM kSEtrAd bahi rnipAtya jaghnustasmAt sa kSEtrapatistAn prati kiM kariSyati?
2a14100080	sa Agatya tAn kRSIvalAn hatvA parESAM hastESu tatkSEtraM samarpayiSyati; iti kathAM zrutvA tE 'vadan EtAdRzI ghaTanA na bhavatu|
2a141100ac	kintu yIzustAnavalOkya jagAda, tarhi, sthapatayaH kariSyanti grAvANaM yantu tucchakaM| pradhAnaprastaraH kONE sa Eva hi bhaviSyati| Etasya zAstrIyavacanasya kiM tAtparyyaM?
2a14120077	aparaM tatpASANOpari yaH patiSyati sa bhaMkSyatE kintu yasyOpari sa pASANaH patiSyati sa tEna dhUlivac cUrNIbhaviSyati|
2a1413008a	sOsmAkaM viruddhaM dRSTAntamimaM kathitavAn iti jnjAtvA pradhAnayAjakA adhyApakAzca tadaiva taM dhartuM vavAnjchuH kintu lOkEbhyO bibhyuH|
2a1414007f	ataEva taM prati satarkAH santaH kathaM tadvAkyadOSaM dhRtvA taM dEzAdhipasya sAdhuvEzadhAriNazcarAn tasya samIpE prESayAmAsuH|
2a1415008f	tadA tE taM papracchuH, hE upadEzaka bhavAn yathArthaM kathayan upadizati, kamapyanapEkSya satyatvEnaizvaraM mArgamupadizati, vayamEtajjAnImaH|
2a14160025	kaisararAjAya karOsmAbhi rdEyO na vA?
2a1417004f	sa tESAM vanjcanaM jnjAtvAvadat kutO mAM parIkSadhvE? mAM mudrAmEkaM darzayata|
2a1418003a	iha likhitA mUrtiriyaM nAma ca kasya? tE'vadan kaisarasya|
2a1419005c	tadA sa uvAca, tarhi kaisarasya dravyaM kaisarAya datta; Izvarasya tu dravyamIzvarAya datta|
2a141a0070	tasmAllOkAnAM sAkSAt tatkathAyAH kamapi dOSaM dhartumaprApya tE tasyOttarAd AzcaryyaM manyamAnA mauninastasthuH|
2a141b0053	aparanjca zmazAnAdutthAnAnaggIkAriNAM sidUkinAM kiyantO janA Agatya taM papracchuH,
2a141c008d	hE upadEzaka zAstrE mUsA asmAn pratIti lilEkha yasya bhrAtA bhAryyAyAM satyAM niHsantAnO mriyatE sa tajjAyAM vivahya tadvaMzam utpAdayiSyati|
2a141d0057	tathAca kEcit sapta bhrAtara Asan tESAM jyESThO bhrAtA vivahya nirapatyaH prANAn jahau|
2a141e0051	atha dvitIyastasya jAyAM vivahya nirapatyaH san mamAra| tRtIyazca tAmEva vyuvAha;
2a141f003d	itthaM sapta bhrAtarastAmEva vivahya nirapatyAH santO mamruH|
2a14200017	zESE sA strI ca mamAra|
2a14210071	ataEva zmazAnAdutthAnakAlE tESAM saptajanAnAM kasya sA bhAryyA bhaviSyati? yataH sA tESAM saptAnAmEva bhAryyAsIt|
2a14220048	tadA yIzuH pratyuvAca, Etasya jagatO lOkA vivahanti vAgdattAzca bhavanti
2a14230073	kintu yE tajjagatprAptiyOgyatvEna gaNitAM bhaviSyanti zmazAnAccOtthAsyanti tE na vivahanti vAgdattAzca na bhavanti,
2a1424006a	tE puna rna mriyantE kintu zmazAnAdutthApitAH santa Izvarasya santAnAH svargIyadUtAnAM sadRzAzca bhavanti|
2a1425008e	adhikantu mUsAH stambOpAkhyAnE paramEzvara IbrAhIma Izvara ishAka IzvarO yAkUbazcEzvara ityuktvA mRtAnAM zmazAnAd utthAnasya pramANaM lilEkha|
2a14260062	ataEva ya IzvaraH sa mRtAnAM prabhu rna kintu jIvatAmEva prabhuH, tannikaTE sarvvE jIvantaH santi|
2a1427004a	iti zrutvA kiyantOdhyApakA UcuH, hE upadEzaka bhavAn bhadraM pratyuktavAn|
2a14280037	itaH paraM taM kimapi praSTaM tESAM pragalbhatA nAbhUt|
2a14290059	pazcAt sa tAn uvAca, yaH khrISTaH sa dAyUdaH santAna EtAM kathAM lOkAH kathaM kathayanti?
2a142a008a	yataH mama prabhumidaM vAkyamavadat paramEzvaraH| tava zatrUnahaM yAvat pAdapIThaM karOmi na| tAvat kAlaM madIyE tvaM dakSapArzva upAviza|
2a142b002a	iti kathAM dAyUd svayaM gItagranthE'vadat|
2a142c004c	ataEva yadi dAyUd taM prabhuM vadati, tarhi sa kathaM tasya santAnO bhavati?
2a142d0033	pazcAd yIzuH sarvvajanAnAM karNagOcarE ziSyAnuvAca,
2a142e008d	yE'dhyApakA dIrghaparicchadaM paridhAya bhramanti, haTTApaNayO rnamaskArE bhajanagEhasya prOccAsanE bhOjanagRhasya pradhAnasthAnE ca prIyantE
2a142f0075	vidhavAnAM sarvvasvaM grasitvA chalEna dIrghakAlaM prArthayantE ca tESu sAvadhAnA bhavata, tESAmugradaNPO bhaviSyati|
2a1501003e	atha dhanilOkA bhANPAgArE dhanaM nikSipanti sa tadEva pazyati,
2a1502003a	Etarhi kAciddInA vidhavA paNadvayaM nikSipati tad dadarza|
2a1503005d	tatO yIzuruvAca yuSmAnahaM yathArthaM vadAmi, daridrEyaM vidhavA sarvvEbhyOdhikaM nyakSEpsIt,
2a15040093	yatOnyE svaprAjyadhanEbhya IzvarAya kinjcit nyakSEpsuH, kintu daridrEyaM vidhavA dinayApanArthaM svasya yat kinjcit sthitaM tat sarvvaM nyakSEpsIt|
2a1505005d	aparanjca uttamaprastarairutsRSTavyaizca mandiraM suzObhatEtarAM kaizcidityuktE sa pratyuvAca
2a15060075	yUyaM yadidaM nicayanaM pazyatha, asya pASANaikOpyanyapASANOpari na sthAsyati, sarvvE bhUsAdbhaviSyanti kAlOyamAyAti|
2a15070065	tadA tE papracchuH, hE gurO ghaTanEdRzI kadA bhaviSyati? ghaTanAyA EtasyasazcihnaM vA kiM bhaviSyati?
2a150800b0	tadA sa jagAda, sAvadhAnA bhavata yathA yuSmAkaM bhramaM kOpi na janayati, khISTOhamityuktvA mama nAmrA bahava upasthAsyanti sa kAlaH prAyENOpasthitaH, tESAM pazcAnmA gacchata|
2a15090085	yuddhasyOpaplavasya ca vArttAM zrutvA mA zagkadhvaM, yataH prathamam EtA ghaTanA avazyaM bhaviSyanti kintu nApAtE yugAntO bhaviSyati|
2a150a005e	aparanjca kathayAmAsa, tadA dEzasya vipakSatvEna dEzO rAjyasya vipakSatvEna rAjyam utthAsyati,
2a150b0088	nAnAsthAnESu mahAbhUkampO durbhikSaM mArI ca bhaviSyanti, tathA vyOmamaNPalasya bhayagkaradarzanAnyazcaryyalakSaNAni ca prakAzayiSyantE|
2a150c00b5	kintu sarvvAsAmEtAsAM ghaTanAnAM pUrvvaM lOkA yuSmAn dhRtvA tAPayiSyanti, bhajanAlayE kArAyAnjca samarpayiSyanti mama nAmakAraNAd yuSmAn bhUpAnAM zAsakAnAnjca sammukhaM nESyanti ca|
2a150d002b	sAkSyArtham EtAni yuSmAn prati ghaTiSyantE|
2a150e0047	tadA kimuttaraM vaktavyam Etat na cintayiSyAma iti manaHsu nizcitanuta|
2a150f006f	vipakSA yasmAt kimapyuttaram Apattinjca karttuM na zakSyanti tAdRzaM vAkpaTutvaM jnjAnanjca yuSmabhyaM dAsyAmi|
2a1510008d	kinjca yUyaM pitrA mAtrA bhrAtrA bandhunA jnjAtyA kuTumbEna ca parakarESu samarpayiSyadhvE; tatastE yuSmAkaM kanjcana kanjcana ghAtayiSyanti|
2a1511003a	mama nAmnaH kAraNAt sarvvai rmanuSyai ryUyam RtIyiSyadhvE|
2a1512002d	kintu yuSmAkaM ziraHkEzaikOpi na vinaMkSyati,
2a15130032	tasmAdEva dhairyyamavalambya svasvaprANAn rakSata|
2a15140062	aparanjca yirUzAlampuraM sainyavESTitaM vilOkya tasyOcchinnatAyAH samayaH samIpa ityavagamiSyatha|
2a1515008f	tadA yihUdAdEzasthA lOkAH parvvataM palAyantAM, yE ca nagarE tiSThanti tE dEzAntaraM palAyantA, yE ca grAmE tiSThanti tE nagaraM na pravizantu,
2a1516005e	yatastadA samucitadaNPanAya dharmmapustakE yAni sarvvANi likhitAni tAni saphalAni bhaviSyanti|
2a15170084	kintu yA yAstadA garbhavatyaH stanyadAvyazca tAmAM durgati rbhaviSyati, yata EtAllOkAn prati kOpO dEzE ca viSamadurgati rghaTiSyatE|
2a151800b0	vastutastu tE khaggadhAraparivvaggaM lapsyantE baddhAH santaH sarvvadEzESu nAyiSyantE ca kinjcAnyadEzIyAnAM samayOpasthitiparyyantaM yirUzAlampuraM taiH padatalai rdalayiSyatE|
2a15190086	sUryyacandranakSatrESu lakSaNAdi bhaviSyanti, bhuvi sarvvadEzIyAnAM duHkhaM cintA ca sindhau vIcInAM tarjanaM garjananjca bhaviSyanti|
2a151a0077	bhUbhau bhAvighaTanAM cintayitvA manujA bhiyAmRtakalpA bhaviSyanti, yatO vyOmamaNPalE tEjasvinO dOlAyamAnA bhaviSyanti|
2a151b004c	tadA parAkramENA mahAtEjasA ca mEghArUPhaM manuSyaputram AyAntaM drakSyanti|
2a151c007e	kintvEtAsAM ghaTanAnAmArambhE sati yUyaM mastakAnyuttOlya UrdadhvaM drakSyatha, yatO yuSmAkaM muktEH kAlaH savidhO bhaviSyati|
2a151d003d	tatastEnaitadRSTAntakathA kathitA, pazyata uPumbarAdivRkSANAM
2a151e0054	navInapatrANi jAtAnIti dRSTvA nidAvakAla upasthita iti yathA yUyaM jnjAtuM zaknutha,
2a151f005d	tathA sarvvAsAmAsAM ghaTanAnAm ArambhE dRSTE satIzvarasya rAjatvaM nikaTam ityapi jnjAsyatha|
2a15200055	yuSmAnahaM yathArthaM vadAmi, vidyamAnalOkAnAmESAM gamanAt pUrvvam EtAni ghaTiSyantE|
2a15210042	nabhObhuvOrlOpO bhaviSyati mama vAk tu kadApi luptA na bhaviSyati|
2a152200a0	ataEva viSamAzanEna pAnEna ca sAMmArikacintAbhizca yuSmAkaM cittESu mattESu taddinam akasmAd yuSmAn prati yathA nOpatiSThati tadarthaM svESu sAvadhAnAstiSThata|
2a1523003f	pRthivIsthasarvvalOkAn prati taddinam unmAtha iva upasthAsyati|
2a15240093	yathA yUyam EtadbhAvighaTanA uttarttuM manujasutasya sammukhE saMsthAtunjca yOgyA bhavatha kAraNAdasmAt sAvadhAnAH santO nirantaraM prArthayadhvaM|
2a15250042	aparanjca sa divA mandira upadizya rAcai jaitunAdriM gatvAtiSThat|
2a15260041	tataH pratyUSE lAkAstatkathAM zrOtuM mandirE tadantikam Agacchan|
2a1601002f	aparanjca kiNvazUnyapUpOtsavasya kAla upasthitE
2a16020064	pradhAnayAjakA adhyAyakAzca yathA taM hantuM zaknuvanti tathOpAyAm acESTanta kintu lOkEbhyO bibhyuH|
2a16030065	Etastin samayE dvAdazaziSyESu gaNita ISkariyOtIyarUPhimAn yO yihUdAstasyAntaHkaraNaM zaitAnAzritatvAt
2a16040073	sa gatvA yathA yIzuM tESAM karESu samarpayituM zaknOti tathA mantraNAM pradhAnayAjakaiH sEnApatibhizca saha cakAra|
2a1605002f	tEna tE tuSTAstasmai mudrAM dAtuM paNaM cakruH|
2a16060066	tataH sOggIkRtya yathA lOkAnAmagOcarE taM parakarESu samarpayituM zaknOti tathAvakAzaM cESTitumArEbhE|
2a1607005a	atha kiNvazUnyapUpOtmavadinE, arthAt yasmin dinE nistArOtsavasya mESO hantavyastasmin dinE
2a16080067	yIzuH pitaraM yOhananjcAhUya jagAda, yuvAM gatvAsmAkaM bhOjanArthaM nistArOtsavasya dravyANyAsAdayataM|
2a16090033	tadA tau papracchatuH kucAsAdayAvO bhavataH kEcchA?
2a160a00ab	tadA sOvAdIt, nagarE praviSTE kazcijjalakumbhamAdAya yuvAM sAkSAt kariSyati sa yannivEzanaM pravizati yuvAmapi tannivEzanaM tatpazcAditvA nivEzanapatim iti vAkyaM vadataM,
2a160b0075	yatrAhaM nistArOtsavasya bhOjyaM ziSyaiH sArddhaM bhOktuM zaknOmi sAtithizAlA kutra? kathAmimAM prabhustvAM pRcchati|
2a160c005b	tataH sa janO dvitIyaprakOSThIyam EkaM zastaM kOSThaM darzayiSyati tatra bhOjyamAsAdayataM|
2a160d005b	tatastau gatvA tadvAkyAnusArENa sarvvaM dRSdvA tatra nistArOtsavIyaM bhOjyamAsAdayAmAsatuH|
2a160e004f	atha kAla upasthitE yIzu rdvAdazabhiH prEritaiH saha bhOktumupavizya kathitavAn
2a160f0062	mama duHkhabhOgAt pUrvvaM yubhAbhiH saha nistArOtsavasyaitasya bhOjyaM bhOktuM mayAtivAnjchA kRtA|
2a16100055	yuSmAn vadAmi, yAvatkAlam IzvararAjyE bhOjanaM na kariSyE tAvatkAlam idaM na bhOkSyE|
2a1611006a	tadA sa pAnapAtramAdAya Izvarasya guNAn kIrttayitvA tEbhyO datvAvadat, idaM gRhlIta yUyaM vibhajya pivata|
2a16120064	yuSmAn vadAmi yAvatkAlam IzvararAjatvasya saMsthApanaM na bhavati tAvad drAkSAphalarasaM na pAsyAmi|
2a1613009d	tataH pUpaM gRhItvA IzvaraguNAn kIrttayitvA bhagktA tEbhyO datvAvadat, yuSmadarthaM samarpitaM yanmama vapustadidaM, Etat karmma mama smaraNArthaM kurudhvaM|
2a1614007a	atha bhOjanAntE tAdRzaM pAtraM gRhItvAvadat, yuSmatkRtE pAtitaM yanmama raktaM tEna nirNItanavaniyamarUpaM pAnapAtramidaM|
2a1615004c	pazyata yO mAM parakarESu samarpayiSyati sa mayA saha bhOjanAsana upavizati|
2a16160082	yathA nirUpitamAstE tadanusArENA manuSyaputrasya gati rbhaviSyati kintu yastaM parakarESu samarpayiSyati tasya santApO bhaviSyati|
2a1617004b	tadA tESAM kO jana Etat karmma kariSyati tat tE parasparaM praSTumArEbhirE|
2a1618004c	aparaM tESAM kO janaH zrESThatvEna gaNayiSyatE, atrArthE tESAM vivAdObhavat|
2a1619008b	asmAt kAraNAt sOvadat, anyadEzIyAnAM rAjAnaH prajAnAmupari prabhutvaM kurvvanti dAruNazAsanaM kRtvApi tE bhUpatitvEna vikhyAtA bhavanti ca|
2a161a0087	kintu yuSmAkaM tathA na bhaviSyati, yO yuSmAkaM zrESThO bhaviSyati sa kaniSThavad bhavatu, yazca mukhyO bhaviSyati sa sEvakavadbhavatu|
2a161b0085	bhOjanOpaviSTaparicArakayOH kaH zrESThaH? yO bhOjanAyOpavizati sa kiM zrESThO na bhavati? kintu yuSmAkaM madhyE'haM paricArakaivAsmi|
2a161c0042	aparanjca yuyaM mama parIkSAkAlE prathamamArabhya mayA saha sthitA
2a161d0062	EtatkAraNAt pitrA yathA madarthaM rAjyamEkaM nirUpitaM tathAhamapi yuSmadarthaM rAjyaM nirUpayAmi|
2a161e007f	tasmAn mama rAjyE bhOjanAsanE ca bhOjanapAnE kariSyadhvE siMhAsanESUpavizya cEsrAyElIyAnAM dvAdazavaMzAnAM vicAraM kariSyadhvE|
2a161f0057	aparaM prabhuruvAca, hE zimOn pazya titaunA dhAnyAnIva yuSmAn zaitAn cAlayitum aicchat,
2a16200085	kintu tava vizvAsasya lOpO yathA na bhavati Etat tvadarthaM prArthitaM mayA, tvanmanasi parivarttitE ca bhrAtRNAM manAMsi sthirIkuru|
2a1621004a	tadA sOvadat, hE prabhOhaM tvayA sArddhaM kArAM mRtinjca yAtuM majjitOsmi|
2a1622006a	tataH sa uvAca, hE pitara tvAM vadAmi, adya kukkuTaravAt pUrvvaM tvaM matparicayaM vAratrayam apahvOSyasE|
2a1623008e	aparaM sa papraccha, yadA mudrAsampuTaM khAdyapAtraM pAdukAnjca vinA yuSmAn prAhiNavaM tadA yuSmAkaM kasyApi nyUnatAsIt? tE prOcuH kasyApi na|
2a16240090	tadA sOvadat kintvidAnIM mudrAsampuTaM khAdyapAtraM vA yasyAsti tEna tadgrahItavyaM, yasya ca kRpANO nAsti tEna svavastraM vikrIya sa krEtavyaH|
2a162500aa	yatO yuSmAnahaM vadAmi, aparAdhijanaiH sArddhaM gaNitaH sa bhaviSyati| idaM yacchAstrIyaM vacanaM likhitamasti tanmayi phaliSyati yatO mama sambandhIyaM sarvvaM sEtsyati|
2a16260047	tadA tE prOcuH prabhO pazya imau kRpANau| tataH sOvadad Etau yathESTau|
2a1627005a	atha sa tasmAdvahi rgatvA svAcArAnusArENa jaitunanAmAdriM jagAma ziSyAzca tatpazcAd yayuH|
2a16280050	tatrOpasthAya sa tAnuvAca, yathA parIkSAyAM na patatha tadarthaM prArthayadhvaM|
2a16290052	pazcAt sa tasmAd EkazarakSEpAd bahi rgatvA jAnunI pAtayitvA Etat prArthayAnjcakrE,
2a162a0075	hE pita ryadi bhavAn sammanyatE tarhi kaMsamEnaM mamAntikAd dUraya kintu madicchAnurUpaM na tvadicchAnurUpaM bhavatu|
2a162b0035	tadA tasmai zaktiM dAtuM svargIyadUtO darzanaM dadau|
2a162c0094	pazcAt sOtyantaM yAtanayA vyAkulO bhUtvA punardRPhaM prArthayAnjcakrE, tasmAd bRhacchONitabindava iva tasya svEdabindavaH pRthivyAM patitumArEbhirE|
2a162d0053	atha prArthanAta utthAya ziSyANAM samIpamEtya tAn manOduHkhinO nidritAn dRSTvAvadat
2a162e0036	kutO nidrAtha? parIkSAyAm apatanArthaM prarthayadhvaM|
2a162f0086	EtatkathAyAH kathanakAlE dvAdazaziSyANAM madhyE gaNitO yihUdAnAmA janatAsahitastESAm agrE calitvA yIzOzcumbanArthaM tadantikam Ayayau|
2a1630004e	tadA yIzuruvAca, hE yihUdA kiM cumbanEna manuSyaputraM parakarESu samarpayasi?
2a1631005c	tadA yadyad ghaTiSyatE tadanumAya saggibhiruktaM, hE prabhO vayaM ki khaggEna ghAtayiSyAmaH?
2a1632004d	tata EkaH karavAlEnAhatya pradhAnayAjakasya dAsasya dakSiNaM karNaM cicchEda|
2a16330045	adhUnA nivarttasva ityuktvA yIzustasya zrutiM spRSTvA svasyaM cakAra|
2a1634008f	pazcAd yIzuH samIpasthAn pradhAnayAjakAn mandirasya sEnApatIn prAcInAMzca jagAda, yUyaM kRpANAn yaSTIMzca gRhItvA mAM kiM cOraM dharttumAyAtAH?
2a16350089	yadAhaM yuSmAbhiH saha pratidinaM mandirE'tiSThaM tadA mAM dharttaM na pravRttAH, kintvidAnIM yuSmAkaM samayOndhakArasya cAdhipatyamasti|
2a16360054	atha tE taM dhRtvA mahAyAjakasya nivEzanaM ninyuH| tataH pitarO dUrE dUrE pazcAditvA
2a1637005e	bRhatkOSThasya madhyE yatrAgniM jvAlayitvA lOkAH samEtyOpaviSTAstatra taiH sArddham upavivEza|
2a16380068	atha vahnisannidhau samupavEzakAlE kAciddAsI manO nivizya taM nirIkSyAvadat pumAnayaM tasya saggE'sthAt|
2a1639003a	kintu sa tad apahnutyAvAdIt hE nAri tamahaM na paricinOmi|
2a163a006b	kSaNAntarE'nyajanastaM dRSTvAbravIt tvamapi tESAM nikarasyaikajanOsi| pitaraH pratyuvAca hE nara nAhamasmi|
2a163b0070	tataH sArddhadaNPadvayAt paraM punaranyO janO nizcitya babhASE, ESa tasya saggIti satyaM yatOyaM gAlIlIyO lOkaH|
2a163c006c	tadA pitara uvAca hE nara tvaM yad vadami tadahaM bOddhuM na zaknOmi, iti vAkyE kathitamAtrE kukkuTO rurAva|
2a163d007d	tadA prabhuNA vyAdhuTya pitarE nirIkSitE kRkavAkuravAt pUrvvaM mAM trirapahnOSyasE iti pUrvvOktaM tasya vAkyaM pitaraH smRtvA
2a163e0020	bahirgatvA mahAkhEdEna cakranda|
2a163f0037	tadA yai ryIzurdhRtastE tamupahasya praharttumArEbhirE|
2a1640007a	vastrENa tasya dRzau baddhvA kapOlE capETAghAtaM kRtvA papracchuH, kastE kapOlE capETAghAtaM kRtavAna? gaNayitvA tad vada|
2a16410035	tadanyat tadviruddhaM bahunindAvAkyaM vaktumArEbhirE|
2a1642008e	atha prabhAtE sati lOkaprAnjcaH pradhAnayAjakA adhyApakAzca sabhAM kRtvA madhyEsabhaM yIzumAnIya papracchuH, tvam abhiSikatOsi na vAsmAn vada|
2a1643003a	sa pratyuvAca, mayA tasminnuktE'pi yUyaM na vizvasiSyatha|
2a16440051	kasmiMzcidvAkyE yuSmAn pRSTE'pi mAM na taduttaraM vakSyatha na mAM tyakSyatha ca|
2a16450054	kintvitaH paraM manujasutaH sarvvazaktimata Izvarasya dakSiNE pArzvE samupavEkSyati|
2a16460063	tatastE papracchuH, rtiha tvamIzvarasya putraH? sa kathayAmAsa, yUyaM yathArthaM vadatha sa EvAhaM|
2a1647006c	tadA tE sarvvE kathayAmAsuH, rtiha sAkSyE'nsasmin asmAkaM kiM prayOjanaM? asya svamukhAdEva sAkSyaM prAptam|
2a17010053	tataH sabhAsthAH sarvvalOkA utthAya taM pIlAtasammukhaM nItvAprOdya vaktumArEbhirE,
2a1702007d	svamabhiSiktaM rAjAnaM vadantaM kaimararAjAya karadAnaM niSEdhantaM rAjyaviparyyayaM kurttuM pravarttamAnam Ena prAptA vayaM|
2a17030055	tadA pIlAtastaM pRSTavAn tvaM kiM yihUdIyAnAM rAjA? sa pratyuvAca tvaM satyamuktavAn|
2a1704004e	tadA pIlAtaH pradhAnayAjakAdilOkAn jagAd, ahamEtasya kamapyaparAdhaM nAptavAn|
2a17050085	tatastE punaH sAhaminO bhUtvAvadan, ESa gAlIla EtatsthAnaparyyantE sarvvasmin yihUdAdEzE sarvvAllOkAnupadizya kupravRttiM grAhItavAn|
2a1706004b	tadA pIlAtO gAlIlapradEzasya nAma zrutvA papraccha, kimayaM gAlIlIyO lOkaH?
2a1707004f	tataH sa gAlIlpradEzIyahErOdrAjasya tadA sthitEstasya samIpE yIzuM prESayAmAsa|
2a170800a9	tadA hErOd yIzuM vilOkya santutOSa, yataH sa tasya bahuvRttAntazravaNAt tasya kinjicadAzcaryyakarmma pazyati ityAzAM kRtvA bahukAlamArabhya taM draSTuM prayAsaM kRtavAn|
2a17090054	tasmAt taM bahukathAH papraccha kintu sa tasya kasyApi vAkyasya pratyuttaraM nOvAca|
2a170a0052	atha pradhAnayAjakA adhyApakAzca prOttiSThantaH sAhasEna tamapavadituM prArEbhirE|
2a170b006a	hErOd tasya sEnAgaNazca tamavajnjAya upahAsatvEna rAjavastraM paridhApya punaH pIlAtaM prati taM prAhiNOt|
2a170c0055	pUrvvaM hErOdpIlAtayOH parasparaM vairabhAva AsIt kintu taddinE dvayO rmElanaM jAtam|
2a170d0045	pazcAt pIlAtaH pradhAnayAjakAn zAsakAn lOkAMzca yugapadAhUya babhASE,
2a170e00b1	rAjyaviparyyayakArakOyam ityuktvA manuSyamEnaM mama nikaTamAnaiSTa kintu pazyata yuSmAkaM samakSam asya vicAraM kRtvApi prOktApavAdAnurUpENAsya kOpyaparAdhaH sapramANO na jAtaH,
2a170f007c	yUyanjca hErOdaH sannidhau prESitA mayA tatrAsya kOpyaparAdhastEnApi na prAptaH|pazyatAnEna vadhahEtukaM kimapi nAparAddhaM|
2a1710001f	tasmAdEnaM tAPayitvA vihAsyAmi|
2a17110021	tatrOtsavE tESAmEkO mOcayitavyaH|
2a17120047	iti hEtOstE prOccairEkadA prOcuH, EnaM dUrIkRtya barabbAnAmAnaM mOcaya|
2a17130040	sa barabbA nagara upaplavavadhAparAdhAbhyAM kArAyAM baddha AsIt|
2a17140034	kintu pIlAtO yIzuM mOcayituM vAnjchan punastAnuvAca|
2a1715003b	tathApyEnaM kruzE vyadha kruzE vyadhEti vadantastE ruruvuH|
2a1716007e	tataH sa tRtIyavAraM jagAda kutaH? sa kiM karmma kRtavAn? nAhamasya kamapi vadhAparAdhaM prAptaH kEvalaM tAPayitvAmuM tyajAmi|
2a1717004d	tathApi tE punarEnaM kruzE vyadha ityuktvA prOccairdRPhaM prArthayAnjcakrirE;
2a1718005c	tataH pradhAnayAjakAdInAM kalaravE prabalE sati tESAM prArthanArUpaM karttuM pIlAta AdidEza|
2a17190069	rAjadrOhavadhayOraparAdhEna kArAsthaM yaM janaM tE yayAcirE taM mOcayitvA yIzuM tESAmicchAyAM samArpayat|
2a171a0088	atha tE yIzuM gRhItvA yAnti, Etarhi grAmAdAgataM zimOnanAmAnaM kurINIyaM janaM dhRtvA yIzOH pazcAnnEtuM tasya skandhE kruzamarpayAmAsuH|
2a171b0049	tatO lOkAraNyamadhyE bahustriyO rudatyO vilapantyazca yIzOH pazcAd yayuH|
2a171c006e	kintu sa vyAghuTya tA uvAca, hE yirUzAlamO nAryyO yuyaM madarthaM na ruditvA svArthaM svApatyArthanjca ruditi;
2a171d0071	pazyata yaH kadApi garbhavatyO nAbhavan stanyanjca nApAyayan tAdRzI rvandhyA yadA dhanyA vakSyanti sa kAla AyAti|
2a171e005c	tadA hE zailA asmAkamupari patata, hE upazailA asmAnAcchAdayata kathAmIdRzIM lOkA vakSyanti|
2a171f004c	yataH satEjasi zAkhini cEdEtad ghaTatE tarhi zuSkazAkhini kiM na ghaTiSyatE?
2a17200034	tadA tE hantuM dvAvaparAdhinau tEna sArddhaM ninyuH|
2a1721007f	aparaM ziraHkapAlanAmakasthAnaM prApya taM kruzE vividhuH; taddvayOraparAdhinOrEkaM tasya dakSiNO tadanyaM vAmE kruzE vividhuH|
2a17220092	tadA yIzurakathayat, hE pitarEtAn kSamasva yata EtE yat karmma kurvvanti tan na viduH; pazcAttE guTikApAtaM kRtvA tasya vastrANi vibhajya jagRhuH|
2a172300a6	tatra lOkasaMghastiSThan dadarza; tE tESAM zAsakAzca tamupahasya jagaduH, ESa itarAn rakSitavAn yadIzvarENAbhirucitO 'bhiSiktastrAtA bhavati tarhi svamadhunA rakSatu|
2a17240040	tadanyaH sEnAgaNA Etya tasmai amlarasaM datvA parihasya prOvAca,
2a1725002c	cEttvaM yihUdIyAnAM rAjAsi tarhi svaM rakSa|
2a1726005b	yihUdIyAnAM rAjEti vAkyaM yUnAnIyarOmIyEbrIyAkSarai rlikhitaM tacchirasa UrddhvE'sthApyata|
2a17270075	tadObhayapArzvayO rviddhau yAvaparAdhinau tayOrEkastaM vinindya babhASE, cEttvam abhiSiktOsi tarhi svamAvAnjca rakSa|
2a1728005e	kintvanyastaM tarjayitvAvadat, IzvarAttava kinjcidapi bhayaM nAsti kiM? tvamapi samAnadaNPOsi,
2a17290057	yOgyapAtrE AvAM svasvakarmmaNAM samucitaphalaM prApnuvaH kintvanEna kimapi nAparAddhaM|
2a172a0046	atha sa yIzuM jagAda hE prabhE bhavAn svarAjyapravEzakAlE mAM smaratu|
2a172b006a	tadA yIzuH kathitavAn tvAM yathArthaM vadAmi tvamadyaiva mayA sArddhaM paralOkasya sukhasthAnaM prApsyasi|
2a172c005d	aparanjca dvitIyayAmAt tRtIyayAmaparyyantaM ravEstEjasOntarhitatvAt sarvvadEzO'ndhakArENAvRtO
2a172d0031	mandirasya yavanikA ca chidyamAnA dvidhA babhUva|
2a172e0059	tatO yIzuruccairuvAca, hE pita rmamAtmAnaM tava karE samarpayE, ityuktvA sa prANAn jahau|
2a172f0064	tadaitA ghaTanA dRSTvA zatasEnApatirIzvaraM dhanyamuktvA kathitavAn ayaM nitAntaM sAdhumanuSya AsIt|
2a1730005e	atha yAvantO lOkA draSTum AgatAstE tA ghaTanA dRSTvA vakSaHsu karAghAtaM kRtvA vyAcuTya gatAH|
2a17310061	yIzO rjnjAtayO yA yA yOSitazca gAlIlastEna sArddhamAyAtAstA api dUrE sthitvA tat sarvvaM dadRzuH|
2a1732004e	tadA yihUdIyAnAM mantraNAM kriyAnjcAsammanyamAna Izvarasya rAjatvam apEkSamANO
2a1733004b	yihUdidEzIyO 'rimathIyanagarIyO yUSaphnAmA mantrI bhadrO dhArmmikazca pumAn
2a17340026	pIlAtAntikaM gatvA yIzO rdEhaM yayAcE|
2a1735006d	pazcAd vapuravarOhya vAsasA saMvESTya yatra kOpi mAnuSO nAsthApyata tasmin zailE svAtE zmazAnE tadasthApayat|
2a17360030	taddinamAyOjanIyaM dinaM vizrAmavArazca samIpaH|
2a17370067	aparaM yIzunA sArddhaM gAlIla AgatA yOSitaH pazcAditvA zmazAnE tatra yathA vapuH sthApitaM tacca dRSTvA
2a1738004b	vyAghuTya sugandhidravyatailAni kRtvA vidhivad vizrAmavArE vizrAmaM cakruH|
2a18010086	atha saptAhaprathamadinE'tipratyUSE tA yOSitaH sampAditaM sugandhidravyaM gRhItvA tadanyAbhiH kiyatIbhiH strIbhiH saha zmazAnaM yayuH|
2a1802002c	kintu zmazAnadvArAt pASANamapasAritaM dRSTvA
2a18030021	tAH pravizya prabhO rdEhamaprApya
2a18040054	vyAkulA bhavanti Etarhi tEjOmayavastrAnvitau dvau puruSau tAsAM samIpE samupasthitau
2a18050069	tasmAttAH zagkAyuktA bhUmAvadhOmukhyasyasthuH| tadA tau tA Ucatu rmRtAnAM madhyE jIvantaM kutO mRgayatha?
2a18060018	sOtra nAsti sa udasthAt|
2a1807009a	pApinAM karESu samarpitEna kruzE hatEna ca manuSyaputrENa tRtIyadivasE zmazAnAdutthAtavyam iti kathAM sa galIli tiSThan yuSmabhyaM kathitavAn tAM smarata|
2a18080027	tadA tasya sA kathA tAsAM manaHsu jAtA|
2a18090054	anantaraM zmazAnAd gatvA tA EkAdazaziSyAdibhyaH sarvvEbhyastAM vArttAM kathayAmAsuH|
2a180a0076	magdalInImariyam, yOhanA, yAkUbO mAtA mariyam tadanyAH sagginyO yOSitazca prEritEbhya EtAH sarvvA vArttAH kathayAmAsuH
2a180b0042	kintu tAsAM kathAm anarthakAkhyAnamAtraM buddhvA kOpi na pratyait|
2a180c00b2	tadA pitara utthAya zmazAnAntikaM dadhAva, tatra ca prahvO bhUtvA pArzvaikasthApitaM kEvalaM vastraM dadarza; tasmAdAzcaryyaM manyamAnO yadaghaTata tanmanasi vicArayan pratasthE|
2a180d0051	tasminnEva dinE dvau ziyyau yirUzAlamazcatuSkrOzAntaritam immAyugrAmaM gacchantau
2a180e0022	tAsAM ghaTanAnAM kathAmakathayatAM
2a180f0038	tayOrAlApavicArayOH kAlE yIzurAgatya tAbhyAM saha jagAma
2a18100043	kintu yathA tau taM na paricinutastadarthaM tayO rdRSTiH saMruddhA|
2a1811003b	sa tau pRSTavAn yuvAM viSaNNau kiM vicArayantau gacchathaH?
2a18120072	tatastayOH kliyapAnAmA pratyuvAca yirUzAlamapurE'dhunA yAnyaghaTanta tvaM kEvalavidEzI kiM tadvRttAntaM na jAnAsi?
2a18130093	sa papraccha kA ghaTanAH? tadA tau vaktumArEbhAtE yIzunAmA yO nAsaratIyO bhaviSyadvAdI Izvarasya mAnuSANAnjca sAkSAt vAkyE karmmaNi ca zaktimAnAsIt
2a1814006b	tam asmAkaM pradhAnayAjakA vicArakAzca kEnApi prakArENa kruzE viddhvA tasya prANAnanAzayan tadIyA ghaTanAH;
2a1815007d	kintu ya isrAyElIyalOkAn uddhArayiSyati sa EvAyam ityAzAsmAbhiH kRtA|tadyathA tathAstu tasyA ghaTanAyA adya dinatrayaM gataM|
2a1816004d	adhikantvasmAkaM sagginInAM kiyatstrINAM mukhEbhyO'sambhavavAkyamidaM zrutaM;
2a18170088	tAH pratyUSE zmazAnaM gatvA tatra tasya dEham aprApya vyAghuTyEtvA prOktavatyaH svargIsadUtau dRSTAvasmAbhistau cAvAdiSTAM sa jIvitavAn|
2a1818005e	tatOsmAkaM kaizcit zmazAnamagamyata tE'pi strINAM vAkyAnurUpaM dRSTavantaH kintu taM nApazyan|
2a18190053	tadA sa tAvuvAca, hE abOdhau hE bhaviSyadvAdibhiruktavAkyaM pratyEtuM vilambamAnau;
2a181a0043	EtatsarvvaduHkhaM bhuktvA svabhUtiprAptiH kiM khrISTasya na nyAyyA?
2a181b006c	tataH sa mUsAgranthamArabhya sarvvabhaviSyadvAdinAM sarvvazAstrE svasmin likhitAkhyAnAbhiprAyaM bOdhayAmAsa|
2a181c003c	atha gamyagrAmAbhyarNaM prApya tEnAgrE gamanalakSaNE darzitE
2a181d0073	tau sAdhayitvAvadatAM sahAvAbhyAM tiSTha dinE gatE sati rAtrirabhUt; tataH sa tAbhyAM sArddhaM sthAtuM gRhaM yayau|
2a181e005a	pazcAdbhOjanOpavEzakAlE sa pUpaM gRhItvA IzvaraguNAn jagAda tanjca bhaMktvA tAbhyAM dadau|
2a181f0053	tadA tayO rdRSTau prasannAyAM taM pratyabhijnjatuH kintu sa tayOH sAkSAdantardadhE|
2a18200080	tatastau mithObhidhAtum Arabdhavantau gamanakAlE yadA kathAmakathayat zAstrArthanjcabOdhayat tadAvayO rbuddhiH kiM na prAjvalat?
2a1821006d	tau tatkSaNAdutthAya yirUzAlamapuraM pratyAyayatuH, tatsthAnE ziSyANAm EkAdazAnAM sagginAnjca darzanaM jAtaM|
2a1822003d	tE prOcuH prabhurudatiSThad iti satyaM zimOnE darzanamadAcca|
2a18230063	tataH pathaH sarvvaghaTanAyAH pUpabhanjjanEna tatparicayasya ca sarvvavRttAntaM tau vaktumArEbhAtE|
2a1824006b	itthaM tE parasparaM vadanti tatkAlE yIzuH svayaM tESAM madhya prOtthaya yuSmAkaM kalyANaM bhUyAd ityuvAca,
2a1825003a	kintu bhUtaM pazyAma ityanumAya tE samudvivijirE trESuzca|
2a1826004a	sa uvAca, kutO duHkhitA bhavatha? yuSmAkaM manaHsu sandEha udEti ca kutaH?
2a18270070	ESOhaM, mama karau pazyata varaM spRSTvA pazyata, mama yAdRzAni pazyatha tAdRzAni bhUtasya mAMsAsthIni na santi|
2a18280023	ityuktvA sa hastapAdAn darzayAmAsa|
2a1829006c	tE'sambhavaM jnjAtvA sAnandA na pratyayan| tataH sa tAn papraccha, atra yuSmAkaM samIpE khAdyaM kinjcidasti?
2a182a0029	tatastE kiyaddagdhamatsyaM madhu ca daduH
2a182b0020	sa tadAdAya tESAM sAkSAd bubhujE
2a182c00d6	kathayAmAsa ca mUsAvyavasthAyAM bhaviSyadvAdinAM granthESu gItapustakE ca mayi yAni sarvvANi vacanAni likhitAni tadanurUpANi ghaTiSyantE yuSmAbhiH sArddhaM sthitvAhaM yadEtadvAkyam avadaM tadidAnIM pratyakSamabhUt|
2a182d002c	atha tEbhyaH zAstrabOdhAdhikAraM datvAvadat,
2a182e0055	khrISTEnEtthaM mRtiyAtanA bhOktavyA tRtIyadinE ca zmazAnAdutthAtavyanjcEti lipirasti;
2a182f0068	tannAmnA yirUzAlamamArabhya sarvvadEzE manaHparAvarttanasya pApamOcanasya ca susaMvAdaH pracArayitavyaH,
2a1830001c	ESu sarvvESu yUyaM sAkSiNaH|
2a18310096	aparanjca pazyata pitrA yat pratijnjAtaM tat prESayiSyAmi, ataEva yAvatkAlaM yUyaM svargIyAM zaktiM na prApsyatha tAvatkAlaM yirUzAlamnagarE tiSThata|
2a18320047	atha sa tAn baithanIyAparyyantaM nItvA hastAvuttOlya AziSa vaktumArEbhE
2a1833003f	AziSaM vadannEva ca tEbhyaH pRthag bhUtvA svargAya nItO'bhavat|
2a1834003b	tadA tE taM bhajamAnA mahAnandEna yirUzAlamaM pratyAjagmuH|
2a1835005c	tatO nirantaraM mandirE tiSThanta Izvarasya prazaMsAM dhanyavAdanjca karttam ArEbhirE| iti||
2b00000007	yOhanaH
2b01010049	Adau vAda AsIt sa ca vAda IzvarENa sArdhamAsIt sa vAdaH svayamIzvara Eva|
2b01020018	sa AdAvIzvarENa sahAsIt|
2b0103004e	tEna sarvvaM vastu sasRjE sarvvESu sRSTavastuSu kimapi vastu tEnAsRSTaM nAsti|
2b01040032	sa jIvanasyAkAraH, tacca jIvanaM manuSyANAM jyOtiH
2b0105003a	tajjyOtirandhakArE pracakAzE kintvandhakArastanna jagrAha|
2b01060030	yOhan nAmaka EkO manuja IzvarENa prESayAnjcakrE|
2b01070060	tadvArA yathA sarvvE vizvasanti tadarthaM sa tajjyOtiSi pramANaM dAtuM sAkSisvarUpO bhUtvAgamat,
2b0108003d	sa svayaM tajjyOti rna kintu tajjyOtiSi pramANaM dAtumAgamat|
2b01090043	jagatyAgatya yaH sarvvamanujEbhyO dIptiM dadAti tadEva satyajyOtiH|
2b010a0045	sa yajjagadasRjat tanmadya Eva sa AsIt kintu jagatO lOkAstaM nAjAnan|
2b010b0032	nijAdhikAraM sa Agacchat kintu prajAstaM nAgRhlan|
2b010c0067	tathApi yE yE tamagRhlan arthAt tasya nAmni vyazvasan tEbhya Izvarasya putrA bhavitum adhikAram adadAt|
2b010d0051	tESAM janiH zONitAnna zArIrikAbhilASAnna mAnavAnAmicchAtO na kintvIzvarAdabhavat|
2b010e00a2	sa vAdO manuSyarUpENAvatIryya satyatAnugrahAbhyAM paripUrNaH san sArdham asmAbhi rnyavasat tataH pituradvitIyaputrasya yOgyO yO mahimA taM mahimAnaM tasyApazyAma|
2b010f00a6	tatO yOhanapi pracAryya sAkSyamidaM dattavAn yO mama pazcAd AgamiSyati sa mattO gurutaraH; yatO matpUrvvaM sa vidyamAna AsIt; yadartham ahaM sAkSyamidam adAM sa ESaH|
2b01100048	aparanjca tasya pUrNatAyA vayaM sarvvE kramazaH kramazOnugrahaM prAptAH|
2b01110057	mUsAdvArA vyavasthA dattA kintvanugrahaH satyatvanjca yIzukhrISTadvArA samupAtiSThatAM|
2b01120058	kOpi manuja IzvaraM kadApi nApazyat kintu pituH krOPasthO'dvitIyaH putrastaM prakAzayat|
2b0113006b	tvaM kaH? iti vAkyaM prESTuM yadA yihUdIyalOkA yAjakAn lEvilOkAMzca yirUzAlamO yOhanaH samIpE prESayAmAsuH,
2b0114003f	tadA sa svIkRtavAn nApahnUtavAn nAham abhiSikta ityaggIkRtavAn|
2b0115007a	tadA tE'pRcchan tarhi kO bhavAn? kiM EliyaH? sOvadat na; tatastE'pRcchan tarhi bhavAn sa bhaviSyadvAdI? sOvadat nAhaM saH|
2b0116005f	tadA tE'pRcchan tarhi bhavAn kaH? vayaM gatvA prErakAn tvayi kiM vakSyAmaH? svasmin kiM vadasi?
2b011700a3	tadA sOvadat| paramEzasya panthAnaM pariSkuruta sarvvataH| itIdaM prAntarE vAkyaM vadataH kasyacidravaH| kathAmimAM yasmin yizayiyO bhaviSyadvAdI likhitavAn sOham|
2b0118001b	yE prESitAstE phirUzilOkAH|
2b01190066	tadA tE'pRcchan yadi nAbhiSiktOsi EliyOsi na sa bhaviSyadvAdyapi nAsi ca, tarhi lOkAn majjayasi kutaH?
2b011a007b	tatO yOhan pratyavOcat, tOyE'haM majjayAmIti satyaM kintu yaM yUyaM na jAnItha tAdRza EkO janO yuSmAkaM madhya upatiSThati|
2b011b0062	sa matpazcAd AgatOpi matpUrvvaM varttamAna AsIt tasya pAdukAbandhanaM mOcayitumapi nAhaM yOgyOsmi|
2b011c0065	yarddananadyAH pArasthabaithabArAyAM yasminsthAnE yOhanamajjayat tasmina sthAnE sarvvamEtad aghaTata|
2b011d006f	parE'hani yOhan svanikaTamAgacchantaM yizuM vilOkya prAvOcat jagataH pApamOcakam Izvarasya mESazAvakaM pazyata|
2b011e007a	yO mama pazcAdAgamiSyati sa mattO gurutaraH, yatO hEtOrmatpUrvvaM sO'varttata yasminnahaM kathAmimAM kathitavAn sa EvAyaM|
2b011f0078	aparaM nAhamEnaM pratyabhijnjAtavAn kintu isrAyEllOkA EnaM yathA paricinvanti tadabhiprAyENAhaM jalE majjayitumAgaccham|
2b01200080	punazca yOhanaparamEkaM pramANaM datvA kathitavAn vihAyasaH kapOtavad avatarantamAtmAnam asyOparyyavatiSThantaM ca dRSTavAnaham|
2b012100c5	nAhamEnaM pratyabhijnjAtavAn iti satyaM kintu yO jalE majjayituM mAM prairayat sa EvEmAM kathAmakathayat yasyOparyyAtmAnam avatarantam avatiSThantanjca drakSayasi saEva pavitrE Atmani majjayiSyati|
2b01220038	avastannirIkSyAyam Izvarasya tanaya iti pramANaM dadAmi|
2b01230034	parE'hani yOhan dvAbhyAM ziSyAbhyAM sArddhEM tiSThan
2b01240043	yizuM gacchantaM vilOkya gaditavAn, Izvarasya mESazAvakaM pazyataM|
2b01250033	imAM kathAM zrutvA dvau ziSyau yIzOH pazcAd IyatuH|
2b01260090	tatO yIzuH parAvRtya tau pazcAd Agacchantau dRSTvA pRSTavAn yuvAM kiM gavEzayathaH? tAvapRcchatAM hE rabbi arthAt hE gurO bhavAn kutra tiSThati?
2b01270067	tataH sOvAdit Etya pazyataM| tatO divasasya tRtIyapraharasya gatatvAt tau taddinaM tasya saggE'sthAtAM|
2b01280058	yau dvau yOhanO vAkyaM zrutvA yizOH pazcAd AgamatAM tayOH zimOnpitarasya bhrAtA AndriyaH
2b01290076	sa itvA prathamaM nijasOdaraM zimOnaM sAkSAtprApya kathitavAn vayaM khrISTam arthAt abhiSiktapuruSaM sAkSAtkRtavantaH|
2b012a009b	pazcAt sa taM yizOH samIpam Anayat| tadA yIzustaM dRSTvAvadat tvaM yUnasaH putraH zimOn kintu tvannAmadhEyaM kaiphAH vA pitaraH arthAt prastarO bhaviSyati|
2b012b006d	parE'hani yIzau gAlIlaM gantuM nizcitacEtasi sati philipanAmAnaM janaM sAkSAtprApyAvOcat mama pazcAd Agaccha|
2b012c005f	baitsaidAnAmni yasmin grAmE pitarAndriyayOrvAsa AsIt tasmin grAmE tasya philipasya vasatirAsIt|
2b012d00b6	pazcAt philipO nithanElaM sAkSAtprApyAvadat mUsA vyavasthA granthE bhaviSyadvAdinAM granthESu ca yasyAkhyAnaM likhitamAstE taM yUSaphaH putraM nAsaratIyaM yIzuM sAkSAd akArSma vayaM|
2b012e006c	tadA nithanEl kathitavAn nAsarannagarAta kiM kazciduttama utpantuM zaknOti? tataH philipO 'vOcat Etya pazya|
2b012f0069	aparanjca yIzuH svasya samIpaM tam AgacchantaM dRSTvA vyAhRtavAn, pazyAyaM niSkapaTaH satya isrAyEllOkaH|
2b0130008e	tataH sOvadad, bhavAn mAM kathaM pratyabhijAnAti? yIzuravAdIt philipasya AhvAnAt pUrvvaM yadA tvamuPumbarasya tarOrmUlE'sthAstadA tvAmadarzam|
2b0131005b	nithanEl acakathat, hE gurO bhavAn nitAntam Izvarasya putrOsi, bhavAn isrAyElvaMzasya rAjA|
2b0132008f	tatO yIzu rvyAharat, tvAmuPumbarasya pAdapasya mUlE dRSTavAnAhaM mamaitasmAdvAkyAt kiM tvaM vyazvasIH? EtasmAdapyAzcaryyANi kAryyANi drakSyasi|
2b01330092	anyaccAvAdId yuSmAnahaM yathArthaM vadAmi, itaH paraM mOcitE mEghadvArE tasmAnmanujasUnunA Izvarasya dUtagaNam avarOhantamArOhantanjca drakSyatha|
2b02010061	anantaraM trutIyadivasE gAlIl pradEziyE kAnnAnAmni nagarE vivAha AsIt tatra ca yIzOrmAtA tiSThat|
2b02020034	tasmai vivAhAya yIzustasya ziSyAzca nimantritA Asan|
2b02030051	tadanantaraM drAkSArasasya nyUnatvAd yIzOrmAtA tamavadat EtESAM drAkSArasO nAsti|
2b02040056	tadA sa tAmavOcat hE nAri mayA saha tava kiM kAryyaM? mama samaya idAnIM nOpatiSThati|
2b0205003a	tatastasya mAtA dAsAnavOcad ayaM yad vadati tadEva kuruta|
2b0206006d	tasmin sthAnE yihUdIyAnAM zucitvakaraNavyavahArAnusArENAPhakaikajaladharANi pASANamayAni SaPvRhatpAtrANiAsan|
2b02070070	tadA yIzustAn sarvvakalazAn jalaiH pUrayituM tAnAjnjApayat, tatastE sarvvAn kumbhAnAkarNaM jalaiH paryyapUrayan|
2b02080054	atha tEbhyaH kinjciduttAryya bhOjyAdhipAtEHsamIpaM nEtuM sa tAnAdizat, tE tadanayan|
2b02090095	aparanjca tajjalaM kathaM drAkSArasO'bhavat tajjalavAhakAdAsA jnjAtuM zaktAH kintu tadbhOjyAdhipO jnjAtuM nAzaknOt tadavalihya varaM saMmbOdyAvadata,
2b020a0097	lOkAH prathamaM uttamadrAkSArasaM dadati taSu yathESTaM pitavatsu tasmA kinjcidanuttamanjca dadati kintu tvamidAnIM yAvat uttamadrAkSArasaM sthApayasi|
2b020b0069	itthaM yIzurgAlIlapradEzE AzcaryyakArmma prArambha nijamahimAnaM prAkAzayat tataH ziSyAstasmin vyazvasan|
2b020c0065	tataH param sa nijamAtrubhrAtrusziSyaiH sArddhM kapharnAhUmam Agamat kintu tatra bahUdinAni AtiSThat|
2b020d0054	tadanantaraM yihUdiyAnAM nistArOtsavE nikaTamAgatE yIzu ryirUzAlam nagaram Agacchat|
2b020e0049	tatO mandirasya madhyE gOmESapArAvatavikrayiNO vANijakScOpaviSTAn vilOkya
2b020f004e	rajjubhiH kazAM nirmmAya sarvvagOmESAdibhiH sArddhaM tAn mandirAd dUrIkRtavAn|
2b02100093	vaNijAM mudrAdi vikIryya AsanAni nyUbjIkRtya pArAvatavikrayibhyO'kathayad asmAt sthAnAt sarvANyEtAni nayata, mama pitugRhaM vANijyagRhaM mA kArSTa|
2b02110059	tasmAt tanmandirArtha udyOgO yastu sa grasatIva mAm| imAM zAstrIyalipiM ziSyAHsamasmaran|
2b02120057	tataH param yihUdIyalOkA yISimavadan tavamidRzakarmmakaraNAt kiM cihnamasmAn darzayasi?
2b0213005c	tatO yIzustAnavOcad yuSmAbhirE tasmin mandirE nAzitE dinatrayamadhyE'haM tad utthApayiSyAmi|
2b0214007f	tadA yihUdiyA vyAhArSuH, Etasya mandirasa nirmmANEna SaTcatvAriMzad vatsarA gatAH, tvaM kiM dinatrayamadhyE tad utthApayiSyasi?
2b02150033	kintu sa nijadEharUpamandirE kathAmimAM kathitavAn|
2b02160076	sa yadEtAdRzaM gaditavAn tacchiSyAH zmazAnAt tadIyOtthAnE sati smRtvA dharmmagranthE yIzunOktakathAyAM ca vyazvasiSuH|
2b02170078	anantaraM nistArOtsavasya bhOjyasamayE yirUzAlam nagarE tatkrutAzcaryyakarmmANi vilOkya bahubhistasya nAmani vizvasitaM|
2b02180040	kintu sa tESAM karESu svaM na samarpayat, yataH sa sarvvAnavait|
2b02190058	sa mAnavESu kasyacit pramANaM nApEkSata yatO manujAnAM madhyE yadyadasti tattat sOjAnAt|
2b03010035	nikadimanAmA yihUdIyAnAm adhipatiH phirUzI kSaNadAyAM
2b030200d6	yIzaurabhyarNam Avrajya vyAhArSIt, hE gurO bhavAn IzvarAd Agat Eka upadESTA, Etad asmAbhirjnjAyatE; yatO bhavatA yAnyAzcaryyakarmmANi kriyantE paramEzvarasya sAhAyyaM vinA kEnApi tattatkarmmANi karttuM na zakyantE|
2b03030081	tadA yIzuruttaraM dattavAn tavAhaM yathArthataraM vyAharAmi punarjanmani na sati kOpi mAnava Izvarasya rAjyaM draSTuM na zaknOti|
2b03040076	tatO nikadImaH pratyavOcat manujO vRddhO bhUtvA kathaM janiSyatE? sa kiM puna rmAtRrjaTharaM pravizya janituM zaknOti?
2b03050075	yIzuravAdId yathArthataram ahaM kathayAmi manujE tOyAtmabhyAM puna rna jAtE sa Izvarasya rAjyaM pravESTuM na zaknOti|
2b03060040	mAMsAd yat jAyatE tan mAMsamEva tathAtmanO yO jAyatE sa Atmaiva|
2b03070045	yuSmAbhiH puna rjanitavyaM mamaitasyAM kathAyAm AzcaryaM mA maMsthAH|
2b030800b4	sadAgatiryAM dizamicchati tasyAmEva dizi vAti, tvaM tasya svanaM zuNOSi kintu sa kuta AyAti kutra yAti vA kimapi na jAnAsi tadvAd AtmanaH sakAzAt sarvvESAM manujAnAM janma bhavati|
2b03090035	tadA nikadImaH pRSTavAn Etat kathaM bhavituM zaknOti?
2b030a0046	yIzuH pratyaktavAn tvamisrAyElO gururbhUtvApi kimEtAM kathAM na vEtsi?
2b030b008c	tubhyaM yathArthaM kathayAmi, vayaM yad vidmastad vacmaH yaMcca pazyAmastasyaiva sAkSyaM dadmaH kintu yuSmAbhirasmAkaM sAkSitvaM na gRhyatE|
2b030c006f	Etasya saMsArasya kathAyAM kathitAyAM yadi yUyaM na vizvasitha tarhi svargIyAyAM kathAyAM kathaM vizvasiSyatha?
2b030d0053	yaH svargE'sti yaM ca svargAd avArOhat taM mAnavatanayaM vinA kOpi svargaM nArOhat|
2b030e0059	aparanjca mUsA yathA prAntarE sarpaM prOtthApitavAn manuSyaputrO'pi tathaivOtthApitavyaH;
2b030f004a	tasmAd yaH kazcit tasmin vizvasiSyati sO'vinAzyaH san anantAyuH prApsyati|
2b03100086	Izvara itthaM jagadadayata yat svamadvitIyaM tanayaM prAdadAt tatO yaH kazcit tasmin vizvasiSyati sO'vinAzyaH san anantAyuH prApsyati|
2b0311004d	IzvarO jagatO lOkAn daNPayituM svaputraM na prESya tAn paritrAtuM prESitavAn|
2b031200bb	ataEva yaH kazcit tasmin vizvasiti sa daNPArhO na bhavati kintu yaH kazcit tasmin na vizvasiti sa idAnImEva daNPArhO bhavati, yataH sa IzvarasyAdvitIyaputrasya nAmani pratyayaM na karOti|
2b03130082	jagatO madhyE jyOtiH prAkAzata kintu manuSyANAM karmmaNAM dRSTatvAt tE jyOtiSOpi timirE prIyantE EtadEva daNPasya kAraNAM bhavati|
2b03140050	yaH kukarmma karOti tasyAcArasya dRSTatvAt sa jyOtirRRtIyitvA tannikaTaM nAyAti;
2b0315007e	kintu yaH satkarmma karOti tasya sarvvANi karmmANIzvarENa kRtAnIti sathA prakAzatE tadabhiprAyENa sa jyOtiSaH sannidhim AyAti|
2b03160059	tataH param yIzuH ziSyaiH sArddhaM yihUdIyadEzaM gatvA tatra sthitvA majjayitum Arabhata|
2b03170083	tadA zAlam nagarasya samIpasthAyini ainan grAmE bahutaratOyasthitEstatra yOhan amajjayat tathA ca lOkA Agatya tEna majjitA abhavan|
2b0318001e	tadA yOhan kArAyAM na baddhaH|
2b0319006d	aparanjca zAcakarmmaNi yOhAnaH ziSyaiH saha yihUdIyalOkAnAM vivAdE jAtE, tE yOhanaH saMnnidhiM gatvAkathayan,
2b031a008c	hE gurO yarddananadyAH pArE bhavatA sArddhaM ya AsIt yasmiMzca bhavAn sAkSyaM pradadAt pazyatu sOpi majjayati sarvvE tasya samIpaM yAnti ca|
2b031b0050	tadA yOhan pratyavOcad IzvarENa na dattE kOpi manujaH kimapi prAptuM na zaknOti|
2b031c0072	ahaM abhiSiktO na bhavAmi kintu tadagrE prESitOsmi yAmimAM kathAM kathitavAnAhaM tatra yUyaM sarvvE sAkSiNaH stha|
2b031d00a0	yO janaH kanyAM labhatE sa Eva varaH kintu varasya sannidhau daNPAyamAnaM tasya yanmitraM tEna varasya zabdE zrutE'tIvAhlAdyatE mamApi tadvad AnandasiddhirjAtA|
2b031e0030	tEna kramazO varddhitavyaM kintu mayA hsitavyaM|
2b031f0099	ya UrdhvAdAgacchat sa sarvvESAM mukhyO yazca saMsArAd udapadyata sa sAMsArikaH saMsArIyAM kathAnjca kathayati yastu svargAdAgacchat sa sarvvESAM mukhyaH|
2b03200061	sa yadapazyadazRNOcca tasminnEva sAkSyaM dadAti tathApi prAyazaH kazcit tasya sAkSyaM na gRhlAti;
2b0321003f	kintu yO gRhlAti sa Izvarasya satyavAditvaM mudrAggitaM karOti|
2b03220062	IzvarENa yaH prEritaH saEva IzvarIyakathAM kathayati yata Izvara AtmAnaM tasmai aparimitam adadAt|
2b0323003a	pitA putrE snEhaM kRtvA tasya hastE sarvvANi samarpitavAn|
2b032400ae	yaH kazcit putrE vizvasiti sa EvAnantam paramAyuH prApnOti kintu yaH kazcit putrE na vizvasiti sa paramAyuSO darzanaM na prApnOti kintvIzvarasya kOpabhAjanaM bhUtvA tiSThati|
2b04010066	yIzuH svayaM nAmajjayat kEvalaM tasya ziSyA amajjayat kintu yOhanO'dhikaziSyAn sa karOti majjayati ca,
2b04020031	phirUzina imAM vArttAmazRNvan iti prabhuravagatya
2b04030028	yihUdIyadEzaM vihAya puna rgAlIlam Agat|
2b04040033	tataH zOmirONapradEzasya madyEna tEna gantavyE sati
2b04050084	yAkUb nijaputrAya yUSaphE yAM bhUmim adadAt tatsamIpasthAyi zOmirONapradEzasya sukhAr nAmnA vikhyAtasya nagarasya sannidhAvupAsthAt|
2b0406006b	tatra yAkUbaH prahirAsIt; tadA dvitIyayAmavElAyAM jAtAyAM sa mArgE zramApannastasya prahEH pArzvE upAvizat|
2b04070039	Etarhi kAcit zOmirONIyA yOSit tOyOttOlanArtham tatrAgamat
2b04080033	tadA ziSyAH khAdyadravyANi krEtuM nagaram agacchan|
2b040900e2	yIzuH zOmirONIyAM tAM yOSitam vyAhArSIt mahyaM kinjcit pAnIyaM pAtuM dEhi| kintu zOmirONIyaiH sAkaM yihUdIyalOkA na vyavAharan tasmAddhEtOH sAkathayat zOmirONIyA yOSitadahaM tvaM yihUdIyOsi kathaM mattaH pAnIyaM pAtum icchasi?
2b040a00b0	tatO yIzuravadad Izvarasya yaddAnaM tatkIdRk pAnIyaM pAtuM mahyaM dEhi ya itthaM tvAM yAcatE sa vA ka iti cEdajnjAsyathAstarhi tamayAciSyathAH sa ca tubhyamamRtaM tOyamadAsyat|
2b040b0086	tadA sA sImantinI bhASitavati, hE mahEccha prahirgambhIrO bhavatO nIrOttOlanapAtraM nAstI ca tasmAt tadamRtaM kIlAlaM kutaH prApsyasi?
2b040c009b	yOsmabhyam imamandhUM dadau, yasya ca parijanA gOmESAdayazca sarvvE'sya prahEH pAnIyaM papurEtAdRzO yOsmAkaM pUrvvapuruSO yAkUb tasmAdapi bhavAn mahAn kiM?
2b040d0048	tatO yIzurakathayad idaM pAnIyaM saH pivati sa punastRSArttO bhaviSyati,
2b040e009d	kintu mayA dattaM pAnIyaM yaH pivati sa punaH kadApi tRSArttO na bhaviSyati| mayA dattam idaM tOyaM tasyAntaH prasravaNarUpaM bhUtvA anantAyuryAvat srOSyati|
2b040f0096	tadA sA vanitAkathayat hE mahEccha tarhi mama punaH pIpAsA yathA na jAyatE tOyOttOlanAya yathAtrAgamanaM na bhavati ca tadarthaM mahyaM tattOyaM dEhI|
2b04100036	tatO yIzUravadadyAhi tava patimAhUya sthAnE'trAgaccha|
2b04110051	sA vAmAvadat mama patirnAsti| yIzuravadat mama patirnAstIti vAkyaM bhadramavOcaH|
2b0412006e	yatastava panjca patayObhavan adhunA tu tvayA sArddhaM yastiSThati sa tava bharttA na vAkyamidaM satyamavAdiH|
2b0413004e	tadA sA mahilA gaditavati hE mahEccha bhavAn EkO bhaviSyadvAdIti buddhaM mayA|
2b0414006f	asmAkaM pitRlOkA Etasmin zilOccayE'bhajanta, kintu bhavadbhirucyatE yirUzAlam nagarE bhajanayOgyaM sthAnamAstE|
2b0415008a	yIzuravOcat hE yOSit mama vAkyE vizvasihi yadA yUyaM kEvalazailE'smin vA yirUzAlam nagarE piturbhajanaM na kariSyadhvE kAla EtAdRza AyAti|
2b0416007b	yUyaM yaM bhajadhvE taM na jAnItha, kintu vayaM yaM bhajAmahE taM jAnImahE, yatO yihUdIyalOkAnAM madhyAt paritrANaM jAyatE|
2b04170097	kintu yadA satyabhaktA AtmanA satyarUpENa ca piturbhajanaM kariSyantE samaya EtAdRza AyAti, varam idAnImapi vidyatE; yata EtAdRzO bhatkAn pitA cESTatE|
2b0418004b	Izvara AtmA; tatastasya yE bhaktAstaiH sa AtmanA satyarUpENa ca bhajanIyaH|
2b04190077	tadA sA mahilAvAdIt khrISTanAmnA vikhyAtO'bhiSiktaH puruSa AgamiSyatIti jAnAmi sa ca sarvvAH kathA asmAn jnjApayiSyati|
2b041a004a	tatO yIzuravadat tvayA sArddhaM kathanaM karOmi yO'ham ahamEva sa puruSaH|
2b041b00bd	Etasmin samayE ziSyA Agatya tathA striyA sArddhaM tasya kathOpakathanE mahAzcaryyam amanyanta tathApi bhavAn kimicchati? yadvA kimartham EtayA sArddhaM kathAM kathayati? iti kOpi nApRcchat|
2b041c004c	tataH paraM sA nArI kalazaM sthApayitvA nagaramadhyaM gatvA lOkEbhyOkathAyad
2b041d0075	ahaM yadyat karmmAkaravaM tatsarvvaM mahyamakathayad EtAdRzaM mAnavamEkam Agatya pazyata ru kim abhiSiktO na bhavati?
2b041e0031	tatastE nagarAd bahirAgatya tAtasya samIpam Ayan|
2b041f0046	Etarhi ziSyAH sAdhayitvA taM vyAhArSuH hE gurO bhavAn kinjcid bhUktAM|
2b0420003f	tataH sOvadad yuSmAbhiryanna jnjAyatE tAdRzaM bhakSyaM mamAstE|
2b04210057	tadA ziSyAH parasparaM praSTum Arambhanta, kimasmai kOpi kimapi bhakSyamAnIya dattavAn?
2b0422005c	yIzuravOcat matprErakasyAbhimatAnurUpakaraNaM tasyaiva karmmasiddhikAraNanjca mama bhakSyaM|
2b042300bd	mAsacatuSTayE jAtE zasyakarttanasamayO bhaviSyatIti vAkyaM yuSmAbhiH kiM nOdyatE? kintvahaM vadAmi, zira uttOlya kSEtrANi prati nirIkSya pazyata, idAnIM karttanayOgyAni zuklavarNAnyabhavan|
2b04240071	yazchinatti sa vEtanaM labhatE anantAyuHsvarUpaM zasyaM sa gRhlAti ca, tEnaiva vaptA chEttA ca yugapad AnandataH|
2b04250038	itthaM sati vapatyEkazchinatyanya iti vacanaM siddhyati|
2b04260086	yatra yUyaM na paryyazrAmyata tAdRzaM zasyaM chEttuM yuSmAn prairayam anyE janAHparyyazrAmyan yUyaM tESAM zragasya phalam alabhadhvam|
2b0427009a	yasmin kAlE yadyat karmmAkArSaM tatsarvvaM sa mahyam akathayat tasyA vanitAyA idaM sAkSyavAkyaM zrutvA tannagaranivAsinO bahavaH zOmirONIyalOkA vyazvasan|
2b0428008a	tathA ca tasyAntikE samupasthAya svESAM sannidhau katicid dinAni sthAtuM tasmin vinayam akurvvAna tasmAt sa dinadvayaM tatsthAnE nyavaSTat
2b04290027	tatastasyOpadEzEna bahavO'parE vizvasya
2b042a0084	tAM yOSAmavadan kEvalaM tava vAkyEna pratIma iti na, kintu sa jagatO'bhiSiktastrAtEti tasya kathAM zrutvA vayaM svayamEvAjnjAsamahi|
2b042b004c	svadEzE bhaviSyadvaktuH satkArO nAstIti yadyapi yIzuH pramANaM datvAkathayat
2b042c003d	tathApi divasadvayAt paraM sa tasmAt sthAnAd gAlIlaM gatavAn|
2b042d0081	anantaraM yE gAlIlI liyalOkA utsavE gatA utsavasamayE yirUzalam nagarE tasya sarvvAH kriyA apazyan tE gAlIlam AgataM tam AgRhlan|
2b042e00aa	tataH param yIzu ryasmin kAnnAnagarE jalaM drAkSArasam AkarOt tat sthAnaM punaragAt| tasminnEva samayE kasyacid rAjasabhAstArasya putraH kapharnAhUmapurI rOgagrasta AsIt|
2b042f00a0	sa yEhUdIyadEzAd yIzO rgAlIlAgamanavArttAM nizamya tasya samIpaM gatvA prArthya vyAhRtavAn mama putrasya prAyENa kAla AsannaH bhavAn Agatya taM svasthaM karOtu|
2b04300055	tadA yIzurakathayad AzcaryyaM karmma citraM cihnaM ca na dRSTA yUyaM na pratyESyatha|
2b04310047	tataH sa sabhAsadavadat hE mahEccha mama putrE na mRtE bhavAnAgacchatu|
2b0432004f	yIzustamavadad gaccha tava putrO'jIvIt tadA yIzunOktavAkyE sa vizvasya gatavAn|
2b04330047	gamanakAlE mArgamadhyE dAsAstaM sAkSAtprApyAvadan bhavataH putrO'jIvIt|
2b04340083	tataH kaM kAlamArabhya rOgapratIkArArambhO jAtA iti pRSTE tairuktaM hyaH sArddhadaNPadvayAdhikadvitIyayAmE tasya jvaratyAgO'bhavat|
2b04350057	tadA yIzustasmin kSaNE prOktavAn tava putrO'jIvIt pitA tadbuddhvA saparivArO vyazvasIt|
2b04360043	yihUdIyadEzAd Agatya gAlIli yIzurEtad dvitIyam AzcaryyakarmmAkarOt|
2b05010043	tataH paraM yihUdIyAnAm utsava upasthitE yIzu ryirUzAlamaM gatavAn|
2b05020064	tasminnagarE mESanAmnO dvArasya samIpE ibrIyabhASayA baithEsdA nAmnA piSkariNI panjcaghaTTayuktAsIt|
2b05030069	tasyAstESu ghaTTESu kilAlakampanam apEkSya andhakhanjcazuSkAggAdayO bahavO rOgiNaH patantastiSThanti sma|
2b050400a0	yatO vizESakAlE tasya sarasO vAri svargIyadUta EtyAkampayat tatkIlAlakampanAt paraM yaH kazcid rOgI prathamaM pAnIyamavArOhat sa Eva tatkSaNAd rOgamuktO'bhavat|
2b05050047	tadASTAtriMzadvarSANi yAvad rOgagrasta Ekajanastasmin sthAnE sthitavAn|
2b05060057	yIzustaM zayitaM dRSTvA bahukAlikarOgIti jnjAtvA vyAhRtavAn tvaM kiM svasthO bubhUSasi?
2b0507009e	tatO rOgI kathitavAn hE mahEccha yadA kIlAlaM kampatE tadA mAM puSkariNIm avarOhayituM mama kOpi nAsti, tasmAn mama gamanakAlE kazcidanyO'grO gatvA avarOhati|
2b0508003e	tadA yIzurakathayad uttiSTha, tava zayyAmuttOlya gRhItvA yAhi|
2b05090052	sa tatkSaNAt svasthO bhUtvA zayyAmuttOlyAdAya gatavAn kintu taddinaM vizrAmavAraH|
2b050a0055	tasmAd yihUdIyAH svasthaM naraM vyAharan adya vizrAmavArE zayanIyamAdAya na yAtavyam|
2b050b0059	tataH sa pratyavOcad yO mAM svastham akArSIt zayanIyam uttOlyAdAya yAtuM mAM sa EvAdizat|
2b050c0041	tadA tE'pRcchan zayanIyam uttOlyAdAya yAtuM ya AjnjApayat sa kaH?
2b050d0060	kintu sa ka iti svasthIbhUtO nAjAnAd yatastasmin sthAnE janatAsattvAd yIzuH sthAnAntaram Agamat|
2b050e0096	tataH paraM yEzu rmandirE taM naraM sAkSAtprApyAkathayat pazyEdAnIm anAmayO jAtOsi yathAdhikA durdazA na ghaTatE taddhEtOH pApaM karmma punarmAkArSIH|
2b050f003b	tataH sa gatvA yihUdIyAn avadad yIzu rmAm arOgiNam akArSIt|
2b0510005d	tatO yIzu rvizrAmavArE karmmEdRzaM kRtavAn iti hEtO ryihUdIyAstaM tAPayitvA hantum acESTanta|
2b05110047	yIzustAnAkhyat mama pitA yat kAryyaM karOti tadanurUpam ahamapi karOti|
2b05120094	tatO yihUdIyAstaM hantuM punarayatanta yatO vizrAmavAraM nAmanyata tadEva kEvalaM na adhikantu IzvaraM svapitaraM prOcya svamapIzvaratulyaM kRtavAn|
2b051300c4	pazcAd yIzuravadad yuSmAnahaM yathArthataraM vadAmi putraH pitaraM yadyat karmma kurvvantaM pazyati tadatiriktaM svEcchAtaH kimapi karmma karttuM na zaknOti| pitA yat karOti putrOpi tadEva karOti|
2b051400b1	pitA putrE snEhaM karOti tasmAt svayaM yadyat karmma karOti tatsarvvaM putraM darzayati; yathA ca yuSmAkaM AzcaryyajnjAnaM janiSyatE tadartham itOpi mahAkarmma taM darzayiSyati|
2b0515006d	vastutastu pitA yathA pramitAn utthApya sajivAn karOti tadvat putrOpi yaM yaM icchati taM taM sajIvaM karOti|
2b0516008b	sarvvE pitaraM yathA satkurvvanti tathA putramapi satkArayituM pitA svayaM kasyApi vicAramakRtvA sarvvavicArANAM bhAraM putrE samarpitavAn|
2b05170036	yaH putraM sat karOti sa tasya prErakamapi sat karOti|
2b051800a7	yuSmAnAhaM yathArthataraM vadAmi yO janO mama vAkyaM zrutvA matprErakE vizvasiti sOnantAyuH prApnOti kadApi daNPabAjanaM na bhavati nidhanAdutthAya paramAyuH prApnOti|
2b051900a1	ahaM yuSmAnatiyathArthaM vadAmi yadA mRtA Izvaraputrasya ninAdaM zrOSyanti yE ca zrOSyanti tE sajIvA bhaviSyanti samaya EtAdRza AyAti varam idAnImapyupatiSThati|
2b051a0045	pitA yathA svayanjjIvI tathA putrAya svayanjjIvitvAdhikAraM dattavAn|
2b051b0051	sa manuSyaputraH EtasmAt kAraNAt pitA daNPakaraNAdhikAramapi tasmin samarpitavAn|
2b051c0091	EtadarthE yUyam AzcaryyaM na manyadhvaM yatO yasmin samayE tasya ninAdaM zrutvA zmazAnasthAH sarvvE bahirAgamiSyanti samaya EtAdRza upasthAsyati|
2b051d0072	tasmAd yE satkarmmANi kRtavantasta utthAya AyuH prApsyanti yE ca kukarmANi kRtavantasta utthAya daNPaM prApsyanti|
2b051e0096	ahaM svayaM kimapi karttuM na zaknOmi yathA zuNOmi tathA vicArayAmi mama vicAranjca nyAyyaH yatOhaM svIyAbhISTaM nEhitvA matprErayituH pituriSTam IhE|
2b051f0045	yadi svasmin svayaM sAkSyaM dadAmi tarhi tatsAkSyam AgrAhyaM bhavati;
2b05200062	kintu madarthE'parO janaH sAkSyaM dadAti madarthE tasya yat sAkSyaM tat satyam EtadapyahaM jAnAmi|
2b05210048	yuSmAbhi ryOhanaM prati lOkESu prEritESu sa satyakathAyAM sAkSyamadadAt|
2b0522005b	mAnuSAdahaM sAkSyaM nOpEkSE tathApi yUyaM yathA paritrayadhvE tadartham idaM vAkyaM vadAmi|
2b05230061	yOhan dEdIpyamAnO dIpa iva tEjasvI sthitavAn yUyam alpakAlaM tasya dIptyAnandituM samamanyadhvaM|
2b0524009f	kintu tatpramANAdapi mama gurutaraM pramANaM vidyatE pitA mAM prESya yadyat karmma samApayituM zakttimadadAt mayA kRtaM tattat karmma madarthE pramANaM dadAti|
2b05250077	yaH pitA mAM prEritavAn mOpi madarthE pramANaM dadAti| tasya vAkyaM yuSmAbhiH kadApi na zrutaM tasya rUpanjca na dRSTaM
2b05260069	tasya vAkyanjca yuSmAkam antaH kadApi sthAnaM nApnOti yataH sa yaM prESitavAn yUyaM tasmin na vizvasitha|
2b05270086	dharmmapustakAni yUyam AlOcayadhvaM tai rvAkyairanantAyuH prApsyAma iti yUyaM budhyadhvE taddharmmapustakAni madarthE pramANaM dadati|
2b0528003e	tathApi yUyaM paramAyuHprAptayE mama saMnidhim na jigamiSatha|
2b05290025	ahaM mAnuSEbhyaH satkAraM na gRhlAmi|
2b052a0035	ahaM yuSmAn jAnAmi; yuSmAkamantara IzvaraprEma nAsti|
2b052b0073	ahaM nijapitu rnAmnAgatOsmi tathApi mAM na gRhlItha kintu kazcid yadi svanAmnA samAgamiSyati tarhi taM grahISyatha|
2b052c006d	yUyam IzvarAt satkAraM na ciSTatvA kEvalaM parasparaM satkAram cEd AdadhvvE tarhi kathaM vizvasituM zaknutha?
2b052d0071	putuH samIpE'haM yuSmAn apavadiSyAmIti mA cintayata yasmin, yasmin yuSmAkaM vizvasaH saEva mUsA yuSmAn apavadati|
2b052e0054	yadi yUyaM tasmin vyazvasiSyata tarhi mayyapi vyazvasiSyata, yat sa mayi likhitavAn|
2b052f004e	tatO yadi tEna likhitavAni na pratitha tarhi mama vAkyAni kathaM pratyESyatha?
2b0601004a	tataH paraM yIzu rgAlIl pradEzIyasya tiviriyAnAmnaH sindhOH pAraM gatavAn|
2b06020065	tatO vyAdhimallOkasvAsthyakaraNarUpANi tasyAzcaryyANi karmmANi dRSTvA bahavO janAstatpazcAd agacchan|
2b0603002f	tatO yIzuH parvvatamAruhya tatra ziSyaiH sAkam|
2b0604003d	tasmin samaya nistArOtsavanAmni yihUdIyAnAma utsava upasthitE
2b06050082	yIzu rnEtrE uttOlya bahulOkAn svasamIpAgatAn vilOkya philipaM pRSTavAn EtESAM bhOjanAya bhOjadravyANi vayaM kutra krEtuM zakrumaH?
2b0606004b	vAkyamidaM tasya parIkSArtham avAdIt kintu yat kariSyati tat svayam ajAnAt|
2b06070075	philipaH pratyavOcat EtESAm EkaikO yadyalpam alpaM prApnOti tarhi mudrApAdadvizatEna krItapUpA api nyUnA bhaviSyanti|
2b0608003a	zimOn pitarasya bhrAtA AndriyAkhyaH ziSyANAmEkO vyAhRtavAn
2b0609007e	atra kasyacid bAlakasya samIpE panjca yAvapUpAH kSudramatsyadvayanjca santi kintu lOkAnAM EtAvAtAM madhyE taiH kiM bhaviSyati?
2b060a0077	pazcAd yIzuravadat lOkAnupavEzayata tatra bahuyavasasattvAt panjcasahastrEbhyO nyUnA adhikA vA puruSA bhUmyAm upAvizan|
2b060b0089	tatO yIzustAn pUpAnAdAya Izvarasya guNAn kIrttayitvA ziSyESu samArpayat tatastE tEbhya upaviSTalOkEbhyaH pUpAn yathESTamatsyanjca prAduH|
2b060c0061	tESu tRptESu sa tAnavOcad EtESAM kinjcidapi yathA nApacIyatE tathA sarvvANyavaziSTAni saMgRhlIta|
2b060d0073	tataH sarvvESAM bhOjanAt paraM tE tESAM panjcAnAM yAvapUpAnAM avaziSTAnyakhilAni saMgRhya dvAdazaPallakAn apUrayan|
2b060e0086	aparaM yIzOrEtAdRzIm AzcaryyakriyAM dRSTvA lOkA mithO vaktumArEbhirE jagati yasyAgamanaM bhaviSyati sa EvAyam avazyaM bhaviSyadvakttA|
2b060f0074	ataEva lOkA Agatya tamAkramya rAjAnaM kariSyanti yIzustESAm IdRzaM mAnasaM vijnjAya punazca parvvatam EkAkI gatavAn|
2b0610005e	sAyaMkAla upasthitE ziSyA jaladhitaTaM vrajitvA nAvamAruhya nagaradizi sindhau vAhayitvAgaman|
2b06110043	tasmin samayE timira upAtiSThat kintu yISustESAM samIpaM nAgacchat|
2b0612003d	tadA prabalapavanavahanAt sAgarE mahAtaraggO bhavitum ArEbhE|
2b06130087	tatastE vAhayitvA dvitrAn krOzAn gatAH pazcAd yIzuM jaladhErupari padbhyAM vrajantaM naukAntikam AgacchantaM vilOkya trAsayuktA abhavan
2b06140029	kintu sa tAnukttavAn ayamahaM mA bhaiSTa|
2b06150050	tadA tE taM svairaM nAvi gRhItavantaH tadA tatkSaNAd uddiSTasthAnE naurupAsthAt|
2b06160096	yayA nAvA ziSyA agacchan tadanyA kApi naukA tasmin sthAnE nAsIt tatO yIzuH ziSyaiH sAkaM nAgamat kEvalAH ziSyA agaman Etat pArasthA lOkA jnjAtavantaH|
2b06170089	kintu tataH paraM prabhu ryatra Izvarasya guNAn anukIrttya lOkAn pUpAn abhOjayat tatsthAnasya samIpasthativiriyAyA aparAstaraNaya Agaman|
2b06180071	yIzustatra nAsti ziSyA api tatra nA santi lOkA iti vijnjAya yIzuM gavESayituM taraNibhiH kapharnAhUm puraM gatAH|
2b06190058	tatastE saritpatEH pArE taM sAkSAt prApya prAvOcan hE gurO bhavAn atra sthAnE kadAgamat?
2b061a0090	tadA yIzustAn pratyavAdId yuSmAnahaM yathArthataraM vadAmi AzcaryyakarmmadarzanAddhEtO rna kintu pUpabhOjanAt tEna tRptatvAnjca mAM gavESayatha|
2b061b00a1	kSayaNIyabhakSyArthaM mA zrAmiSTa kintvantAyurbhakSyArthaM zrAmyata, tasmAt tAdRzaM bhakSyaM manujaputrO yuSmAbhyaM dAsyati; tasmin tAta IzvaraH pramANaM prAdAt|
2b061c0046	tadA tE'pRcchan IzvarAbhimataM karmma karttum asmAbhiH kiM karttavyaM?
2b061d004e	tatO yIzuravadad IzvarO yaM prairayat tasmin vizvasanam IzvarAbhimataM karmma|
2b061e0067	tadA tE vyAharan bhavatA kiM lakSaNaM darzitaM yaddRSTvA bhavati vizvasiSyAmaH? tvayA kiM karmma kRtaM?
2b061f0078	asmAkaM pUrvvapuruSA mahAprAntarE mAnnAM bhOkttuM prApuH yathA lipirAstE| svargIyANi tu bhakSyANi pradadau paramEzvaraH|
2b06200097	tadA yIzuravadad ahaM yuSmAnatiyathArthaM vadAmi mUsA yuSmAbhyaM svargIyaM bhakSyaM nAdAt kintu mama pitA yuSmAbhyaM svargIyaM paramaM bhakSyaM dadAti|
2b06210045	yaH svargAdavaruhya jagatE jIvanaM dadAti sa IzvaradattabhakSyarUpaH|
2b0622003f	tadA tE prAvOcan hE prabhO bhakSyamidaM nityamasmabhyaM dadAtu|
2b062300a6	yIzuravadad ahamEva jIvanarUpaM bhakSyaM yO janO mama sannidhim Agacchati sa jAtu kSudhArttO na bhaviSyati, tathA yO janO mAM pratyEti sa jAtu tRSArttO na bhaviSyati|
2b06240036	mAM dRSTvApi yUyaM na vizvasitha yuSmAnaham ityavOcaM|
2b0625008f	pitA mahyaM yAvatO lOkAnadadAt tE sarvva Eva mamAntikam AgamiSyanti yaH kazcicca mama sannidhim AyAsyati taM kEnApi prakArENa na dUrIkariSyAmi|
2b06260054	nijAbhimataM sAdhayituM na hi kintu prErayiturabhimataM sAdhayituM svargAd AgatOsmi|
2b0627007b	sa yAn yAn lOkAn mahyamadadAt tESAmEkamapi na hArayitvA zESadinE sarvvAnaham utthApayAmi idaM matprErayituH piturabhimataM|
2b06280075	yaH kazcin mAnavasutaM vilOkya vizvasiti sa zESadinE mayOtthApitaH san anantAyuH prApsyati iti matprErakasyAbhimataM|
2b0629006f	tadA svargAd yad bhakSyam avArOhat tad bhakSyam ahamEva yihUdIyalOkAstasyaitad vAkyE vivadamAnA vakttumArEbhirE
2b062a0076	yUSaphaH putrO yIzu ryasya mAtApitarau vayaM jAnIma ESa kiM saEva na? tarhi svargAd avArOham iti vAkyaM kathaM vaktti?
2b062b0033	tadA yIzustAn pratyavadat parasparaM mA vivadadhvaM
2b062c0071	matprErakENa pitrA nAkRSTaH kOpi janO mamAntikam AyAtuM na zaknOti kintvAgataM janaM caramE'hni prOtthApayiSyAmi|
2b062d009d	tE sarvva IzvarENa zikSitA bhaviSyanti bhaviSyadvAdinAM granthESu lipiritthamAstE atO yaH kazcit pituH sakAzAt zrutvA zikSatE sa Eva mama samIpam AgamiSyati|
2b062e0057	ya IzvarAd ajAyata taM vinA kOpi manuSyO janakaM nAdarzat kEvalaH saEva tAtam adrAkSIt|
2b062f0053	ahaM yuSmAn yathArthataraM vadAmi yO janO mayi vizvAsaM karOti sOnantAyuH prApnOti|
2b0630001a	ahamEva tajjIvanabhakSyaM|
2b06310040	yuSmAkaM pUrvvapuruSA mahAprAntarE mannAbhakSyaM bhUkttApi mRtAH
2b0632004f	kintu yadbhakSyaM svargAdAgacchat tad yadi kazcid bhugkttE tarhi sa na mriyatE|
2b063300bc	yajjIvanabhakSyaM svargAdAgacchat sOhamEva idaM bhakSyaM yO janO bhugkttE sa nityajIvI bhaviSyati| punazca jagatO jIvanArthamahaM yat svakIyapizitaM dAsyAmi tadEva mayA vitaritaM bhakSyam|
2b06340070	tasmAd yihUdIyAH parasparaM vivadamAnA vakttumArEbhirE ESa bhOjanArthaM svIyaM palalaM katham asmabhyaM dAsyati?
2b063500a3	tadA yIzustAn AvOcad yuSmAnahaM yathArthataraM vadAmi manuSyaputrasyAmiSE yuSmAbhi rna bhukttE tasya rudhirE ca na pItE jIvanEna sArddhaM yuSmAkaM sambandhO nAsti|
2b06360067	yO mamAmiSaM svAdati mama sudhiranjca pivati sOnantAyuH prApnOti tataH zESE'hni tamaham utthApayiSyAmi|
2b06370048	yatO madIyamAmiSaM paramaM bhakSyaM tathA madIyaM zONitaM paramaM pEyaM|
2b06380060	yO janO madIyaM palalaM svAdati madIyaM rudhiranjca pivati sa mayi vasati tasminnahanjca vasAmi|
2b0639005a	matprErayitrA jIvatA tAtEna yathAhaM jIvAmi tadvad yaH kazcin mAmatti sOpi mayA jIviSyati|
2b063a009f	yadbhakSyaM svargAdAgacchat tadidaM yanmAnnAM svAditvA yuSmAkaM pitarO'mriyanta tAdRzam idaM bhakSyaM na bhavati idaM bhakSyaM yO bhakSati sa nityaM jIviSyati|
2b063b0047	yadA kapharnAhUm puryyAM bhajanagEhE upAdizat tadA kathA EtA akathayat|
2b063c006f	tadEtthaM zrutvA tasya ziSyANAm anEkE parasparam akathayan idaM gAPhaM vAkyaM vAkyamIdRzaM kaH zrOtuM zakruyAt?
2b063d006b	kintu yIzuH ziSyANAm itthaM vivAdaM svacittE vijnjAya kathitavAn idaM vAkyaM kiM yuSmAkaM vighnaM janayati?
2b063e0054	yadi manujasutaM pUrvvavAsasthAnam UrdvvaM gacchantaM pazyatha tarhi kiM bhaviSyati?
2b063f0060	Atmaiva jIvanadAyakaH vapu rniSphalaM yuSmabhyamahaM yAni vacAMsi kathayAmi tAnyAtmA jIvananjca|
2b06400081	kintu yuSmAkaM madhyE kEcana avizvAsinaH santi kE kE na vizvasanti kO vA taM parakarESu samarpayiSyati tAn yIzurAprathamAd vEtti|
2b0641006d	aparamapi kathitavAn asmAt kAraNAd akathayaM pituH sakAzAt zakttimaprApya kOpi mamAntikam AgantuM na zaknOti|
2b0642003b	tatkAlE'nEkE ziSyA vyAghuTya tEna sArddhaM puna rnAgacchan|
2b06430038	tadA yIzu rdvAdazaziSyAn ukttavAn yUyamapi kiM yAsyatha?
2b06440043	tataH zimOn pitaraH pratyavOcat hE prabhO kasyAbhyarNaM gamiSyAmaH?
2b0645006b	anantajIvanadAyinyO yAH kathAstAstavaiva| bhavAn amarEzvarasyAbhiSikttaputra iti vizvasya nizcitaM jAnImaH|
2b0646007a	tadA yIzuravadat kimahaM yuSmAkaM dvAdazajanAn manOnItAn na kRtavAn? kintu yuSmAkaM madhyEpi kazcidEkO vighnakArI vidyatE|
2b06470087	imAM kathaM sa zimOnaH putram ISkarIyOtIyaM yihUdAm uddizya kathitavAn yatO dvAdazAnAM madhyE gaNitaH sa taM parakarESu samarpayiSyati|
2b07010083	tataH paraM yihUdIyalOkAstaM hantuM samaihanta tasmAd yIzu ryihUdApradEzE paryyaTituM nEcchan gAlIl pradEzE paryyaTituM prArabhata|
2b0702003c	kintu tasmin samayE yihUdIyAnAM dUSyavAsanAmOtsava upasthitE
2b07030086	tasya bhrAtarastam avadan yAni karmmANi tvayA kriyantE tAni yathA tava ziSyAH pazyanti tadarthaM tvamitaH sthAnAd yihUdIyadEzaM vraja|
2b07040078	yaH kazcit svayaM pracikAziSati sa kadApi guptaM karmma na karOti yadIdRzaM karmma karOSi tarhi jagati nijaM paricAyaya|
2b07050028	yatastasya bhrAtarOpi taM na vizvasanti|
2b07060060	tadA yIzustAn avOcat mama samaya idAnIM nOpatiSThati kintu yuSmAkaM samayaH satatam upatiSThati|
2b07070079	jagatO lOkA yuSmAn RtIyituM na zakruvanti kintu mAmEva RtIyantE yatastESAM karmANi duSTAni tatra sAkSyamidam ahaM dadAmi|
2b07080062	ataEva yUyam utsavE'smin yAta nAham idAnIm asminnutsavE yAmi yatO mama samaya idAnIM na sampUrNaH|
2b07090025	iti vAkyam ukttvA sa gAlIli sthitavAn
2b070a0049	kintu tasya bhrAtRSu tatra prasthitESu satsu sO'prakaTa utsavam agacchat|
2b070b0043	anantaram utsavam upasthitA yihUdIyAstaM mRgayitvApRcchan sa kutra?
2b070c0099	tatO lOkAnAM madhyE tasmin nAnAvidhA vivAdA bhavitum ArabdhavantaH| kEcid avOcan sa uttamaH puruSaH kEcid avOcan na tathA varaM lOkAnAM bhramaM janayati|
2b070d003d	kintu yihUdIyAnAM bhayAt kOpi tasya pakSE spaSTaM nAkathayat|
2b070e0049	tataH param utsavasya madhyasamayE yIzu rmandiraM gatvA samupadizati sma|
2b070f005c	tatO yihUdIyA lOkA AzcaryyaM jnjAtvAkathayan ESA mAnuSO nAdhItyA katham EtAdRzO vidvAnabhUt?
2b07100048	tadA yIzuH pratyavOcad upadEzOyaM na mama kintu yO mAM prESitavAn tasya|
2b0711006a	yO janO nidEzaM tasya grahISyati mamOpadEzO mattO bhavati kim IzvarAd bhavati sa ganastajjnjAtuM zakSyati|
2b0712007e	yO janaH svataH kathayati sa svIyaM gauravam IhatE kintu yaH prErayitu rgauravam IhatE sa satyavAdI tasmin kOpyadharmmO nAsti|
2b0713007a	mUsA yuSmabhyaM vyavasthAgranthaM kiM nAdadAt? kintu yuSmAkaM kOpi tAM vyavasthAM na samAcarati| mAM hantuM kutO yatadhvE?
2b07140038	tadA lOkA avadan tvaM bhUtagrastastvAM hantuM kO yatatE?
2b07150051	tatO yIzuravOcad EkaM karmma mayAkAri tasmAd yUyaM sarvva mahAzcaryyaM manyadhvE|
2b07160088	mUsA yuSmabhyaM tvakchEdavidhiM pradadau sa mUsAtO na jAtaH kintu pitRpuruSEbhyO jAtaH tEna vizrAmavArE'pi mAnuSANAM tvakchEdaM kurutha|
2b071700b3	ataEva vizrAmavArE manuSyANAM tvakchEdE kRtE yadi mUsAvyavasthAmagganaM na bhavati tarhi mayA vizrAmavArE mAnuSaH sampUrNarUpENa svasthO'kAri tatkAraNAd yUyaM kiM mahyaM kupyatha?
2b07180032	sapakSapAtaM vicAramakRtvA nyAyyaM vicAraM kuruta|
2b07190059	tadA yirUzAlam nivAsinaH katipayajanA akathayan imE yaM hantuM cESTantE sa EvAyaM kiM na?
2b071a0083	kintu pazyata nirbhayaH san kathAM kathayati tathApi kimapi a vadantyEtE ayamEvAbhiSikttO bhavatIti nizcitaM kimadhipatayO jAnanti?
2b071b006e	manujOyaM kasmAdAgamad iti vayaM jAnOmaH kintvabhiSiktta AgatE sa kasmAdAgatavAn iti kOpi jnjAtuM na zakSyati|
2b071c00c6	tadA yIzu rmadhyEmandiram upadizan uccaiHkAram ukttavAn yUyaM kiM mAM jAnItha? kasmAccAgatOsmi tadapi kiM jAnItha? nAhaM svata AgatOsmi kintu yaH satyavAdI saEva mAM prESitavAn yUyaM taM na jAnItha|
2b071d0026	tamahaM jAnE tEnAhaM prErita agatOsmi|
2b071e0076	tasmAd yihUdIyAstaM dharttum udyatAstathApi kOpi tasya gAtrE hastaM nArpayad yatO hEtOstadA tasya samayO nOpatiSThati|
2b071f0084	kintu bahavO lOkAstasmin vizvasya kathitavAntO'bhiSikttapuruSa Agatya mAnuSasyAsya kriyAbhyaH kim adhikA AzcaryyAH kriyAH kariSyati?
2b0720007e	tataH paraM lOkAstasmin itthaM vivadantE phirUzinaH pradhAnayAjakAnjcEti zrutavantastaM dhRtvA nEtuM padAtigaNaM prESayAmAsuH|
2b0721005a	tatO yIzuravadad aham alpadinAni yuSmAbhiH sArddhaM sthitvA matprErayituH samIpaM yAsyAmi|
2b0722005c	mAM mRgayiSyadhvE kintUddEzaM na lapsyadhvE ratra sthAsyAmi tatra yUyaM gantuM na zakSyatha|
2b072300aa	tadA yihUdIyAH parasparaM vakttumArEbhirE asyOddEzaM na prApsyAma EtAdRzaM kiM sthAnaM yAsyati? bhinnadEzE vikIrNAnAM yihUdIyAnAM sannidhim ESa gatvA tAn upadEkSyati kiM?
2b07240052	nO cEt mAM gavESayiSyatha kintUddEzaM na prApsyatha ESa kOdRzaM vAkyamidaM vadati?
2b0725009c	anantaram utsavasya caramE'hani arthAt pradhAnadinE yIzuruttiSThan uccaiHkAram Ahvayan uditavAn yadi kazcit tRSArttO bhavati tarhi mamAntikam Agatya pivatu|
2b0726006e	yaH kazcinmayi vizvasiti dharmmagranthasya vacanAnusArENa tasyAbhyantaratO'mRtatOyasya srOtAMsi nirgamiSyanti|
2b07270092	yE tasmin vizvasanti ta AtmAnaM prApsyantItyarthE sa idaM vAkyaM vyAhRtavAn EtatkAlaM yAvad yIzu rvibhavaM na prAptastasmAt pavitra AtmA nAdIyata|
2b07280047	EtAM vANIM zrutvA bahavO lOkA avadan ayamEva nizcitaM sa bhaviSyadvAdI|
2b07290060	kEcid akathayan ESaEva sObhiSikttaH kintu kEcid avadan sObhiSikttaH kiM gAlIl pradEzE janiSyatE?
2b072a0071	sObhiSikttO dAyUdO vaMzE dAyUdO janmasthAnE baitlEhami pattanE janiSyatE dharmmagranthE kimitthaM likhitaM nAsti?
2b072b0029	itthaM tasmin lOkAnAM bhinnavAkyatA jAtA|
2b072c0049	katipayalOkAstaM dharttum aicchan tathApi tadvapuSi kOpi hastaM nArpayat|
2b072d006d	anantaraM pAdAtigaNE pradhAnayAjakAnAM phirUzinAnjca samIpamAgatavati tE tAn apRcchan kutO hEtOstaM nAnayata?
2b072e003f	tadA padAtayaH pratyavadan sa mAnava iva kOpi kadApi nOpAdizat|
2b072f0031	tataH phirUzinaH prAvOcan yUyamapi kimabhrAmiSTa?
2b07300034	adhipatInAM phirUzinAnjca kOpi kiM tasmin vyazvasIt?
2b07310036	yE zAstraM na jAnanti ta imE'dhamalOkAEva zApagrastAH|
2b0732004a	tadA nikadImanAmA tESAmEkO yaH kSaNadAyAM yIzOH sannidhim agAt sa ukttavAn
2b0733005d	tasya vAkyE na zrutE karmmaNi ca na viditE 'smAkaM vyavasthA kiM kanjcana manujaM dOSIkarOti?
2b0734005f	tatastE vyAharan tvamapi kiM gAlIlIyalOkaH? vivicya pazya galIli kOpi bhaviSyadvAdI nOtpadyatE|
2b07350057	tataH paraM sarvvE svaM svaM gRhaM gatAH kintu yIzu rjaitunanAmAnaM zilOccayaM gatavAn|
2b08010025	pratyUSE yIzuH panarmandiram Agacchat
2b0802004e	tataH sarvvESu lOkESu tasya samIpa AgatESu sa upavizya tAn upadESTum Arabhata|
2b0803006f	tadA adhyApakAH phirUzinanjca vyabhicArakarmmaNi dhRtaM striyamEkAm Aniya sarvvESAM madhyE sthApayitvA vyAharan
2b08040041	hE gurO yOSitam imAM vyabhicArakarmma kurvvANAM lOkA dhRtavantaH|
2b08050066	EtAdRzalOkAH pASANAghAtEna hantavyA iti vidhirmUsAvyavasthAgranthE likhitOsti kintu bhavAn kimAdizati?
2b0806006c	tE tamapavadituM parIkSAbhiprAyENa vAkyamidam apRcchan kintu sa prahvIbhUya bhUmAvaggalyA lEkhitum Arabhata|
2b08070076	tatastaiH punaH punaH pRSTa utthAya kathitavAn yuSmAkaM madhyE yO janO niraparAdhI saEva prathamam EnAM pASANEnAhantu|
2b08080037	pazcAt sa punazca prahvIbhUya bhUmau lEkhitum Arabhata|
2b080900ac	tAM kathaM zrutvA tE svasvamanasi prabOdhaM prApya jyESThAnukramaM EkaikazaH sarvvE bahiragacchan tatO yIzurEkAkI tayakttObhavat madhyasthAnE daNPAyamAnA sA yOSA ca sthitA|
2b080a0081	tatpazcAd yIzurutthAya tAM vanitAM vinA kamapyaparaM na vilOkya pRSTavAn hE vAmE tavApavAdakAH kutra? kOpi tvAM kiM na daNPayati?
2b080b005a	sAvadat hE mahEccha kOpi na tadA yIzuravOcat nAhamapi daNPayAmi yAhi punaH pApaM mAkArSIH|
2b080c00a3	tatO yIzuH punarapi lOkEbhya itthaM kathayitum Arabhata jagatOhaM jyOtiHsvarUpO yaH kazcin matpazcAda gacchati sa timirE na bhramitvA jIvanarUpAM dIptiM prApsyati|
2b080d0061	tataH phirUzinO'vAdiSustvaM svArthE svayaM sAkSyaM dadAsi tasmAt tava sAkSyaM grAhyaM na bhavati|
2b080e00cf	tadA yIzuH pratyuditavAn yadyapi svArthE'haM svayaM sAkSyaM dadAmi tathApi mat sAkSyaM grAhyaM yasmAd ahaM kuta AgatOsmi kva yAmi ca tadahaM jAnAmi kintu kuta AgatOsmi kutra gacchAmi ca tad yUyaM na jAnItha|
2b080f0033	yUyaM laukikaM vicArayatha nAhaM kimapi vicArayAmi|
2b08100068	kintu yadi vicArayAmi tarhi mama vicArO grahItavyO yatOham EkAkI nAsmi prErayitA pitA mayA saha vidyatE|
2b08110053	dvayO rjanayOH sAkSyaM grahaNIyaM bhavatIti yuSmAkaM vyavasthAgranthE likhitamasti|
2b08120061	ahaM svArthE svayaM sAkSitvaM dadAmi yazca mama tAtO mAM prEritavAn sOpi madarthE sAkSyaM dadAti|
2b08130097	tadA tE'pRcchan tava tAtaH kutra? tatO yIzuH pratyavAdId yUyaM mAM na jAnItha matpitaranjca na jAnItha yadi mAm akSAsyata tarhi mama tAtamapyakSAsyata|
2b0814005f	yIzu rmandira upadizya bhaNPAgArE kathA EtA akathayat tathApi taM prati kOpi karaM nOdatOlayat|
2b081500a9	tataH paraM yIzuH punaruditavAn adhunAhaM gacchAmi yUyaM mAM gavESayiSyatha kintu nijaiH pApai rmariSyatha yat sthAnam ahaM yAsyAmi tat sthAnam yUyaM yAtuM na zakSyatha|
2b0816008c	tadA yihUdIyAH prAvOcan kimayam AtmaghAtaM kariSyati? yatO yat sthAnam ahaM yAsyAmi tat sthAnam yUyaM yAtuM na zakSyatha iti vAkyaM bravIti|
2b08170083	tatO yIzustEbhyaH kathitavAn yUyam adhaHsthAnIyA lOkA aham UrdvvasthAnIyaH yUyam EtajjagatsambandhIyA aham EtajjagatsambandhIyO na|
2b08180078	tasmAt kathitavAn yUyaM nijaiH pApai rmariSyatha yatOhaM sa pumAn iti yadi na vizvasitha tarhi nijaiH pApai rmariSyatha|
2b08190076	tadA tE 'pRcchan kastvaM? tatO yIzuH kathitavAn yuSmAkaM sannidhau yasya prastAvam A prathamAt karOmi saEva puruSOhaM|
2b081a0088	yuSmAsu mayA bahuvAkyaM vakttavyaM vicArayitavyanjca kintu matprErayitA satyavAdI tasya samIpE yadahaM zrutavAn tadEva jagatE kathayAmi|
2b081b0039	kintu sa janakE vAkyamidaM prOkttavAn iti tE nAbudhyanta|
2b081c00cd	tatO yIzurakathayad yadA manuSyaputram Urdvva utthApayiSyatha tadAhaM sa pumAn kEvalaH svayaM kimapi karmma na karOmi kintu tAtO yathA zikSayati tadanusArENa vAkyamidaM vadAmIti ca yUyaM jnjAtuM zakSyatha|
2b081d006c	matprErayitA pitA mAm EkAkinaM na tyajati sa mayA sArddhaM tiSThati yatOhaM tadabhimataM karmma sadA karOmi|
2b081e0037	tadA tasyaitAni vAkyAni zrutvA bahuvastAsmin vyazvasan|
2b081f002a	yE yihUdIyA vyazvasan yIzustEbhyO'kathayat
2b0820007c	mama vAkyE yadi yUyam AsthAM kurutha tarhi mama ziSyA bhUtvA satyatvaM jnjAsyatha tataH satyatayA yuSmAkaM mOkSO bhaviSyati|
2b08210082	tadA tE pratyavAdiSuH vayam ibrAhImO vaMzaH kadApi kasyApi dAsA na jAtAstarhi yuSmAkaM muktti rbhaviSyatIti vAkyaM kathaM bravISi?
2b0822005a	tadA yIzuH pratyavadad yuSmAnahaM yathArthataraM vadAmi yaH pApaM karOti sa pApasya dAsaH|
2b08230048	dAsazca nirantaraM nivEzanE na tiSThati kintu putrO nirantaraM tiSThati|
2b08240045	ataH putrO yadi yuSmAn mOcayati tarhi nitAntamEva mukttA bhaviSyatha|
2b08250083	yuyam ibrAhImO vaMza ityahaM jAnAmi kintu mama kathA yuSmAkam antaHkaraNESu sthAnaM na prApnuvanti tasmAddhEtO rmAM hantum IhadhvE|
2b0826006c	ahaM svapituH samIpE yadapazyaM tadEva kathayAmi tathA yUyamapi svapituH samIpE yadapazyata tadEva kurudhvE|
2b0827008b	tadA tE pratyavOcan ibrAhIm asmAkaM pitA tatO yIzurakathayad yadi yUyam ibrAhImaH santAnA abhaviSyata tarhi ibrAhIma AcAraNavad AcariSyata|
2b08280079	Izvarasya mukhAt satyaM vAkyaM zrutvA yuSmAn jnjApayAmi yOhaM taM mAM hantuM cESTadhvE ibrAhIm EtAdRzaM karmma na cakAra|
2b08290068	yUyaM svasvapituH karmmANi kurutha tadA tairukttaM na vayaM jArajAtA asmAkam EkaEva pitAsti sa EvEzvaraH
2b082a0097	tatO yIzunA kathitam IzvarO yadi yuSmAkaM tAtObhaviSyat tarhi yUyaM mayi prEmAkariSyata yatOham IzvarAnnirgatyAgatOsmi svatO nAgatOhaM sa mAM prAhiNOt|
2b082b0055	yUyaM mama vAkyamidaM na budhyadhvE kutaH? yatO yUyaM mamOpadEzaM sOPhuM na zaknutha|
2b082c0103	yUyaM zaitAn pituH santAnA EtasmAd yuSmAkaM piturabhilASaM pUrayatha sa A prathamAt naraghAtI tadantaH satyatvasya lEzOpi nAsti kAraNAdataH sa satyatAyAM nAtiSThat sa yadA mRSA kathayati tadA nijasvabhAvAnusArENaiva kathayati yatO sa mRSAbhASI mRSOtpAdakazca|
2b082d003c	ahaM tathyavAkyaM vadAmi kAraNAdasmAd yUyaM mAM na pratItha|
2b082e006d	mayi pApamastIti pramANaM yuSmAkaM kO dAtuM zaknOti? yadyahaM tathyavAkyaM vadAmi tarhi kutO mAM na pratitha?
2b082f0081	yaH kazcana IzvarIyO lOkaH sa IzvarIyakathAyAM manO nidhattE yUyam IzvarIyalOkA na bhavatha tannidAnAt tatra na manAMsi nidhadvE|
2b08300060	tadA yihUdIyAH pratyavAdiSuH tvamEkaH zOmirONIyO bhUtagrastazca vayaM kimidaM bhadraM nAvAdiSma?
2b08310061	tatO yIzuH pratyavAdIt nAhaM bhUtagrastaH kintu nijatAtaM sammanyE tasmAd yUyaM mAm apamanyadhvE|
2b08320044	ahaM svasukhyAtiM na cESTE kintu cESTitA vicArayitA cApara Eka AstE|
2b0833006b	ahaM yuSmabhyam atIva yathArthaM kathayAmi yO narO madIyaM vAcaM manyatE sa kadAcana nidhanaM na drakSyati|
2b083400b2	yihUdIyAstamavadan tvaM bhUtagrasta itIdAnIm avaiSma| ibrAhIm bhaviSyadvAdinanjca sarvvE mRtAH kintu tvaM bhASasE yO narO mama bhAratIM gRhlAti sa jAtu nidhAnAsvAdaM na lapsyatE|
2b0835007f	tarhi tvaM kim asmAkaM pUrvvapuruSAd ibrAhImOpi mahAn? yasmAt sOpi mRtaH bhaviSyadvAdinOpi mRtAH tvaM svaM kaM pumAMsaM manuSE?
2b0836009b	yIzuH pratyavOcad yadyahaM svaM svayaM sammanyE tarhi mama tat sammananaM kimapi na kintu mama tAtO yaM yUyaM svIyam IzvaraM bhASadhvE saEva mAM sammanutE|
2b083700a5	yUyaM taM nAvagacchatha kintvahaM tamavagacchAmi taM nAvagacchAmIti vAkyaM yadi vadAmi tarhi yUyamiva mRSAbhASI bhavAmi kintvahaM tamavagacchAmi tadAkSAmapi gRhlAmi|
2b08380055	yuSmAkaM pUrvvapuruSa ibrAhIm mama samayaM draSTum atIvAvAnjchat tannirIkSyAnandacca|
2b08390052	tadA yihUdIyA apRcchan tava vayaH panjcAzadvatsarA na tvaM kim ibrAhImam adrAkSIH?
2b083a0061	yIzuH pratyavAdId yuSmAnahaM yathArthataraM vadAmi ibrAhImO janmanaH pUrvvakAlamArabhyAhaM vidyE|
2b083b0070	tadA tE pASANAn uttOlya tamAhantum udayacchan kintu yIzu rguptO mantirAd bahirgatya tESAM madhyEna prasthitavAn|
2b0901003e	tataH paraM yIzurgacchan mArgamadhyE janmAndhaM naram apazyat|
2b09020052	tataH ziSyAstam apRcchan hE gurO narOyaM svapApEna vA svapitrAH pApEnAndhO'jAyata?
2b0903007f	tataH sa pratyuditavAn Etasya vAsya pitrOH pApAd EtAdRzObhUda iti nahi kintvanEna yathEzvarasya karmma prakAzyatE taddhEtOrEva|
2b09040065	dinE tiSThati matprErayituH karmma mayA karttavyaM yadA kimapi karmma na kriyatE tAdRzI nizAgacchati|
2b09050043	ahaM yAvatkAlaM jagati tiSThAmi tAvatkAlaM jagatO jyOtiHsvarUpOsmi|
2b09060036	ityukttA bhUmau niSThIvaM nikSipya tEna pagkaM kRtavAn
2b090700aa	pazcAt tatpagkEna tasyAndhasya nEtrE pralipya tamityAdizat gatvA zilOhE 'rthAt prEritanAmni sarasi snAhi| tatOndhO gatvA tatrAsnAt tataH prannacakSu rbhUtvA vyAghuTyAgAt|
2b09080094	aparanjca samIpavAsinO lOkA yE ca taM pUrvvamandham apazyan tE bakttum Arabhanta yOndhalOkO vartmanyupavizyAbhikSata sa EvAyaM janaH kiM na bhavati?
2b09090057	kEcidavadan sa Eva kEcidavOcan tAdRzO bhavati kintu sa svayamabravIt sa EvAhaM bhavAmi|
2b090a002f	ataEva tE 'pRcchan tvaM kathaM dRSTiM pAptavAn?
2b090b009f	tataH sOvadad yIzanAmaka EkO janO mama nayanE pagkEna pralipya ityAjnjApayat zilOhakAsAraM gatvA tatra snAhi| tatastatra gatvA mayi snAtE dRSTimahaM labdhavAn|
2b090c0036	tadA tE 'vadan sa pumAn kutra? tEnOkttaM nAhaM jAnAmi|
2b090d006b	aparaM tasmin pUrvvAndhE janE phirUzinAM nikaTam AnItE sati phirUzinOpi tamapRcchan kathaM dRSTiM prAptOsi?
2b090e004d	tataH sa kathitavAn sa pagkEna mama nEtrE 'limpat pazcAd snAtvA dRSTimalabhE|
2b090f0066	kintu yIzu rvizrAmavArE karddamaM kRtvA tasya nayanE prasannE'karOd itikAraNAt katipayaphirUzinO'vadan
2b09100088	sa pumAn IzvarAnna yataH sa vizrAmavAraM na manyatE| tatOnyE kEcit pratyavadan pApI pumAn kim EtAdRzam AzcaryyaM karmma karttuM zaknOti?
2b091100bf	itthaM tESAM parasparaM bhinnavAkyatvam abhavat| pazcAt tE punarapi taM pUrvvAndhaM mAnuSam aprAkSuH yO janastava cakSuSI prasannE kRtavAn tasmin tvaM kiM vadasi? sa ukttavAn sa bhavizadvAdI|
2b09120061	sa dRSTim AptavAn iti yihUdIyAstasya dRSTiM prAptasya janasya pitrO rmukhAd azrutvA na pratyayan|
2b0913006b	ataEva tE tAvapRcchan yuvayO ryaM putraM janmAndhaM vadathaH sa kimayaM? tarhIdAnIM kathaM draSTuM zaknOti?
2b09140055	tatastasya pitarau pratyavOcatAm ayam AvayOH putra A janErandhazca tadapyAvAM jAnIvaH
2b0915009e	kintvadhunA kathaM dRSTiM prAptavAn tadAvAM n jAnIvaH kOsya cakSuSI prasannE kRtavAn tadapi na jAnIva ESa vayaHprApta EnaM pRcchata svakathAM svayaM vakSyati|
2b091600a8	yihUdIyAnAM bhayAt tasya pitarau vAkyamidam avadatAM yataH kOpi manuSyO yadi yIzum abhiSiktaM vadati tarhi sa bhajanagRhAd dUrIkAriSyatE yihUdIyA iti mantraNAm akurvvan
2b0917003b	atastasya pitarau vyAharatAm ESa vayaHprApta EnaM pRcchata|
2b09180066	tadA tE punazca taM pUrvvAndham AhUya vyAharan Izvarasya guNAn vada ESa manuSyaH pApIti vayaM jAnImaH|
2b09190060	tadA sa ukttavAn sa pApI na vEti nAhaM jAnE pUrvAmandha Asamaham adhunA pazyAmIti mAtraM jAnAmi|
2b091a0047	tE punarapRcchan sa tvAM prati kimakarOt? kathaM nEtrE prasannE 'karOt?
2b091b007e	tataH sOvAdId EkakRtvOkathayaM yUyaM na zRNutha tarhi kutaH punaH zrOtum icchatha? yUyamapi kiM tasya ziSyA bhavitum icchatha?
2b091c0044	tadA tE taM tiraskRtya vyAharan tvaM tasya ziSyO vayaM mUsAH ziSyAH|
2b091d0049	mUsAvaktrENEzvarO jagAda tajjAnImaH kintvESa kutratyalOka iti na jAnImaH|
2b091e0069	sOvadad ESa mama lOcanE prasannE 'karOt tathApi kutratyalOka iti yUyaM na jAnItha Etad AzcaryyaM bhavati|
2b091f0083	IzvaraH pApinAM kathAM na zRNOti kintu yO janastasmin bhaktiM kRtvA tadiSTakriyAM karOti tasyaiva kathAM zRNOti Etad vayaM jAnImaH|
2b0920005a	kOpi manuSyO janmAndhAya cakSuSI adadAt jagadArambhAd EtAdRzIM kathAM kOpi kadApi nAzRNOt|
2b09210053	asmAd ESa manuSyO yadIzvarAnnAjAyata tarhi kinjcidapIdRzaM karmma karttuM nAzaknOt|
2b09220055	tE vyAharan tvaM pApAd ajAyathAH kimasmAn tvaM zikSayasi? pazcAttE taM bahirakurvvan|
2b0923007b	tadanantaraM yihUdIyaiH sa bahirakriyata yIzuriti vArttAM zrutvA taM sAkSAt prApya pRSTavAn Izvarasya putrE tvaM vizvasiSi?
2b0924003e	tadA sa pratyavOcat hE prabhO sa kO yat tasminnahaM vizvasimi?
2b09250053	tatO yIzuH kathitavAn tvaM taM dRSTavAn tvayA sAkaM yaH kathaM kathayati saEva saH|
2b09260030	tadA hE prabhO vizvasimItyuktvA sa taM praNAmat|
2b09270074	pazcAd yIzuH kathitavAn nayanahInA nayanAni prApnuvanti nayanavantazcAndhA bhavantItyabhiprAyENa jagadAham Agaccham|
2b09280048	Etat zrutvA nikaTasthAH katipayAH phirUzinO vyAharan vayamapi kimandhAH?
2b09290072	tadA yIzuravAdId yadyandhA abhavata tarhi pApAni nAtiSThan kintu pazyAmIti vAkyavadanAd yuSmAkaM pApAni tiSThanti|
2b0a010074	ahaM yuSmAnatiyathArthaM vadAmi, yO janO dvArENa na pravizya kEnApyanyEna mESagRhaM pravizati sa Eva stEnO dasyuzca|
2b0a020028	yO dvArENa pravizati sa Eva mESapAlakaH|
2b0a030073	dauvArikastasmai dvAraM mOcayati mESagaNazca tasya vAkyaM zRNOti sa nijAn mESAn svasvanAmnAhUya bahiH kRtvA nayati|
2b0a040079	tathA nijAn mESAn bahiH kRtvA svayaM tESAm agrE gacchati, tatO mESAstasya zabdaM budhyantE, tasmAt tasya pazcAd vrajanti|
2b0a050063	kintu parasya zabdaM na budhyantE tasmAt tasya pazcAd vrajiSyanti varaM tasya samIpAt palAyiSyantE|
2b0a06005e	yIzustEbhya imAM dRSTAntakathAm akathayat kintu tEna kathitakathAyAstAtparyyaM tE nAbudhyanta|
2b0a07005a	atO yIzuH punarakathayat, yuSmAnAhaM yathArthataraM vyAharAmi, mESagRhasya dvAram ahamEva|
2b0a080051	mayA na pravizya ya Agacchan tE stEnA dasyavazca kintu mESAstESAM kathA nAzRNvan|
2b0a090084	ahamEva dvArasvarUpaH, mayA yaH kazcita pravizati sa rakSAM prApsyati tathA bahirantazca gamanAgamanE kRtvA caraNasthAnaM prApsyati|
2b0a0a007d	yO janastEnaH sa kEvalaM stainyabadhavinAzAn karttumEva samAyAti kintvaham Ayu rdAtum arthAt bAhUlyEna tadEva dAtum Agaccham|
2b0a0b0050	ahamEva satyamESapAlakO yastu satyO mESapAlakaH sa mESArthaM prANatyAgaM karOti;
2b0a0c00b6	kintu yO janO mESapAlakO na, arthAd yasya mESA nijA na bhavanti, ya EtAdRzO vaitanikaH sa vRkam AgacchantaM dRSTvA mEjavrajaM vihAya palAyatE, tasmAd vRkastaM vrajaM dhRtvA vikirati|
2b0a0d003f	vaitanikaH palAyatE yataH sa vEtanArthI mESArthaM na cintayati|
2b0a0e004f	ahamEva satyO mESapAlakaH, pitA mAM yathA jAnAti, ahanjca yathA pitaraM jAnAmi,
2b0a0f0057	tathA nijAn mESAnapi jAnAmi, mESAzca mAM jAnAnti, ahanjca mESArthaM prANatyAgaM karOmi|
2b0a100090	aparanjca Etad gRhIya mESEbhyO bhinnA api mESA mama santi tE sakalA AnayitavyAH; tE mama zabdaM zrOSyanti tata EkO vraja EkO rakSakO bhaviSyati|
2b0a11004b	prANAnahaM tyaktvA punaH prANAn grahISyAmi, tasmAt pitA mayi snEhaM karOti|
2b0a12009e	kazcijjanO mama prANAn hantuM na zaknOti kintu svayaM tAn samarpayAmi tAn samarpayituM punargrahItunjca mama zaktirAstE bhAramimaM svapituH sakAzAt prAptOham|
2b0a13003c	asmAdupadEzAt punazca yihUdIyAnAM madhyE bhinnavAkyatA jAtA|
2b0a14004c	tatO bahavO vyAharan ESa bhUtagrasta unmattazca, kuta Etasya kathAM zRNutha?
2b0a150067	kEcid avadan Etasya kathA bhUtagrastasya kathAvanna bhavanti, bhUtaH kim andhAya cakSuSI dAtuM zaknOti?
2b0a160032	zItakAlE yirUzAlami mandirOtsargaparvvaNyupasthitE
2b0a17002d	yIzuH sulEmAnO niHsArENa gamanAgamanE karOti,
2b0a18008a	Etasmin samayE yihUdIyAstaM vESTayitvA vyAharan kati kAlAn asmAkaM vicikitsAM sthApayiSyAmi? yadyabhiSiktO bhavati tarhi tat spaSTaM vada|
2b0a190083	tadA yIzuH pratyavadad aham acakathaM kintu yUyaM na pratItha, nijapitu rnAmnA yAM yAM kriyAM karOmi sA kriyaiva mama sAkSisvarUpA|
2b0a1a0053	kintvahaM pUrvvamakathayaM yUyaM mama mESA na bhavatha, kAraNAdasmAn na vizvasitha|
2b0a1b004a	mama mESA mama zabdaM zRNvanti tAnahaM jAnAmi tE ca mama pazcAd gacchanti|
2b0a1c005d	ahaM tEbhyO'nantAyu rdadAmi, tE kadApi na naMkSyanti kOpi mama karAt tAn harttuM na zakSyati|
2b0a1d0064	yO mama pitA tAn mahyaM dattavAn sa sarvvasmAt mahAn, kOpi mama pituH karAt tAn harttuM na zakSyati|
2b0a1e001b	ahaM pitA ca dvayOrEkatvam|
2b0a1f0036	tatO yihUdIyAH punarapi taM hantuM pASANAn udatOlayan|
2b0a200087	yIzuH kathitavAn pituH sakAzAd bahUnyuttamakarmmANi yuSmAkaM prAkAzayaM tESAM kasya karmmaNaH kAraNAn mAM pASANairAhantum udyatAH stha?
2b0a210081	yihUdIyAH pratyavadan prazastakarmmahEtO rna kintu tvaM mAnuSaH svamIzvaram uktvEzvaraM nindasi kAraNAdasmAt tvAM pASANairhanmaH|
2b0a220062	tadA yIzuH pratyuktavAn mayA kathitaM yUyam IzvarA EtadvacanaM yuSmAkaM zAstrE likhitaM nAsti kiM?
2b0a230073	tasmAd yESAm uddEzE Izvarasya kathA kathitA tE yadIzvaragaNA ucyantE dharmmagranthasyApyanyathA bhavituM na zakyaM,
2b0a24007e	tarhyAham Izvarasya putra iti vAkyasya kathanAt yUyaM pitrAbhiSiktaM jagati prEritanjca pumAMsaM katham IzvaranindakaM vAdaya?
2b0a250035	yadyahaM pituH karmma na karOmi tarhi mAM na pratIta;
2b0a260095	kintu yadi karOmi tarhi mayi yuSmAbhiH pratyayE na kRtE'pi kAryyE pratyayaH kriyatAM, tatO mayi pitAstIti pitaryyaham asmIti ca kSAtvA vizvasiSyatha|
2b0a270049	tadA tE punarapi taM dharttum acESTanta kintu sa tESAM karEbhyO nistIryya
2b0a28004a	puna ryarddan adyAstaTE yatra purvvaM yOhan amajjayat tatrAgatya nyavasat|
2b0a29008e	tatO bahavO lOkAstatsamIpam Agatya vyAharan yOhan kimapyAzcaryyaM karmma nAkarOt kintvasmin manuSyE yA yaH kathA akathayat tAH sarvvAH satyAH;
2b0a2a0026	tatra ca bahavO lOkAstasmin vyazvasan|
2b0b010073	anantaraM mariyam tasyA bhaginI marthA ca yasmin vaithanIyAgrAmE vasatastasmin grAmE iliyAsar nAmA pIPita Eka AsIt|
2b0b02006f	yA mariyam prabhuM sugandhitElaina marddayitvA svakEzaistasya caraNau samamArjat tasyA bhrAtA sa iliyAsar rOgI|
2b0b03006d	aparanjca hE prabhO bhavAn yasmin prIyatE sa Eva pIPitOstIti kathAM kathayitvA tasya bhaginyau prESitavatyau|
2b0b040083	tadA yIzurimAM vArttAM zrutvAkathayata pIPEyaM maraNArthaM na kintvIzvarasya mahimArtham Izvaraputrasya mahimaprakAzArthanjca jAtA|
2b0b050038	yIzu ryadyapimarthAyAM tadbhaginyAm iliyAsari cAprIyata,
2b0b060050	tathApi iliyAsaraH pIPAyAH kathaM zrutvA yatra AsIt tatraiva dinadvayamatiSThat|
2b0b070042	tataH param sa ziSyAnakathayad vayaM puna ryihUdIyapradEzaM yAmaH|
2b0b080075	tatastE pratyavadan, hE gurO svalpadinAni gatAni yihUdIyAstvAM pASANai rhantum udyatAstathApi kiM punastatra yAsyasi?
2b0b090082	yIzuH pratyavadat, Ekasmin dinE kiM dvAdazaghaTikA na bhavanti? kOpi divA gacchan na skhalati yataH sa EtajjagatO dIptiM prApnOti|
2b0b0a003b	kintu rAtrau gacchan skhalati yatO hEtOstatra dIpti rnAsti|
2b0b0b0072	imAM kathAM kathayitvA sa tAnavadad, asmAkaM bandhuH iliyAsar nidritObhUd idAnIM taM nidrAtO jAgarayituM gacchAmi|
2b0b0c0065	yIzu rmRtau kathAmimAM kathitavAn kintu vizrAmArthaM nidrAyAM kathitavAn iti jnjAtvA ziSyA akathayan,
2b0b0d0029	hE gurO sa yadi nidrAti tarhi bhadramEva|
2b0b0e0033	tadA yIzuH spaSTaM tAn vyAharat, iliyAsar amriyata;
2b0b0f007b	kintu yUyaM yathA pratItha tadarthamahaM tatra na sthitavAn ityasmAd yuSmannimittam AhlAditOhaM, tathApi tasya samIpE yAma|
2b0b100061	tadA thOmA yaM didumaM vadanti sa sagginaH ziSyAn avadad vayamapi gatvA tEna sArddhaM mriyAmahai|
2b0b110059	yIzustatrOpasthAya iliyAsaraH zmazAnE sthApanAt catvAri dinAni gatAnIti vArttAM zrutavAn|
2b0b120037	vaithanIyA yirUzAlamaH samIpasthA krOzaikamAtrAntaritA;
2b0b130060	tasmAd bahavO yihUdIyA marthAM mariyamanjca bhyAtRzOkApannAM sAntvayituM tayOH samIpam Agacchan|
2b0b140059	marthA yIzOrAgamanavArtAM zrutvaiva taM sAkSAd akarOt kintu mariyam gEha upavizya sthitA|
2b0b150059	tadA marthA yIzumavAdat, hE prabhO yadi bhavAn atrAsthAsyat tarhi mama bhrAtA nAmariSyat|
2b0b160047	kintvidAnImapi yad IzvarE prArthayiSyatE Izvarastad dAsyatIti jAnE'haM|
2b0b170026	yIzuravAdIt tava bhrAtA samutthAsyati|
2b0b180044	marthA vyAharat zESadivasE sa utthAnasamayE prOtthAsyatIti jAnE'haM|
2b0b190066	tadA yIzuH kathitavAn ahamEva utthApayitA jIvayitA ca yaH kazcana mayi vizvasiti sa mRtvApi jIviSyati;
2b0b1a0059	yaH kazcana ca jIvan mayi vizvasiti sa kadApi na mariSyati, asyAM kathAyAM kiM vizvasiSi?
2b0b1b0055	sAvadat prabhO yasyAvataraNApEkSAsti bhavAn saEvAbhiSiktta Izvaraputra iti vizvasimi|
2b0b1c006c	iti kathAM kathayitvA sA gatvA svAM bhaginIM mariyamaM guptamAhUya vyAharat gururupatiSThati tvAmAhUyati ca|
2b0b1d003b	kathAmimAM zrutvA sA tUrNam utthAya tasya samIpam agacchat|
2b0b1e004e	yIzu rgrAmamadhyaM na pravizya yatra marthA taM sAkSAd akarOt tatra sthitavAn|
2b0b1f00aa	yE yihUdIyA mariyamA sAkaM gRhE tiSThantastAm asAntvayana tE tAM kSipram utthAya gacchantiM vilOkya vyAharan, sa zmazAnE rOdituM yAti, ityuktvA tE tasyAH pazcAd agacchan|
2b0b200098	yatra yIzuratiSThat tatra mariyam upasthAya taM dRSTvA tasya caraNayOH patitvA vyAharat hE prabhO yadi bhavAn atrAsthAsyat tarhi mama bhrAtA nAmariSyat|
2b0b210072	yIzustAM tasyAH sagginO yihUdIyAMzca rudatO vilOkya zOkArttaH san dIrghaM nizvasya kathitavAn taM kutrAsthApayata?
2b0b22002d	tE vyAharan, hE prabhO bhavAn Agatya pazyatu|
2b0b230011	yIzunA kranditaM|
2b0b240039	ataEva yihUdIyA avadan, pazyatAyaM tasmin kidRg apriyata|
2b0b250055	tESAM kEcid avadan yOndhAya cakSuSI dattavAn sa kim asya mRtyuM nivArayituM nAzaknOt?
2b0b260072	tatO yIzuH punarantardIrghaM nizvasya zmazAnAntikam agacchat| tat zmazAnam EkaM gahvaraM tanmukhE pASANa Eka AsIt|
2b0b2700a1	tadA yIzuravadad EnaM pASANam apasArayata, tataH pramItasya bhaginI marthAvadat prabhO, adhunA tatra durgandhO jAtaH, yatOdya catvAri dinAni zmazAnE sa tiSThati|
2b0b28006a	tadA yIzuravAdIt, yadi vizvasiSi tarhIzvarasya mahimaprakAzaM drakSyasi kathAmimAM kiM tubhyaM nAkathayaM?
2b0b290085	tadA mRtasya zmazAnAt pASANO'pasAritE yIzurUrdvvaM pazyan akathayat, hE pita rmama nEvEsanam azRNOH kAraNAdasmAt tvAM dhanyaM vadAmi|
2b0b2a008c	tvaM satataM zRNOSi tadapyahaM jAnAmi, kintu tvaM mAM yat prairayastad yathAsmin sthAnE sthitA lOkA vizvasanti tadartham idaM vAkyaM vadAmi|
2b0b2b0044	imAM kathAM kathayitvA sa prOccairAhvayat, hE iliyAsar bahirAgaccha|
2b0b2c0092	tataH sa pramItaH zmazAnavastrai rbaddhahastapAdO gAtramArjanavAsasA baddhamukhazca bahirAgacchat| yIzuruditavAn bandhanAni mOcayitvA tyajatainaM|
2b0b2d005b	mariyamaH samIpam AgatA yE yihUdIyalOkAstadA yIzOrEtat karmmApazyan tESAM bahavO vyazvasan,
2b0b2e004d	kintu kEcidanyE phirUzinAM samIpaM gatvA yIzOrEtasya karmmaNO vArttAm avadan|
2b0b2f007b	tataH paraM pradhAnayAjakAH phirUzinAzca sabhAM kRtvA vyAharan vayaM kiM kurmmaH? ESa mAnavO bahUnyAzcaryyakarmmANi karOti|
2b0b300090	yadIdRzaM karmma karttuM na vArayAmastarhi sarvvE lOkAstasmin vizvasiSyanti rOmilOkAzcAgatyAsmAkam anayA rAjadhAnyA sArddhaM rAjyam AchEtsyanti|
2b0b31006a	tadA tESAM kiyaphAnAmA yastasmin vatsarE mahAyAjakapadE nyayujyata sa pratyavadad yUyaM kimapi na jAnItha;
2b0b320077	samagradEzasya vinAzatOpi sarvvalOkArtham Ekasya janasya maraNam asmAkaM maggalahEtukam Etasya vivEcanAmapi na kurutha|
2b0b33002b	EtAM kathAM sa nijabuddhyA vyAharad iti na,
2b0b3400cd	kintu yIzUstaddEzIyAnAM kAraNAt prANAn tyakSyati, dizi dizi vikIrNAn Izvarasya santAnAn saMgRhyaikajAtiM kariSyati ca, tasmin vatsarE kiyaphA mahAyAjakatvapadE niyuktaH san idaM bhaviSyadvAkyaM kathitavAn|
2b0b35004f	taddinamArabhya tE kathaM taM hantuM zaknuvantIti mantraNAM karttuM prArEbhirE|
2b0b3600aa	ataEva yihUdIyAnAM madhyE yIzuH saprakAzaM gamanAgamanE akRtvA tasmAd gatvA prAntarasya samIpasthAyipradEzasyEphrAyim nAmni nagarE ziSyaiH sAkaM kAlaM yApayituM prArEbhE|
2b0b37008e	anantaraM yihUdIyAnAM nistArOtsavE nikaTavarttini sati tadutsavAt pUrvvaM svAn zucIn karttuM bahavO janA grAmEbhyO yirUzAlam nagaram Agacchan,
2b0b380085	yIzOranvESaNaM kRtvA mandirE daNPAyamAnAH santaH parasparaM vyAharan, yuSmAkaM kIdRzO bOdhO jAyatE? sa kim utsavE'smin atrAgamiSyati?
2b0b39007e	sa ca kutrAsti yadyEtat kazcid vEtti tarhi darzayatu pradhAnayAjakAH phirUzinazca taM dharttuM pUrvvam imAm AjnjAM prAcArayan|
2b0c010089	nistArOtsavAt pUrvvaM dinaSaTkE sthitE yIzu ryaM pramItam iliyAsaraM zmazAnAd udasthAparat tasya nivAsasthAnaM baithaniyAgrAmam Agacchat|
2b0c020074	tatra tadarthaM rajanyAM bhOjyE kRtE marthA paryyavESayad iliyAsar ca tasya saggibhiH sArddhaM bhOjanAsana upAvizat|
2b0c0300a7	tadA mariyam arddhasETakaM bahumUlyaM jaTAmAMsIyaM tailam AnIya yIzOzcaraNayO rmarddayitvA nijakEza rmArSTum Arabhata; tadA tailasya parimalEna gRham AmOditam abhavat|
2b0c040064	yaH zimOnaH putra riSkariyOtIyO yihUdAnAmA yIzuM parakarESu samarpayiSyati sa ziSyastadA kathitavAn,
2b0c05004e	EtattailaM tribhiH zatai rmudrApadai rvikrItaM sad daridrEbhyaH kutO nAdIyata?
2b0c0600a0	sa daridralOkArtham acintayad iti na, kintu sa caura EvaM tannikaTE mudrAsampuTakasthityA tanmadhyE yadatiSThat tadapAharat tasmAt kAraNAd imAM kathAmakathayat|
2b0c070051	tadA yIzurakathayad EnAM mA vAraya sA mama zmazAnasthApanadinArthaM tadarakSayat|
2b0c080060	daridrA yuSmAkaM sannidhau sarvvadA tiSThanti kintvahaM sarvvadA yuSmAkaM sannidhau na tiSThAmi|
2b0c09007e	tataH paraM yIzustatrAstIti vArttAM zrutvA bahavO yihUdIyAstaM zmazAnAdutthApitam iliyAsaranjca draSTuM tat sthAnam Agacchana|
2b0c0a003c	tadA pradhAnayAjakAstam iliyAsaramapi saMharttum amantrayan;
2b0c0b0030	yatastEna bahavO yihUdIyA gatvA yIzau vyazvasan|
2b0c0c005e	anantaraM yIzu ryirUzAlam nagaram AgacchatIti vArttAM zrutvA parE'hani utsavAgatA bahavO lOkAH
2b0c0d009b	kharjjUrapatrAdyAnIya taM sAkSAt karttuM bahirAgatya jaya jayEti vAcaM prOccai rvaktum Arabhanta, isrAyElO yO rAjA paramEzvarasya nAmnAgacchati sa dhanyaH|
2b0c0e0055	tadA "hE siyOnaH kanyE mA bhaiSIH pazyAyaM tava rAjA garddabhazAvakam AruhyAgacchati"
2b0c0f004b	iti zAstrIyavacanAnusArENa yIzurEkaM yuvagarddabhaM prApya taduparyyArOhat|
2b0c1000aa	asyAH ghaTanAyAstAtparyyaM ziSyAH prathamaM nAbudhyanta, kintu yIzau mahimAnaM prAptE sati vAkyamidaM tasmina akathyata lOkAzca tampratIttham akurvvan iti tE smRtavantaH|
2b0c110082	sa iliyAsaraM zmazAnAd Agantum AhvatavAn zmazAnAnjca udasthApayad yE yE lOkAstatkarmya sAkSAd apazyan tE pramANaM dAtum Arabhanta|
2b0c120053	sa EtAdRzam adbhutaM karmmakarOt tasya janazrutE rlOkAstaM sAkSAt karttum Agacchan|
2b0c13009c	tataH phirUzinaH parasparaM vaktum Arabhanta yuSmAkaM sarvvAzcESTA vRthA jAtAH, iti kiM yUyaM na budhyadhvE? pazyata sarvvE lOkAstasya pazcAdvarttinObhavan|
2b0c140045	bhajanaM karttum utsavAgatAnAM lOkAnAM katipayA janA anyadEzIyA Asan,
2b0c15006a	tE gAlIlIyabaitsaidAnivAsinaH philipasya samIpam Agatya vyAharan hE mahEccha vayaM yIzuM draSTum icchAmaH|
2b0c160056	tataH philipO gatvA Andriyam avadat pazcAd Andriyaphilipau yIzavE vArttAm akathayatAM|
2b0c170045	tadA yIzuH pratyuditavAn mAnavasutasya mahimaprAptisamaya upasthitaH|
2b0c180094	ahaM yuSmAnatiyathArthaM vadAmi, dhAnyabIjaM mRttikAyAM patitvA yadi na mRyatE tarhyEkAkI tiSThati kintu yadi mRyatE tarhi bahuguNaM phalaM phalati|
2b0c190086	yO janE nijaprANAn priyAn jAnAti sa tAn hArayiSyati kintu yE jana ihalOkE nijaprANAn apriyAn jAnAti sEnantAyuH prAptuM tAn rakSiSyati|
2b0c1a00b6	kazcid yadi mama sEvakO bhavituM vAnjchati tarhi sa mama pazcAdgAmI bhavatu, tasmAd ahaM yatra tiSThAmi mama sEvakEpi tatra sthAsyati; yO janO mAM sEvatE mama pitApi taM sammaMsyatE|
2b0c1b0093	sAmprataM mama prANA vyAkulA bhavanti, tasmAd hE pitara EtasmAt samayAn mAM rakSa, ityahaM kiM prArthayiSyE? kintvaham EtatsamayArtham avatIrNavAn|
2b0c1c0092	hE pita: svanAmnO mahimAnaM prakAzaya; tanaiva svanAmnO mahimAnam ahaM prAkAzayaM punarapi prakAzayiSyAmi, ESA gagaNIyA vANI tasmin samayE'jAyata|
2b0c1d006b	taczrutvA samIpasthalOkAnAM kEcid avadan mEghO'garjIt, kEcid avadan svargIyadUtO'nEna saha kathAmacakathat|
2b0c1e0046	tadA yIzuH pratyavAdIt, madarthaM zabdOyaM nAbhUt yuSmadarthamEvAbhUt|
2b0c1f004d	adhunA jagatOsya vicAra: sampatsyatE, adhunAsya jagata: patI rAjyAt cyOSyati|
2b0c200053	yadyaI pRthivyA UrdvvE prOtthApitOsmi tarhi sarvvAn mAnavAn svasamIpam AkarSiSyAmi|
2b0c210048	kathaM tasya mRti rbhaviSyati, Etad bOdhayituM sa imAM kathAm akathayat|
2b0c2200ad	tadA lOkA akathayan sObhiSiktaH sarvvadA tiSThatIti vyavasthAgranthE zrutam asmAbhiH, tarhi manuSyaputraH prOtthApitO bhaviSyatIti vAkyaM kathaM vadasi? manuSyaputrOyaM kaH?
2b0c2300e2	tadA yIzurakathAyad yuSmAbhiH sArddham alpadinAni jyOtirAstE, yathA yuSmAn andhakArO nAcchAdayati tadarthaM yAvatkAlaM yuSmAbhiH sArddhaM jyOtistiSThati tAvatkAlaM gacchata; yO janO'ndhakArE gacchati sa kutra yAtIti na jAnAti|
2b0c2400a2	ataEva yAvatkAlaM yuSmAkaM nikaTE jyOtirAstE tAvatkAlaM jyOtIrUpasantAnA bhavituM jyOtiSi vizvasita; imAM kathAM kathayitvA yIzuH prasthAya tEbhyaH svaM guptavAn|
2b0c25005a	yadyapi yIzustESAM samakSam EtAvadAzcaryyakarmmANi kRtavAn tathApi tE tasmin na vyazvasan|
2b0c2600a6	ataEva kaH pratyEti susaMvAdaM parEzAsmat pracAritaM? prakAzatE parEzasya hastaH kasya ca sannidhau? yizayiyabhaviSyadvAdinA yadEtad vAkyamuktaM tat saphalam abhavat|
2b0c270041	tE pratyEtuM nAzankuvan tasmin yizayiyabhaviSyadvAdi punaravAdId,
2b0c2800c4	yadA, "tE nayanai rna pazyanti buddhibhizca na budhyantE tai rmanaHsu parivarttitESu ca tAnahaM yathA svasthAn na karOmi tathA sa tESAM lOcanAnyandhAni kRtvA tESAmantaHkaraNAni gAPhAni kariSyati|"
2b0c290064	yizayiyO yadA yIzO rmahimAnaM vilOkya tasmin kathAmakathayat tadA bhaviSyadvAkyam IdRzaM prakAzayat|
2b0c2a007c	tathApyadhipatinAM bahavastasmin pratyAyan| kintu phirUzinastAn bhajanagRhAd dUrIkurvvantIti bhayAt tE taM na svIkRtavantaH|
2b0c2b003c	yata Izvarasya prazaMsAtO mAnavAnAM prazaMsAyAM tE'priyanta|
2b0c2c0071	tadA yIzuruccaiHkAram akathayad yO janO mayi vizvasiti sa kEvalE mayi vizvasitIti na, sa matprErakE'pi vizvasiti|
2b0c2d002e	yO janO mAM pazyati sa matprErakamapi pazyati|
2b0c2e006e	yO janO mAM pratyEti sa yathAndhakArE na tiSThati tadartham ahaM jyOtiHsvarUpO bhUtvA jagatyasmin avatIrNavAn|
2b0c2f009d	mama kathAM zrutvA yadi kazcin na vizvasiti tarhi tamahaM dOSiNaM na karOmi, yatO hEtO rjagatO janAnAM dOSAn nizcitAn karttuM nAgatya tAn paricAtum AgatOsmi|
2b0c30009d	yaH kazcin mAM na zraddhAya mama kathaM na gRhlAti, anyastaM dOSiNaM kariSyati vastutastu yAM kathAmaham acakathaM sA kathA caramE'nhi taM dOSiNaM kariSyati|
2b0c310081	yatO hEtOrahaM svataH kimapi na kathayAmi, kiM kiM mayA kathayitavyaM kiM samupadESTavyanjca iti matprErayitA pitA mAmAjnjApayat|
2b0c32006d	tasya sAjnjA anantAyurityahaM jAnAmi, ataEvAhaM yat kathayAmi tat pitA yathAjnjApayat tathaiva kathayAmyaham|
2b0d0100c8	nistArOtsavasya kinjcitkAlAt pUrvvaM pRthivyAH pituH samIpagamanasya samayaH sannikarSObhUd iti jnjAtvA yIzurAprathamAd yESu jagatpravAsiSvAtmIyalOkESa prEma karOti sma tESu zESaM yAvat prEma kRtavAn|
2b0d02009b	pitA tasya hastE sarvvaM samarpitavAn svayam Izvarasya samIpAd Agacchad Izvarasya samIpaM yAsyati ca, sarvvANyEtAni jnjAtvA rajanyAM bhOjanE sampUrNE sati,
2b0d030074	yadA zaitAn taM parahastESu samarpayituM zimOnaH putrasya ISkAriyOtiyasya yihUdA antaHkaraNE kupravRttiM samArpayat,
2b0d04006a	tadA yIzu rbhOjanAsanAd utthAya gAtravastraM mOcayitvA gAtramArjanavastraM gRhItvA tEna svakaTim abadhnAt,
2b0d05006e	pazcAd EkapAtrE jalam abhiSicya ziSyANAM pAdAn prakSAlya tEna kaTibaddhagAtramArjanavAsasA mArSTuM prArabhata|
2b0d06005d	tataH zimOnpitarasya samIpamAgatE sa uktavAn hE prabhO bhavAn kiM mama pAdau prakSAlayiSyati?
2b0d07004c	yIzuruditavAn ahaM yat karOmi tat samprati na jAnAsi kintu pazcAj jnjAsyasi|
2b0d08008c	tataH pitaraH kathitavAn bhavAn kadApi mama pAdau na prakSAlayiSyati| yIzurakathayad yadi tvAM na prakSAlayE tarhi mayi tava kOpyaMzO nAsti|
2b0d09005e	tadA zimOnpitaraH kathitavAn hE prabhO tarhi kEvalapAdau na, mama hastau zirazca prakSAlayatu|
2b0d0a0093	tatO yIzuravadad yO janO dhautastasya sarvvAggapariSkRtatvAt pAdau vinAnyAggasya prakSAlanApEkSA nAsti| yUyaM pariSkRtA iti satyaM kintu na sarvvE,
2b0d0b0076	yatO yO janastaM parakarESu samarpayiSyati taM sa jnjAtavAna; ataEva yUyaM sarvvE na pariSkRtA imAM kathAM kathitavAn|
2b0d0c007a	itthaM yIzustESAM pAdAn prakSAlya vastraM paridhAyAsanE samupavizya kathitavAn ahaM yuSmAn prati kiM karmmAkArSaM jAnItha?
2b0d0d004f	yUyaM mAM guruM prabhunjca vadatha tat satyamEva vadatha yatOhaM saEva bhavAmi|
2b0d0e006e	yadyahaM prabhu rguruzca san yuSmAkaM pAdAn prakSAlitavAn tarhi yuSmAkamapi parasparaM pAdaprakSAlanam ucitam|
2b0d0f0057	ahaM yuSmAn prati yathA vyavAharaM yuSmAn tathA vyavaharttum EkaM panthAnaM darzitavAn|
2b0d100053	ahaM yuSmAnatiyathArthaM vadAmi, prabhO rdAsO na mahAn prErakAcca prEritO na mahAn|
2b0d110057	imAM kathAM viditvA yadi tadanusArataH karmmANi kurutha tarhi yUyaM dhanyA bhaviSyatha|
2b0d1200ef	sarvvESu yuSmAsu kathAmimAM kathayAmi iti na, yE mama manOnItAstAnahaM jAnAmi, kintu mama bhakSyANi yO bhugktE matprANaprAtikUlyataH| utthApayati pAdasya mUlaM sa ESa mAnavaH|yadEtad dharmmapustakasya vacanaM tadanusArENAvazyaM ghaTiSyatE|
2b0d130074	ahaM sa jana ityatra yathA yuSmAkaM vizvAsO jAyatE tadarthaM EtAdRzaghaTanAt pUrvvam ahamidAnIM yuSmabhyamakathayam|
2b0d14007e	ahaM yuSmAnatIva yathArthaM vadAmi, mayA prEritaM janaM yO gRhlAti sa mAmEva gRhlAti yazca mAM gRhlAti sa matprErakaM gRhlAti|
2b0d150093	EtAM kathAM kathayitvA yIzu rduHkhI san pramANaM dattvA kathitavAn ahaM yuSmAnatiyathArthaM vadAmi yuSmAkam EkO janO mAM parakarESu samarpayiSyati|
2b0d16006c	tataH sa kamuddizya kathAmEtAM kathitavAn ityatra sandigdhAH ziSyAH parasparaM mukhamAlOkayituM prArabhanta|
2b0d17004c	tasmin samayE yIzu ryasmin aprIyata sa ziSyastasya vakSaHsthalam avAlambata|
2b0d18004e	zimOnpitarastaM sagkEtEnAvadat, ayaM kamuddizya kathAmEtAm kathayatIti pRccha|
2b0d190048	tadA sa yIzO rvakSaHsthalam avalambya pRSThavAn, hE prabhO sa janaH kaH?
2b0d1a009f	tatO yIzuH pratyavadad EkakhaNPaM pUpaM majjayitvA yasmai dAsyAmi saEva saH; pazcAt pUpakhaNPamEkaM majjayitvA zimOnaH putrAya ISkariyOtIyAya yihUdai dattavAn|
2b0d1b005e	tasmin dattE sati zaitAn tamAzrayat; tadA yIzustam avadat tvaM yat kariSyasi tat kSipraM kuru|
2b0d1c004c	kintu sa yEnAzayEna tAM kathAmakathAyat tam upaviSTalOkAnAM kOpi nAbudhyata;
2b0d1d009a	kintu yihUdAH samIpE mudrAsampuTakasthitEH kEcid ittham abudhyanta pArvvaNAsAdanArthaM kimapi dravyaM krEtuM vA daridrEbhyaH kinjcid vitarituM kathitavAn|
2b0d1e004c	tadA pUpakhaNPagrahaNAt paraM sa tUrNaM bahiragacchat; rAtrizca samupasyitA|
2b0d1f0066	yihUdE bahirgatE yIzurakathayad idAnIM mAnavasutasya mahimA prakAzatE tEnEzvarasyApi mahimA prakAzatE|
2b0d20006e	yadi tEnEzvarasya mahimA prakAzatE tarhIzvarOpi svEna tasya mahimAnaM prakAzayiSyati tUrNamEva prakAzayiSyati|
2b0d2100e1	hE vatsA ahaM yuSmAbhiH sArddhaM kinjcitkAlamAtram AsE, tataH paraM mAM mRgayiSyadhvE kintvahaM yatsthAnaM yAmi tatsthAnaM yUyaM gantuM na zakSyatha, yAmimAM kathAM yihUdIyEbhyaH kathitavAn tathAdhunA yuSmabhyamapi kathayAmi|
2b0d220081	yUyaM parasparaM prIyadhvam ahaM yuSmAsu yathA prIyE yUyamapi parasparam tathaiva prIyadhvaM, yuSmAn imAM navInAm AjnjAm AdizAmi|
2b0d230064	tEnaiva yadi parasparaM prIyadhvE tarhi lakSaNEnAnEna yUyaM mama ziSyA iti sarvvE jnjAtuM zakSyanti|
2b0d2400af	zimOnapitaraH pRSThavAn hE prabhO bhavAn kutra yAsyati? tatO yIzuH pratyavadat, ahaM yatsthAnaM yAmi tatsthAnaM sAmprataM mama pazcAd gantuM na zaknOSi kintu pazcAd gamiSyasi|
2b0d250079	tadA pitaraH pratyuditavAn, hE prabhO sAmprataM kutO hEtOstava pazcAd gantuM na zaknOmi? tvadarthaM prANAn dAtuM zaknOmi|
2b0d26008b	tatO yIzuH pratyuktavAn mannimittaM kiM prANAn dAtuM zaknOSi? tvAmahaM yathArthaM vadAmi, kukkuTaravaNAt pUrvvaM tvaM tri rmAm apahnOSyasE|
2b0e01003a	manOduHkhinO mA bhUta; IzvarE vizvasita mayi ca vizvasita|
2b0e020074	mama pitu gRhE bahUni vAsasthAni santi nO cEt pUrvvaM yuSmAn ajnjApayiSyaM yuSmadarthaM sthAnaM sajjayituM gacchAmi|
2b0e03008d	yadi gatvAhaM yuSmannimittaM sthAnaM sajjayAmi tarhi panarAgatya yuSmAn svasamIpaM nESyAmi, tatO yatrAhaM tiSThAmi tatra yUyamapi sthAsyatha|
2b0e04004c	ahaM yatsthAnaM brajAmi tatsthAnaM yUyaM jAnItha tasya panthAnamapi jAnItha|
2b0e05006c	tadA thOmA avadat, hE prabhO bhavAn kutra yAti tadvayaM na jAnImaH, tarhi kathaM panthAnaM jnjAtuM zaknumaH?
2b0e06005f	yIzurakathayad ahamEva satyajIvanarUpapathO mayA na gantA kOpi pituH samIpaM gantuM na zaknOti|
2b0e07005a	yadi mAm ajnjAsyata tarhi mama pitaramapyajnjAsyata kintvadhunAtastaM jAnItha pazyatha ca|
2b0e080057	tadA philipaH kathitavAn, hE prabhO pitaraM darzaya tasmAdasmAkaM yathESTaM bhaviSyati|
2b0e0900c9	tatO yIzuH pratyAvAdIt, hE philipa yuSmAbhiH sArddham EtAvaddinAni sthitamapi mAM kiM na pratyabhijAnAsi? yO janO mAm apazyat sa pitaramapyapazyat tarhi pitaram asmAn darzayEti kathAM kathaM kathayasi?
2b0e0a00a4	ahaM pitari tiSThAmi pitA mayi tiSThatIti kiM tvaM na pratyaSi? ahaM yadvAkyaM vadAmi tat svatO na vadAmi kintu yaH pitA mayi virAjatE sa Eva sarvvakarmmANi karAti|
2b0e0b007a	ataEva pitaryyahaM tiSThAmi pitA ca mayi tiSThati mamAsyAM kathAyAM pratyayaM kuruta, nO cEt karmmahEtOH pratyayaM kuruta|
2b0e0c009e	ahaM yuSmAnatiyathArthaM vadAmi, yO janO mayi vizvasiti sOhamiva karmmANi kariSyati varaM tatOpi mahAkarmmANi kariSyati yatO hEtOrahaM pituH samIpaM gacchAmi|
2b0e0d006c	yathA putrENa pitu rmahimA prakAzatE tadarthaM mama nAma prOcya yat prArthayiSyadhvE tat saphalaM kariSyAmi|
2b0e0e0040	yadi mama nAmnA yat kinjcid yAcadhvE tarhi tadahaM sAdhayiSyAmi|
2b0e0f002f	yadi mayi prIyadhvE tarhi mamAjnjAH samAcarata|
2b0e100097	tatO mayA pituH samIpE prArthitE pitA nirantaraM yuSmAbhiH sArddhaM sthAtum itaramEkaM sahAyam arthAt satyamayam AtmAnaM yuSmAkaM nikaTaM prESayiSyati|
2b0e1100a1	EtajjagatO lOkAstaM grahItuM na zaknuvanti yatastE taM nApazyan nAjanaMzca kintu yUyaM jAnItha yatO hEtOH sa yuSmAkamanta rnivasati yuSmAkaM madhyE sthAsyati ca|
2b0e12004a	ahaM yuSmAn anAthAn kRtvA na yAsyAmi punarapi yuSmAkaM samIpam AgamiSyAmi|
2b0e130086	kiyatkAlarat param asya jagatO lOkA mAM puna rna drakSyanti kintu yUyaM drakSyatha; ahaM jIviSyAmi tasmAt kAraNAd yUyamapi jIviSyatha|
2b0e140050	pitaryyahamasmi mayi ca yUyaM stha, tathAhaM yuSmAsvasmi tadapi tadA jnjAsyatha|
2b0e1500ae	yO janO mamAjnjA gRhItvA tA Acarati saEva mayi prIyatE; yO janazca mayi prIyatE saEva mama pituH priyapAtraM bhaviSyati, tathAhamapi tasmin prItvA tasmai svaM prakAzayiSyAmi|
2b0e160093	tadA ISkariyOtIyAd anyO yihUdAstamavadat, hE prabhO bhavAn jagatO lOkAnAM sannidhau prakAzitO na bhUtvAsmAkaM sannidhau kutaH prakAzitO bhaviSyati?
2b0e170099	tatO yIzuH pratyuditavAn, yO janO mayi prIyatE sa mamAjnjA api gRhlAti, tEna mama pitApi tasmin prESyatE, AvAnjca tannikaTamAgatya tEna saha nivatsyAvaH|
2b0e18009f	yO janO mayi na prIyatE sa mama kathA api na gRhlAti punazca yAmimAM kathAM yUyaM zRNutha sA kathA kEvalasya mama na kintu mama prErakO yaH pitA tasyApi kathA|
2b0e190042	idAnIM yuSmAkaM nikaTE vidyamAnOham EtAH sakalAH kathAH kathayAmi|
2b0e1a008e	kintvitaH paraM pitrA yaH sahAyO'rthAt pavitra AtmA mama nAmni prErayiSyati sa sarvvaM zikSayitvA mayOktAH samastAH kathA yuSmAn smArayiSyati|
2b0e1b00b4	ahaM yuSmAkaM nikaTE zAntiM sthApayitvA yAmi, nijAM zAntiM yuSmabhyaM dadAmi, jagatO lOkA yathA dadAti tathAhaM na dadAmi; yuSmAkam antaHkaraNAni duHkhitAni bhItAni ca na bhavantu|
2b0e1c00cf	ahaM gatvA punarapi yuSmAkaM samIpam AgamiSyAmi mayOktaM vAkyamidaM yUyam azrauSTa; yadi mayyaprESyadhvaM tarhyahaM pituH samIpaM gacchAmi mamAsyAM kathAyAM yUyam ahlAdiSyadhvaM yatO mama pitA mattOpi mahAn|
2b0e1d0080	tasyA ghaTanAyAH samayE yathA yuSmAkaM zraddhA jAyatE tadartham ahaM tasyA ghaTanAyAH pUrvvam idAnIM yuSmAn EtAM vArttAM vadAmi|
2b0e1e0092	itaH paraM yuSmAbhiH saha mama bahava AlApA na bhaviSyanti yataH kAraNAd Etasya jagataH patirAgacchati kintu mayA saha tasya kOpi sambandhO nAsti|
2b0e1f008a	ahaM pitari prEma karOmi tathA pitu rvidhivat karmmANi karOmIti yEna jagatO lOkA jAnanti tadartham uttiSThata vayaM sthAnAdasmAd gacchAma|
2b0f010043	ahaM satyadrAkSAlatAsvarUpO mama pitA tUdyAnaparicArakasvarUpanjca|
2b0f020083	mama yAsu zAkhAsu phalAni na bhavanti tAH sa chinatti tathA phalavatyaH zAkhA yathAdhikaphalAni phalanti tadarthaM tAH pariSkarOti|
2b0f030028	idAnIM mayOktOpadEzEna yUyaM pariSkRtAH|
2b0f0400c4	ataH kAraNAt mayi tiSThata tEnAhamapi yuSmAsu tiSThAmi, yatO hEtO rdrAkSAlatAyAm asaMlagnA zAkhA yathA phalavatI bhavituM na zaknOti tathA yUyamapi mayyatiSThantaH phalavantO bhavituM na zaknutha|
2b0f0500af	ahaM drAkSAlatAsvarUpO yUyanjca zAkhAsvarUpOH; yO janO mayi tiSThati yatra cAhaM tiSThAmi, sa pracUraphalaiH phalavAn bhavati, kintu mAM vinA yUyaM kimapi karttuM na zaknutha|
2b0f060069	yaH kazcin mayi na tiSThati sa zuSkazAkhEva bahi rnikSipyatE lOkAzca tA AhRtya vahnau nikSipya dAhayanti|
2b0f07007e	yadi yUyaM mayi tiSThatha mama kathA ca yuSmAsu tiSThati tarhi yad vAnjchitvA yAciSyadhvE yuSmAkaM tadEva saphalaM bhaviSyati|
2b0f08007f	yadi yUyaM pracUraphalavantO bhavatha tarhi tadvArA mama pitu rmahimA prakAziSyatE tathA yUyaM mama ziSyA iti parikSAyiSyadhvE|
2b0f090075	pitA yathA mayi prItavAn ahamapi yuSmAsu tathA prItavAn atO hEtO ryUyaM nirantaraM mama prEmapAtrANi bhUtvA tiSThata|
2b0f0a0089	ahaM yathA piturAjnjA gRhItvA tasya prEmabhAjanaM tiSThAmi tathaiva yUyamapi yadi mamAjnjA guhlItha tarhi mama prEmabhAjanAni sthAsyatha|
2b0f0b0084	yuSmannimittaM mama ya AhlAdaH sa yathA ciraM tiSThati yuSmAkam Anandazca yathA pUryyatE tadarthaM yuSmabhyam EtAH kathA atrakatham|
2b0f0c004b	ahaM yuSmAsu yathA prIyE yUyamapi parasparaM tathA prIyadhvam ESA mamAjnjA|
2b0f0d0051	mitrANAM kAraNAt svaprANadAnaparyyantaM yat prEma tasmAn mahAprEma kasyApi nAsti|
2b0f0e004d	ahaM yadyad AdizAmi tattadEva yadi yUyam Acarata tarhi yUyamEva mama mitrANi|
2b0f0f00b5	adyArabhya yuSmAn dAsAn na vadiSyAmi yat prabhu ryat karOti dAsastad na jAnAti; kintu pituH samIpE yadyad azRNavaM tat sarvvaM yUSmAn ajnjApayam tatkAraNAd yuSmAn mitrANi prOktavAn|
2b0f1000f3	yUyaM mAM rOcitavanta iti na, kintvahamEva yuSmAn rOcitavAn yUyaM gatvA yathA phalAnyutpAdayatha tAni phalAni cAkSayANi bhavanti, tadarthaM yuSmAn nyajunajaM tasmAn mama nAma prOcya pitaraM yat kinjcid yAciSyadhvE tadEva sa yuSmabhyaM dAsyati|
2b0f110030	yUyaM parasparaM prIyadhvam aham ityAjnjApayAmi|
2b0f12004d	jagatO lOkai ryuSmAsu RtIyitESu tE pUrvvaM mAmEvArttIyanta iti yUyaM jAnItha|
2b0f1300c6	yadi yUyaM jagatO lOkA abhaviSyata tarhi jagatO lOkA yuSmAn AtmIyAn buddhvAprESyanta; kintu yUyaM jagatO lOkA na bhavatha, ahaM yuSmAn asmAjjagatO'rOcayam EtasmAt kAraNAjjagatO lOkA yuSmAn RtIyantE|
2b0f1400b5	dAsaH prabhO rmahAn na bhavati mamaitat pUrvvIyaM vAkyaM smarata; tE yadi mAmEvAtAPayan tarhi yuSmAnapi tAPayiSyanti, yadi mama vAkyaM gRhlanti tarhi yuSmAkamapi vAkyaM grahISyanti|
2b0f150068	kintu tE mama nAmakAraNAd yuSmAn prati tAdRzaM vyavahariSyanti yatO yO mAM prEritavAn taM tE na jAnanti|
2b0f16007c	tESAM sannidhim Agatya yadyahaM nAkathayiSyaM tarhi tESAM pApaM nAbhaviSyat kintvadhunA tESAM pApamAcchAdayitum upAyO nAsti|
2b0f17002f	yO janO mAm RtIyatE sa mama pitaramapi RtIyatE|
2b0f1800b2	yAdRzAni karmmANi kEnApi kadApi nAkriyanta tAdRzAni karmmANi yadi tESAM sAkSAd ahaM nAkariSyaM tarhi tESAM pApaM nAbhaviSyat kintvadhunA tE dRSTvApi mAM mama pitaranjcArttIyanta|
2b0f19005e	tasmAt tE'kAraNaM mAm RtIyantE yadEtad vacanaM tESAM zAstrE likhitamAstE tat saphalam abhavat|
2b0f1a0085	kintu pitu rnirgataM yaM sahAyamarthAt satyamayam AtmAnaM pituH samIpAd yuSmAkaM samIpE prESayiSyAmi sa Agatya mayi pramANaM dAsyati|
2b0f1b0057	yUyaM prathamamArabhya mayA sArddhaM tiSThatha tasmAddhEtO ryUyamapi pramANaM dAsyatha|
2b1001004d	yuSmAkaM yathA vAdhA na jAyatE tadarthaM yuSmAn EtAni sarvvavAkyAni vyAharaM|
2b10020094	lOkA yuSmAn bhajanagRhEbhyO dUrIkariSyanti tathA yasmin samayE yuSmAn hatvA Izvarasya tuSTi janakaM karmmAkurmma iti maMsyantE sa samaya Agacchanti|
2b10030043	tE pitaraM mAnjca na jAnanti, tasmAd yuSmAn pratIdRzam AcariSyanti|
2b100400bf	atO hEtAH samayE samupasthitE yathA mama kathA yuSmAkaM manaHsuH samupatiSThati tadarthaM yuSmAbhyam EtAM kathAM kathayAmi yuSmAbhiH sArddham ahaM tiSThan prathamaM tAM yuSmabhyaM nAkathayaM|
2b10050070	sAmprataM svasya prErayituH samIpaM gacchAmi tathApi tvaM kka gacchasi kathAmEtAM yuSmAkaM kOpi mAM na pRcchati|
2b10060050	kintu mayOktAbhirAbhiH kathAbhi ryUSmAkam antaHkaraNAni duHkhEna pUrNAnyabhavan|
2b100700be	tathApyahaM yathArthaM kathayAmi mama gamanaM yuSmAkaM hitArthamEva, yatO hEtO rgamanE na kRtE sahAyO yuSmAkaM samIpaM nAgamiSyati kintu yadi gacchAmi tarhi yuSmAkaM samIpE taM prESayiSyAmi|
2b10080046	tataH sa Agatya pApapuNyadaNPESu jagatO lOkAnAM prabOdhaM janayiSyati|
2b1009003d	tE mayi na vizvasanti tasmAddhEtOH pApaprabOdhaM janayiSyati|
2b100a0054	yuSmAkam adRzyaH sannahaM pituH samIpaM gacchAmi tasmAd puNyE prabOdhaM janayiSyati|
2b100b004b	EtajjagatO'dhipati rdaNPAjnjAM prApnOti tasmAd daNPE prabOdhaM janayiSyati|
2b100c0057	yuSmabhyaM kathayituM mamAnEkAH kathA AsatE, tAH kathA idAnIM yUyaM sOPhuM na zaknutha;
2b100d00b1	kintu satyamaya AtmA yadA samAgamiSyati tadA sarvvaM satyaM yuSmAn nESyati, sa svataH kimapi na vadiSyati kintu yacchrOSyati tadEva kathayitvA bhAvikAryyaM yuSmAn jnjApayiSyati|
2b100e004e	mama mahimAnaM prakAzayiSyati yatO madIyAM kathAM gRhItvA yuSmAn bOdhayiSyati|
2b100f0069	pitu ryadyad AstE tat sarvvaM mama tasmAd kAraNAd avAdiSaM sa madIyAM kathAM gRhItvA yuSmAn bOdhayiSyati|
2b10100080	kiyatkAlAt paraM yUyaM mAM draSTuM na lapsyadhvE kintu kiyatkAlAt paraM puna rdraSTuM lapsyadhvE yatOhaM pituH samIpaM gacchAmi|
2b101100d9	tataH ziSyANAM kiyantO janAH parasparaM vaditum Arabhanta, kiyatkAlAt paraM mAM draSTuM na lapsyadhvE kintu kiyatkAlAt paraM puna rdraSTuM lapsyadhvE yatOhaM pituH samIpaM gacchAmi, iti yad vAkyam ayaM vadati tat kiM?
2b10120065	tataH kiyatkAlAt param iti tasya vAkyaM kiM? tasya vAkyasyAbhiprAyaM vayaM bOddhuM na zaknumastairiti
2b101300de	nigaditE yIzustESAM praznEcchAM jnjAtvA tEbhyO'kathayat kiyatkAlAt paraM mAM draSTuM na lapsyadhvE, kintu kiyatkAlAt paraM pUna rdraSTuM lapsyadhvE, yAmimAM kathAmakathayaM tasyA abhiprAyaM kiM yUyaM parasparaM mRgayadhvE?
2b101400a9	yuSmAnaham atiyathArthaM vadAmi yUyaM krandiSyatha vilapiSyatha ca, kintu jagatO lOkA AnandiSyanti; yUyaM zOkAkulA bhaviSyatha kintu zOkAt paraM AnandayuktA bhaviSyatha|
2b101500b8	prasavakAla upasthitE nArI yathA prasavavEdanayA vyAkulA bhavati kintu putrE bhUmiSThE sati manuSyaikO janmanA naralOkE praviSTa ityAnandAt tasyAstatsarvvaM duHkhaM manasi na tiSThati,
2b101600ba	tathA yUyamapi sAmprataM zOkAkulA bhavatha kintu punarapi yuSmabhyaM darzanaM dAsyAmi tEna yuSmAkam antaHkaraNAni sAnandAni bhaviSyanti, yuSmAkaM tam Anandanjca kOpi harttuM na zakSyati|
2b1017008d	tasmin divasE kAmapi kathAM mAM na prakSyatha| yuSmAnaham atiyathArthaM vadAmi, mama nAmnA yat kinjcid pitaraM yAciSyadhvE tadEva sa dAsyati|
2b10180069	pUrvvE mama nAmnA kimapi nAyAcadhvaM, yAcadhvaM tataH prApsyatha tasmAd yuSmAkaM sampUrNAnandO janiSyatE|
2b1019008f	upamAkathAbhiH sarvvANyEtAni yuSmAn jnjApitavAn kintu yasmin samayE upamayA nOktvA pituH kathAM spaSTaM jnjApayiSyAmi samaya EtAdRza Agacchati|
2b101a005a	tadA mama nAmnA prArthayiSyadhvE 'haM yuSmannimittaM pitaraM vinESyE kathAmimAM na vadAmi;
2b101b0087	yatO yUyaM mayi prEma kurutha, tathAham Izvarasya samIpAd AgatavAn ityapi pratItha, tasmAd kAraNAt kAraNAt pitA svayaM yuSmAsu prIyatE|
2b101c0050	pituH samIpAjjajad AgatOsmi jagat parityajya ca punarapi pituH samIpaM gacchAmi|
2b101d0047	tadA ziSyA avadan, hE prabhO bhavAn upamayA nOktvAdhunA spaSTaM vadati|
2b101e00ab	bhavAn sarvvajnjaH kEnacit pRSTO bhavitumapi bhavataH prayOjanaM nAstItyadhunAsmAkaM sthirajnjAnaM jAtaM tasmAd bhavAn Izvarasya samIpAd AgatavAn ityatra vayaM vizvasimaH|
2b101f0033	tatO yIzuH pratyavAdId idAnIM kiM yUyaM vizvasitha?
2b102000c8	pazyata sarvvE yUyaM vikIrNAH santO mAm EkAkinaM pIratyajya svaM svaM sthAnaM gamiSyatha, EtAdRzaH samaya Agacchati varaM prAyENOpasthitavAn; tathApyahaM naikAkI bhavAmi yataH pitA mayA sArddham AstE|
2b1021009e	yathA mayA yuSmAkaM zAnti rjAyatE tadartham EtAH kathA yuSmabhyam acakathaM; asmin jagati yuSmAkaM klEzO ghaTiSyatE kintvakSObhA bhavata yatO mayA jagajjitaM|
2b110100c2	tataH paraM yIzurEtAH kathAH kathayitvA svargaM vilOkyaitat prArthayat, hE pitaH samaya upasthitavAn; yathA tava putrastava mahimAnaM prakAzayati tadarthaM tvaM nijaputrasya mahimAnaM prakAzaya|
2b11020086	tvaM yOllOkAn tasya hastE samarpitavAn sa yathA tEbhyO'nantAyu rdadAti tadarthaM tvaM prANimAtrANAm adhipatitvabhAraM tasmai dattavAn|
2b1103006d	yastvam advitIyaH satya IzvarastvayA prEritazca yIzuH khrISTa EtayOrubhayOH paricayE prAptE'nantAyu rbhavati|
2b11040066	tvaM yasya karmmaNO bhAraM mahyaM dattavAn, tat sampannaM kRtvA jagatyasmin tava mahimAnaM prAkAzayaM|
2b11050076	ataEva hE pita rjagatyavidyamAnE tvayA saha tiSThatO mama yO mahimAsIt samprati tava samIpE mAM taM mahimAnaM prApaya|
2b1106009e	anyacca tvam EtajjagatO yAllOkAn mahyam adadA ahaM tEbhyastava nAmnastattvajnjAnam adadAM, tE tavaivAsan, tvaM tAn mahyamadadAH, tasmAttE tavOpadEzam agRhlan|
2b11070046	tvaM mahyaM yat kinjcid adadAstatsarvvaM tvattO jAyatE ityadhunAjAnan|
2b11080084	mahyaM yamupadEzam adadA ahamapi tEbhyastamupadEzam adadAM tEpi tamagRhlan tvattOhaM nirgatya tvayA prEritObhavam atra ca vyazvasan|
2b11090091	tESAmEva nimittaM prArthayE'haM jagatO lOkanimittaM na prArthayE kintu yAllOkAn mahyam adadAstESAmEva nimittaM prArthayE'haM yatastE tavaivAsatE|
2b110a0045	yE mama tE tava yE ca tava tE mama tathA tai rmama mahimA prakAzyatE|
2b110b00e3	sAmpratam asmin jagati mamAvasthitEH zESam abhavat ahaM tava samIpaM gacchAmi kintu tE jagati sthAsyanti; hE pavitra pitarAvayO ryathaikatvamAstE tathA tESAmapyEkatvaM bhavati tadarthaM yAllOkAn mahyam adadAstAn svanAmnA rakSa|
2b110c00e4	yAvanti dinAni jagatyasmin taiH sahAhamAsaM tAvanti dinAni tAn tava nAmnAhaM rakSitavAn; yAllOkAn mahyam adadAstAn sarvvAn ahamarakSaM, tESAM madhyE kEvalaM vinAzapAtraM hAritaM tEna dharmmapustakasya vacanaM pratyakSaM bhavati|
2b110d007d	kintvadhunA tava sannidhiM gacchAmi mayA yathA tESAM sampUrNAnandO bhavati tadarthamahaM jagati tiSThan EtAH kathA akathayam|
2b110e0084	tavOpadEzaM tEbhyO'dadAM jagatA saha yathA mama sambandhO nAsti tathA jajatA saha tESAmapi sambandhAbhAvAj jagatO lOkAstAn RtIyantE|
2b110f0048	tvaM jagatastAn gRhANEti na prArthayE kintvazubhAd rakSEti prArthayEham|
2b1110004f	ahaM yathA jagatsambandhIyO na bhavAmi tathA tEpi jagatsambandhIyA na bhavanti|
2b11110038	tava satyakathayA tAn pavitrIkuru tava vAkyamEva satyaM|
2b11120040	tvaM yathA mAM jagati prairayastathAhamapi tAn jagati prairayaM|
2b11130054	tESAM hitArthaM yathAhaM svaM pavitrIkarOmi tathA satyakathayA tEpi pavitrIbhavantu|
2b11140075	kEvalaM EtESAmarthE prArthayE'ham iti na kintvEtESAmupadEzEna yE janA mayi vizvasiSyanti tESAmapyarthE prArthEyE'ham|
2b111500ac	hE pitastESAM sarvvESAm EkatvaM bhavatu tava yathA mayi mama ca yathA tvayyEkatvaM tathA tESAmapyAvayOrEkatvaM bhavatu tEna tvaM mAM prEritavAn iti jagatO lOkAH pratiyantu|
2b111600cc	yathAvayOrEkatvaM tathA tESAmapyEkatvaM bhavatu tESvahaM mayi ca tvam itthaM tESAM sampUrNamEkatvaM bhavatu, tvaM prEritavAn tvaM mayi yathA prIyasE ca tathA tESvapi prItavAn EtadyathA jagatO lOkA jAnanti
2b11170050	tadarthaM tvaM yaM mahimAnaM mahyam adadAstaM mahimAnam ahamapi tEbhyO dattavAn|
2b111800d2	hE pita rjagatO nirmmANAt pUrvvaM mayi snEhaM kRtvA yaM mahimAnaM dattavAn mama taM mahimAnaM yathA tE pazyanti tadarthaM yAllOkAn mahyaM dattavAn ahaM yatra tiSThAmi tEpi yathA tatra tiSThanti mamaiSA vAnjchA|
2b11190067	hE yathArthika pita rjagatO lOkaistvayyajnjAtEpi tvAmahaM jAnE tvaM mAM prEritavAn itImE ziSyA jAnanti|
2b111a0088	yathAhaM tESu tiSThAmi tathA mayi yEna prEmnA prEmAkarOstat tESu tiSThati tadarthaM tava nAmAhaM tAn jnjApitavAn punarapi jnjApayiSyAmi|
2b1201006a	tAH kathAH kathayitvA yIzuH ziSyAnAdAya kidrOnnAmakaM srOta uttIryya ziSyaiH saha tatratyOdyAnaM prAvizat|
2b12020069	kintu vizvAsaghAtiyihUdAstat sthAnaM paricIyatE yatO yIzuH ziSyaiH sArddhaM kadAcit tat sthAnam agacchat|
2b1203008c	tadA sa yihUdAH sainyagaNaM pradhAnayAjakAnAM phirUzinAnjca padAtigaNanjca gRhItvA pradIpAn ulkAn astrANi cAdAya tasmin sthAna upasthitavAn|
2b12040055	svaM prati yad ghaTiSyatE taj jnjAtvA yIzuragrEsaraH san tAnapRcchat kaM gavESayatha?
2b12050069	tE pratyavadan, nAsaratIyaM yIzuM; tatO yIzuravAdId ahamEva saH; taiH saha vizvAsaghAtI yihUdAzcAtiSThat|
2b12060046	tadAhamEva sa tasyaitAM kathAM zrutvaiva tE pazcAdEtya bhUmau patitAH|
2b12070055	tatO yIzuH punarapi pRSThavAn kaM gavESayatha? tatastE pratyavadan nAsaratIyaM yIzuM|
2b1208006a	tadA yIzuH pratyuditavAn ahamEva sa imAM kathAmacakatham; yadi mAmanvicchatha tarhImAn gantuM mA vArayata|
2b12090074	itthaM bhUtE mahyaM yAllOkAn adadAstESAm Ekamapi nAhArayam imAM yAM kathAM sa svayamakathayat sA kathA saphalA jAtA|
2b120a0087	tadA zimOnpitarasya nikaTE khaggalsthitEH sa taM niSkOSaM kRtvA mahAyAjakasya mAlkhanAmAnaM dAsam Ahatya tasya dakSiNakarNaM chinnavAn|
2b120b0071	tatO yIzuH pitaram avadat, khaggaM kOSE sthApaya mama pitA mahyaM pAtuM yaM kaMsam adadAt tEnAhaM kiM na pAsyAmi?
2b120c0081	tadA sainyagaNaH sEnApati ryihUdIyAnAM padAtayazca yIzuM ghRtvA baddhvA hAnannAmnaH kiyaphAH zvazurasya samIpaM prathamam anayan|
2b120d0032	sa kiyaphAstasmin vatsarE mahAyAjatvapadE niyuktaH
2b120e005e	san sAdhAraNalOkAnAM maggalArtham Ekajanasya maraNamucitam iti yihUdIyaiH sArddham amantrayat|
2b120f0091	tadA zimOnpitarO'nyaikaziSyazca yIzOH pazcAd agacchatAM tasyAnyaziSyasya mahAyAjakEna paricitatvAt sa yIzunA saha mahAyAjakasyATTAlikAM prAvizat|
2b12100095	kintu pitarO bahirdvArasya samIpE'tiSThad ataEva mahAyAjakEna paricitaH sa ziSyaH punarbahirgatvA dauvAyikAyai kathayitvA pitaram abhyantaram Anayat|
2b12110066	tadA sa dvArarakSikA pitaram avadat tvaM kiM na tasya mAnavasya ziSyaH? tataH sOvadad ahaM na bhavAmi|
2b1212009c	tataH paraM yatsthAnE dAsAH padAtayazca zItahEtOraggArai rvahniM prajvAlya tApaM sEvitavantastatsthAnE pitarastiSThan taiH saha vahnitApaM sEvitum Arabhata|
2b1213002f	tadA ziSyESUpadEzE ca mahAyAjakEna yIzuH pRSTaH
2b121400a8	san pratyuktavAn sarvvalOkAnAM samakSaM kathAmakathayaM guptaM kAmapi kathAM na kathayitvA yat sthAnaM yihUdIyAH satataM gacchanti tatra bhajanagEhE mandirE cAzikSayaM|
2b1215005e	mattaH kutaH pRcchasi? yE janA madupadEzam azRNvan tAnEva pRccha yadyad avadaM tE tat jAninta|
2b12160065	tadEtthaM pratyuditatvAt nikaTasthapadAti ryIzuM capETEnAhatya vyAharat mahAyAjakam EvaM prativadasi?
2b1217008f	tatO yIzuH pratigaditavAn yadyayathArtham acakathaM tarhi tasyAyathArthasya pramANaM dEhi, kintu yadi yathArthaM tarhi kutO hEtO rmAm atAPayaH?
2b12180045	pUrvvaM hAnan sabandhanaM taM kiyaphAmahAyAjakasya samIpaM praiSayat|
2b12190094	zimOnpitarastiSThan vahnitApaM sEvatE, Etasmin samayE kiyantastam apRcchan tvaM kim Etasya janasya ziSyO na? tataH sOpahnutyAbravId ahaM na bhavAmi|
2b121a0083	tadA mahAyAjakasya yasya dAsasya pitaraH karNamacchinat tasya kuTumbaH pratyuditavAn udyAnE tEna saha tiSThantaM tvAM kiM nApazyaM?
2b121b003e	kintu pitaraH punarapahnutya kathitavAn; tadAnIM kukkuTO'raut|
2b121c00a6	tadanantaraM pratyUSE tE kiyaphAgRhAd adhipatE rgRhaM yIzum anayan kintu yasmin azucitvE jAtE tai rnistArOtsavE na bhOktavyaM, tasya bhayAd yihUdIyAstadgRhaM nAvizan|
2b121d004c	aparaM pIlAtO bahirAgatya tAn pRSThavAn Etasya manuSyasya kaM dOSaM vadatha?
2b121e0052	tadA tE pEtyavadan duSkarmmakAriNi na sati bhavataH samIpE nainaM samArpayiSyAmaH|
2b121f009c	tataH pIlAtO'vadad yUyamEnaM gRhItvA svESAM vyavasthayA vicArayata| tadA yihUdIyAH pratyavadan kasyApi manuSyasya prANadaNPaM karttuM nAsmAkam adhikArO'sti|
2b12200045	EvaM sati yIzuH svasya mRtyau yAM kathAM kathitavAn sA saphalAbhavat|
2b12210060	tadanantaraM pIlAtaH punarapi tad rAjagRhaM gatvA yIzumAhUya pRSTavAn tvaM kiM yihUdIyAnAM rAjA?
2b12220054	yIzuH pratyavadat tvam EtAM kathAM svataH kathayasi kimanyaH kazcin mayi kathitavAn?
2b12230078	pIlAtO'vadad ahaM kiM yihUdIyaH? tava svadEzIyA vizESataH pradhAnayAjakA mama nikaTE tvAM samArpayana, tvaM kiM kRtavAn?
2b122400dc	yIzuH pratyavadat mama rAjyam EtajjagatsambandhIyaM na bhavati yadi mama rAjyaM jagatsambandhIyam abhaviSyat tarhi yihUdIyAnAM hastESu yathA samarpitO nAbhavaM tadarthaM mama sEvakA ayOtsyan kintu mama rAjyam aihikaM na|
2b122500e1	tadA pIlAtaH kathitavAn, tarhi tvaM rAjA bhavasi? yIzuH pratyuktavAn tvaM satyaM kathayasi, rAjAhaM bhavAmi; satyatAyAM sAkSyaM dAtuM janiM gRhItvA jagatyasmin avatIrNavAn, tasmAt satyadharmmapakSapAtinO mama kathAM zRNvanti|
2b1226007b	tadA satyaM kiM? EtAM kathAM paSTvA pIlAtaH punarapi bahirgatvA yihUdIyAn abhASata, ahaM tasya kamapyaparAdhaM na prApnOmi|
2b122700a4	nistArOtsavasamayE yuSmAbhirabhirucita EkO janO mayA mOcayitavya ESA yuSmAkaM rItirasti, ataEva yuSmAkaM nikaTE yihUdIyAnAM rAjAnaM kiM mOcayAmi, yuSmAkam icchA kA?
2b1228005f	tadA tE sarvvE ruvantO vyAharan EnaM mAnuSaM nahi barabbAM mOcaya| kintu sa barabbA dasyurAsIt|
2b13010025	pIlAtO yIzum AnIya kazayA prAhArayat|
2b1302006b	pazcAt sEnAgaNaH kaNTakanirmmitaM mukuTaM tasya mastakE samarpya vArttAkIvarNaM rAjaparicchadaM paridhApya,
2b13030044	hE yihUdIyAnAM rAjan namaskAra ityuktvA taM capETEnAhantum Arabhata|
2b13040096	tadA pIlAtaH punarapi bahirgatvA lOkAn avadat, asya kamapyaparAdhaM na labhE'haM, pazyata tad yuSmAn jnjApayituM yuSmAkaM sannidhau bahirEnam AnayAmi|
2b13050077	tataH paraM yIzuH kaNTakamukuTavAn vArttAkIvarNavasanavAMzca bahirAgacchat| tataH pIlAta uktavAn EnaM manuSyaM pazyata|
2b130600d6	tadA pradhAnayAjakAH padAtayazca taM dRSTvA, EnaM kruzE vidha, EnaM kruzE vidha, ityuktvA ravituM Arabhanta| tataH pIlAtaH kathitavAn yUyaM svayam EnaM nItvA kruzE vidhata, aham Etasya kamapyaparAdhaM na prAptavAn|
2b13070076	yihUdIyAH pratyavadan asmAkaM yA vyavasthAstE tadanusArENAsya prANahananam ucitaM yatOyaM svam Izvarasya putramavadat|
2b13080029	pIlAta imAM kathAM zrutvA mahAtrAsayuktaH
2b1309006e	san punarapi rAjagRha Agatya yIzuM pRSTavAn tvaM kutratyO lOkaH? kintu yIzastasya kimapi pratyuttaraM nAvadat|
2b130a011a	tataH pIlAt kathitavAna tvaM kiM mayA sArddhaM na saMlapiSyasi? tvAM kruzE vEdhituM vA mOcayituM zakti rmamAstE iti kiM tvaM na jAnAsi? tadA yIzuH pratyavadad IzvarENAdaM mamOpari tava kimapyadhipatitvaM na vidyatE, tathApi yO janO mAM tava hastE samArpayat tasya mahApAtakaM jAtam|
2b130b0095	tadA yIzuH pratyavadad IzvarENAdattaM mamOpari tava kimapyadhipatitvaM na vidyatE, tathApi yO janO mAM tava hastE samArpayat tasya mahApAtakaM jAtam|
2b130c00d4	tadArabhya pIlAtastaM mOcayituM cESTitavAn kintu yihUdIyA ruvantO vyAharan yadImaM mAnavaM tyajasi tarhi tvaM kaisarasya mitraM na bhavasi, yO janaH svaM rAjAnaM vakti saEva kaimarasya viruddhAM kathAM kathayati|
2b130d00cc	EtAM kathAM zrutvA pIlAtO yIzuM bahirAnIya nistArOtsavasya AsAdanadinasya dvitIyapraharAt pUrvvaM prastarabandhananAmni sthAnE 'rthAt ibrIyabhASayA yad gabbithA kathyatE tasmin sthAnE vicArAsana upAvizat|
2b130e003c	anantaraM pIlAtO yihUdIyAn avadat, yuSmAkaM rAjAnaM pazyata|
2b130f00e3	kintu EnaM dUrIkuru, EnaM dUrIkuru, EnaM kruzE vidha, iti kathAM kathayitvA tE ravitum Arabhanta; tadA pIlAtaH kathitavAn yuSmAkaM rAjAnaM kiM kruzE vEdhiSyAmi? pradhAnayAjakA uttaram avadan kaisaraM vinA kOpi rAjAsmAkaM nAsti|
2b1310005a	tataH pIlAtO yIzuM kruzE vEdhituM tESAM hastESu samArpayat, tatastE taM dhRtvA nItavantaH|
2b13110070	tataH paraM yIzuH kruzaM vahan ziraHkapAlam arthAd yad ibrIyabhASayA gulgaltAM vadanti tasmin sthAna upasthitaH|
2b13120042	tatastE madhyasthAnE taM tasyObhayapArzvE dvAvaparau kruzE'vidhan|
2b13130069	aparam ESa yihUdIyAnAM rAjA nAsaratIyayIzuH, iti vijnjApanaM likhitvA pIlAtastasya kruzOpari samayOjayat|
2b1314008b	sA lipiH ibrIyayUnAnIyarOmIyabhASAbhi rlikhitA; yIzOH kruzavEdhanasthAnaM nagarasya samIpaM, tasmAd bahavO yihUdIyAstAM paThitum Arabhanta|
2b13150088	yihUdIyAnAM pradhAnayAjakAH pIlAtamiti nyavEdayan yihUdIyAnAM rAjEti vAkyaM na kintu ESa svaM yihUdIyAnAM rAjAnam avadad itthaM likhatu|
2b1316003a	tataH pIlAta uttaraM dattavAn yallEkhanIyaM tallikhitavAn|
2b131700c0	itthaM sEnAgaNO yIzuM kruzE vidhitvA tasya paridhEyavastraM caturO bhAgAn kRtvA EkaikasEnA EkaikabhAgam agRhlat tasyOttarIyavastranjcAgRhlat| kintUttarIyavastraM sUcisEvanaM vinA sarvvam UtaM|
2b13180109	tasmAttE vyAharan Etat kaH prApsyati? tanna khaNPayitvA tatra guTikApAtaM karavAma| vibhajantE'dharIyaM mE vasanaM tE parasparaM| mamOttarIyavastrArthaM guTikAM pAtayanti ca| iti yadvAkyaM dharmmapustakE likhitamAstE tat sEnAgaNEnEtthaM vyavaharaNAt siddhamabhavat|
2b1319007d	tadAnIM yIzO rmAtA mAtu rbhaginI ca yA kliyapA bhAryyA mariyam magdalInI mariyam ca EtAstasya kruzasya sannidhau samatiSThan|
2b131a0075	tatO yIzuH svamAtaraM priyatamaziSyanjca samIpE daNPAyamAnau vilOkya mAtaram avadat, hE yOSid EnaM tava putraM pazya,
2b131b005c	ziSyantvavadat, EnAM tava mAtaraM pazya| tataH sa ziSyastadghaTikAyAM tAM nijagRhaM nItavAn|
2b131c0093	anantaraM sarvvaM karmmAdhunA sampannamabhUt yIzuriti jnjAtvA dharmmapustakasya vacanaM yathA siddhaM bhavati tadartham akathayat mama pipAsA jAtA|
2b131d0091	tatastasmin sthAnE amlarasEna pUrNapAtrasthityA tE spanjjamEkaM tadamlarasEnArdrIkRtya EsObnalE tad yOjayitvA tasya mukhasya sannidhAvasthApayan|
2b131e0067	tadA yIzuramlarasaM gRhItvA sarvvaM siddham iti kathAM kathayitvA mastakaM namayan prANAn paryyatyajat|
2b131f00e2	tadvinam AsAdanadinaM tasmAt parE'hani vizrAmavArE dEhA yathA kruzOpari na tiSThanti, yataH sa vizrAmavArO mahAdinamAsIt, tasmAd yihUdIyAH pIlAtanikaTaM gatvA tESAM pAdabhanjjanasya sthAnAntaranayanasya cAnumatiM prArthayanta|
2b13200052	ataH sEnA Agatya yIzunA saha kruzE hatayOH prathamadvitIyacOrayOH pAdAn abhanjjan;
2b13210046	kintu yIzOH sannidhiM gatvA sa mRta iti dRSTvA tasya pAdau nAbhanjjan|
2b13220060	pazcAd EkO yOddhA zUlAghAtEna tasya kukSim avidhat tatkSaNAt tasmAd raktaM jalanjca niragacchat|
2b13230082	yO janO'sya sAkSyaM dadAti sa svayaM dRSTavAn tasyEdaM sAkSyaM satyaM tasya kathA yuSmAkaM vizvAsaM janayituM yOgyA tat sa jAnAti|
2b13240021	tasyaikam asdhyapi na bhaMkSyatE,
2b13250056	tadvad anyazAstrEpi likhyatE, yathA, "dRSTipAtaM kariSyanti tE'vidhan yantu tamprati|"
2b132600c7	arimathIyanagarasya yUSaphnAmA ziSya Eka AsIt kintu yihUdIyEbhyO bhayAt prakAzitO na bhavati; sa yIzO rdEhaM nEtuM pIlAtasyAnumatiM prArthayata, tataH pIlAtEnAnumatE sati sa gatvA yIzO rdEham anayat|
2b1327007a	aparaM yO nikadImO rAtrau yIzOH samIpam agacchat sOpi gandharasEna mizritaM prAyENa panjcAzatsETakamaguruM gRhItvAgacchat|
2b1328006b	tatastE yihUdIyAnAM zmazAnE sthApanarItyanusArENa tatsugandhidravyENa sahitaM tasya dEhaM vastrENAvESTayan|
2b1329008b	aparanjca yatra sthAnE taM kruzE'vidhan tasya nikaTasthOdyAnE yatra kimapi mRtadEhaM kadApi nAsthApyata tAdRzam EkaM nUtanaM zmazAnam AsIt|
2b132a004a	yihUdIyAnAm AsAdanadinAgamanAt tE tasmin samIpasthazmazAnE yIzum azAyayan|
2b140100a0	anantaraM saptAhasya prathamadinE 'tipratyUSE 'ndhakArE tiSThati magdalInI mariyam tasya zmazAnasya nikaTaM gatvA zmazAnasya mukhAt prastaramapasAritam apazyat|
2b14020088	pazcAd dhAvitvA zimOnpitarAya yIzOH priyatamaziSyAya cEdam akathayat, lOkAH zmazAnAt prabhuM nItvA kutrAsthApayan tad vaktuM na zaknOmi|
2b14030049	ataH pitaraH sOnyaziSyazca barhi rbhutvA zmazAnasthAnaM gantum ArabhEtAM|
2b14040056	ubhayOrdhAvatOH sOnyaziSyaH pitaraM pazcAt tyaktvA pUrvvaM zmazAnasthAna upasthitavAn|
2b1405003d	tadA prahvIbhUya sthApitavastrANi dRSTavAn kintu na prAvizat|
2b14060031	aparaM zimOnpitara Agatya zmazAnasthAnaM pravizya
2b1407004d	sthApitavastrANi mastakasya vastranjca pRthak sthAnAntarE sthApitaM dRSTavAn|
2b14080055	tataH zmazAnasthAnaM pUrvvam AgatO yOnyaziSyaH sOpi pravizya tAdRzaM dRSTA vyazvasIt|
2b14090062	yataH zmazAnAt sa utthApayitavya Etasya dharmmapustakavacanasya bhAvaM tE tadA vOddhuM nAzankuvan|
2b140a003d	anantaraM tau dvau ziSyau svaM svaM gRhaM parAvRtyAgacchatAm|
2b140b006b	tataH paraM mariyam zmazAnadvArasya bahiH sthitvA rOditum Arabhata tatO rudatI prahvIbhUya zmazAnaM vilOkya
2b140c0061	yIzOH zayanasthAnasya ziraHsthAnE padatalE ca dvayO rdizO dvau svargIyadUtAvupaviSTau samapazyat|
2b140d0062	tau pRSTavantau hE nAri kutO rOdiSi? sAvadat lOkA mama prabhuM nItvA kutrAsthApayan iti na jAnAmi|
2b140e005b	ityuktvA mukhaM parAvRtya yIzuM daNPAyamAnam apazyat kintu sa yIzuriti sA jnjAtuM nAzaknOt|
2b140f00cb	tadA yIzustAm apRcchat hE nAri kutO rOdiSi? kaM vA mRgayasE? tataH sA tam udyAnasEvakaM jnjAtvA vyAharat, hE mahEccha tvaM yadItaH sthAnAt taM nItavAn tarhi kutrAsthApayastad vada tatsthAnAt tam AnayAmi|
2b1410005a	tadA yIzustAm avadat hE mariyam| tataH sA parAvRtya pratyavadat hE rabbUnI arthAt hE gurO|
2b141100e1	tadA yIzuravadat mAM mA dhara, idAnIM pituH samIpE UrddhvagamanaM na karOmi kintu yO mama yuSmAkanjca pitA mama yuSmAkanjcEzvarastasya nikaTa UrddhvagamanaM karttum udyatOsmi, imAM kathAM tvaM gatvA mama bhrAtRgaNaM jnjApaya|
2b14120077	tatO magdalInImariyam tatkSaNAd gatvA prabhustasyai darzanaM dattvA kathA EtA akathayad iti vArttAM ziSyEbhyO'kathayat|
2b141300c4	tataH paraM saptAhasya prathamadinasya sandhyAsamayE ziSyA Ekatra militvA yihUdIyEbhyO bhiyA dvAraruddham akurvvan, Etasmin kAlE yIzustESAM madhyasthAnE tiSThan akathayad yuSmAkaM kalyANaM bhUyAt|
2b14140054	ityuktvA nijahastaM kukSinjca darzitavAn, tataH ziSyAH prabhuM dRSTvA hRSTA abhavan|
2b14150061	yIzuH punaravadad yuSmAkaM kalyANaM bhUyAt pitA yathA mAM praiSayat tathAhamapi yuSmAn prESayAmi|
2b14160052	ityuktvA sa tESAmupari dIrghaprazvAsaM dattvA kathitavAn pavitram AtmAnaM gRhlIta|
2b14170063	yUyaM yESAM pApAni mOcayiSyatha tE mOcayiSyantE yESAnjca pApAti na mOcayiSyatha tE na mOcayiSyantE|
2b14180052	dvAdazamadhyE gaNitO yamajO thOmAnAmA ziSyO yIzOrAgamanakAlai taiH sArddhaM nAsIt|
2b141900ba	atO vayaM prabhUm apazyAmEti vAkyE'nyaziSyairuktE sOvadat, tasya hastayO rlauhakIlakAnAM cihnaM na vilOkya taccihnam aggulyA na spRSTvA tasya kukSau hastaM nArOpya cAhaM na vizvasiSyAmi|
2b141a00aa	aparam aSTamE'hni gatE sati thOmAsahitaH ziSyagaNa Ekatra militvA dvAraM ruddhvAbhyantara AsIt, Etarhi yIzustESAM madhyasthAnE tiSThan akathayat, yuSmAkaM kuzalaM bhUyAt|
2b141b0071	pazcAt thAmai kathitavAn tvam aggulIm atrArpayitvA mama karau pazya karaM prasAryya mama kukSAvarpaya nAvizvasya|
2b141c002f	tadA thOmA avadat, hE mama prabhO hE madIzvara|
2b141d0056	yIzurakathayat, hE thOmA mAM nirIkSya vizvasiSi yE na dRSTvA vizvasanti taEva dhanyAH|
2b141e0059	EtadanyAni pustakE'smin alikhitAni bahUnyAzcaryyakarmmANi yIzuH ziSyANAM purastAd akarOt|
2b141f008f	kintu yIzurIzvarasyAbhiSiktaH suta EvEti yathA yUyaM vizvasitha vizvasya ca tasya nAmnA paramAyuH prApnutha tadartham EtAni sarvvANyalikhyanta|
2b15010062	tataH paraM tibiriyAjaladhEstaTE yIzuH punarapi ziSyEbhyO darzanaM dattavAn darzanasyAkhyAnamidam|
2b1502009d	zimOnpitaraH yamajathOmA gAlIlIyakAnnAnagaranivAsI nithanEl sivadEH putrAvanyau dvau ziSyau caitESvEkatra militESu zimOnpitarO'kathayat matsyAn dhartuM yAmi|
2b1503008f	tatastE vyAharan tarhi vayamapi tvayA sArddhaM yAmaH tadA tE bahirgatAH santaH kSipraM nAvam ArOhan kintu tasyAM rajanyAm Ekamapi na prApnuvan|
2b1504004d	prabhAtE sati yIzustaTE sthitavAn kintu sa yIzuriti ziSyA jnjAtuM nAzaknuvan|
2b15050059	tadA yIzurapRcchat, hE vatsA sannidhau kinjcit khAdyadravyam AstE? tE'vadan kimapi nAsti|
2b1506009d	tadA sO'vadat naukAyA dakSiNapArzvE jAlaM nikSipata tatO lapsyadhvE, tasmAt tai rnikSiptE jAlE matsyA EtAvantO'patan yEna tE jAlamAkRSya nOttOlayituM zaktAH|
2b150700b5	tasmAd yIzOH priyatamaziSyaH pitarAyAkathayat ESa prabhu rbhavEt, ESa prabhuriti vAcaM zrutvaiva zimOn nagnatAhEtO rmatsyadhAriNa uttarIyavastraM paridhAya hradaM pratyudalamphayat|
2b15080091	aparE ziSyA matsyaiH sArddhaM jAlam AkarSantaH kSudranaukAM vAhayitvA kUlamAnayan tE kUlAd atidUrE nAsan dvizatahastEbhyO dUra Asan ityanumIyatE|
2b15090046	tIraM prAptaistaistatra prajvalitAgnistadupari matsyAH pUpAzca dRSTAH|
2b150a0041	tatO yIzurakathayad yAn matsyAn adharata tESAM katipayAn Anayata|
2b150b009b	ataH zimOnpitaraH parAvRtya gatvA bRhadbhistripanjcAzadadhikazatamatsyaiH paripUrNaM tajjAlam AkRSyOdatOlayat kintvEtAvadbhi rmatsyairapi jAlaM nAchidyata|
2b150c008f	anantaraM yIzustAn avAdIt yUyamAgatya bhuMgdhvaM; tadA saEva prabhuriti jnjAtatvAt tvaM kaH? iti praSTuM ziSyANAM kasyApi pragalbhatA nAbhavat|
2b150d0040	tatO yIzurAgatya pUpAn matsyAMzca gRhItvA tEbhyaH paryyavESayat|
2b150e004c	itthaM zmazAnAdutthAnAt paraM yIzuH ziSyEbhyastRtIyavAraM darzanaM dattavAn|
2b150f00e7	bhOjanE samAptE sati yIzuH zimOnpitaraM pRSTavAn, hE yUnasaH putra zimOn tvaM kim EtEbhyOdhikaM mayi prIyasE? tataH sa uditavAn satyaM prabhO tvayi prIyE'haM tad bhavAn jAnAti; tadA yIzurakathayat tarhi mama mESazAvakagaNaM pAlaya|
2b151000c0	tataH sa dvitIyavAraM pRSTavAn hE yUnasaH putra zimOn tvaM kiM mayi prIyasE? tataH sa uktavAn satyaM prabhO tvayi prIyE'haM tad bhavAn jAnAti; tadA yIzurakathayata tarhi mama mESagaNaM pAlaya|
2b1511010d	pazcAt sa tRtIyavAraM pRSTavAn, hE yUnasaH putra zimOn tvaM kiM mayi prIyasE? EtadvAkyaM tRtIyavAraM pRSTavAn tasmAt pitarO duHkhitO bhUtvA'kathayat hE prabhO bhavataH kimapyagOcaraM nAsti tvayyahaM prIyE tad bhavAn jAnAti; tatO yIzuravadat tarhi mama mESagaNaM pAlaya|
2b151200df	ahaM tubhyaM yathArthaM kathayAmi yauvanakAlE svayaM baddhakaTi ryatrEcchA tatra yAtavAn kintvitaH paraM vRddhE vayasi hastaM vistArayiSyasi, anyajanastvAM baddhvA yatra gantuM tavEcchA na bhavati tvAM dhRtvA tatra nESyati|
2b15130097	phalataH kIdRzEna maraNEna sa Izvarasya mahimAnaM prakAzayiSyati tad bOdhayituM sa iti vAkyaM prOktavAn| ityuktE sati sa tamavOcat mama pazcAd Agaccha|
2b15140098	yO janO rAtrikAlE yIzO rvakSO'valambya, hE prabhO kO bhavantaM parakarESu samarpayiSyatIti vAkyaM pRSTavAn, taM yIzOH priyatamaziSyaM pazcAd AgacchantaM
2b15150065	pitarO mukhaM parAvarttya vilOkya yIzuM pRSTavAn, hE prabhO Etasya mAnavasya kIdRzI gati rbhaviSyati?
2b15160072	sa pratyavadat, mama punarAgamanaparyyantaM yadi taM sthApayitum icchAmi tatra tava kiM? tvaM mama pazcAd Agaccha|
2b151700d1	tasmAt sa ziSyO na mariSyatIti bhrAtRgaNamadhyE kiMvadantI jAtA kintu sa na mariSyatIti vAkyaM yIzu rnAvadat kEvalaM mama punarAgamanaparyyantaM yadi taM sthApayitum icchAmi tatra tava kiM? iti vAkyam uktavAn|
2b15180074	yO jana EtAni sarvvANi likhitavAn atra sAkSyanjca dattavAn saEva sa ziSyaH, tasya sAkSyaM pramANamiti vayaM jAnImaH|
2b151900aa	yIzurEtEbhyO'parANyapi bahUni karmmANi kRtavAn tAni sarvvANi yadyEkaikaM kRtvA likhyantE tarhi granthA EtAvantO bhavanti tESAM dhAraNE pRthivyAM sthAnaM na bhavati| iti||
2c00000008	prEritAH
2c010100aa	hE thiyaphila, yIzuH svamanOnItAn prEritAn pavitrENAtmanA samAdizya yasmin dinE svargamArOhat yAM yAM kriyAmakarOt yadyad upAdizacca tAni sarvvANi pUrvvaM mayA likhitAni|
2c01020051	sa svanidhanaduHkhabhOgAt param anEkapratyayakSapramANauH svaM sajIvaM darzayitvA
2c0103005c	catvAriMzaddinAni yAvat tEbhyaH prEritEbhyO darzanaM dattvEzvarIyarAjyasya varNanama akarOt|
2c0104009d	anantaraM tESAM sabhAM kRtvA ityAjnjApayat, yUyaM yirUzAlamO'nyatra gamanamakRtvA yastin pitrAggIkRtE mama vadanAt kathA azRNuta tatprAptim apEkSya tiSThata|
2c01050053	yOhan jalE majjitAvAn kintvalpadinamadhyE yUyaM pavitra Atmani majjitA bhaviSyatha|
2c01060079	pazcAt tE sarvvE militvA tam apRcchan hE prabhO bhavAn kimidAnIM punarapi rAjyam isrAyElIyalOkAnAM karESu samarpayiSyati?
2c0107006a	tataH sOvadat yAn sarvvAn kAlAn samayAMzca pitA svavazE'sthApayat tAn jnjAtRM yuSmAkam adhikArO na jAyatE|
2c010800b3	kintu yuSmAsu pavitrasyAtmana AvirbhAvE sati yUyaM zaktiM prApya yirUzAlami samastayihUdAzOmirONadEzayOH pRthivyAH sImAM yAvad yAvantO dEzAstESu yarvvESu ca mayi sAkSyaM dAsyatha|
2c01090064	iti vAkyamuktvA sa tESAM samakSaM svargaM nItO'bhavat, tatO mEghamAruhya tESAM dRSTEragOcarO'bhavat|
2c010a00a6	yasmin samayE tE vihAyasaM pratyananyadRSTyA tasya tAdRzam Urdvvagamanam apazyan tasminnEva samayE zuklavastrau dvau janau tESAM sannidhau daNPAyamAnau kathitavantau,
2c010b00b8	hE gAlIlIyalOkA yUyaM kimarthaM gagaNaM prati nirIkSya daNPAyamAnAstiSThatha? yuSmAkaM samIpAt svargaM nItO yO yIzustaM yUyaM yathA svargam ArOhantam adarzam tathA sa punazcAgamiSyati|
2c010c008d	tataH paraM tE jaitunanAmnaH parvvatAd vizrAmavArasya pathaH parimANam arthAt prAyENArddhakrOzaM durasthaM yirUzAlamnagaraM parAvRtyAgacchan|
2c010d00ca	nagaraM pravizya pitarO yAkUb yOhan AndriyaH philipaH thOmA barthajamayO mathirAlphIyaputrO yAkUb udyOgA zimOn yAkUbO bhrAtA yihUdA EtE sarvvE yatra sthAnE pravasanti tasmin uparitanaprakOSThE prAvizan|
2c010e0082	pazcAd imE kiyatyaH striyazca yIzO rmAtA mariyam tasya bhrAtarazcaitE sarvva EkacittIbhUta satataM vinayEna vinayEna prArthayanta|
2c010f006d	tasmin samayE tatra sthAnE sAkalyEna viMzatyadhikazataM ziSyA Asan| tataH pitarastESAM madhyE tiSThan uktavAn
2c01100097	hE bhrAtRgaNa yIzudhAriNAM lOkAnAM pathadarzakO yO yihUdAstasmin dAyUdA pavitra AtmA yAM kathAM kathayAmAsa tasyAH pratyakSIbhavanasyAvazyakatvam AsIt|
2c0111003c	sa janO'smAkaM madhyavarttI san asyAH sEvAyA aMzam alabhata|
2c0112009f	tadanantaraM kukarmmaNA labdhaM yanmUlyaM tEna kSEtramEkaM krItam aparaM tasmin adhOmukhE bhRmau patitE sati tasyOdarasya vidIrNatvAt sarvvA nAPyO niragacchan|
2c01130084	EtAM kathAM yirUzAlamnivAsinaH sarvvE lOkA vidAnti; tESAM nijabhASayA tatkSEtranjca hakaldAmA, arthAt raktakSEtramiti vikhyAtamAstE|
2c011400b4	anyacca, nikEtanaM tadIyantu zunyamEva bhaviSyati| tasya dUSyE nivAsArthaM kOpi sthAsyati naiva hi| anya Eva janastasya padaM saMprApsyati dhruvaM| itthaM gItapustakE likhitamAstE|
2c01150078	atO yOhanO majjanam ArabhyAsmAkaM samIpAt prabhO ryIzOH svargArOhaNadinaM yAvat sOsmAkaM madhyE yAvanti dinAni yApitavAn
2c01160079	tAvanti dinAni yE mAnavA asmAbhiH sArddhaM tiSThanti tESAm EkEna janEnAsmAbhiH sArddhaM yIzOrutthAnE sAkSiNA bhavitavyaM|
2c0117008a	atO yasya rUPhi ryuSTO yaM barzabbEtyuktvAhUyanti sa yUSaph matathizca dvAvEtau pRthak kRtvA ta Izvarasya sannidhau prAryya kathitavantaH,
2c01180043	hE sarvvAntaryyAmin paramEzvara, yihUdAH sEvanaprEritatvapadacyutaH
2c01190069	san nijasthAnam agacchat, tatpadaM labdhum EnayO rjanayO rmadhyE bhavatA kO'bhirucitastadasmAn darzyatAM|
2c011a0062	tatO guTikApATE kRtE matathirniracIyata tasmAt sOnyESAm EkAdazAnAM praritAnAM madhyE gaNitObhavat|
2c02010076	aparanjca nistArOtsavAt paraM panjcAzattamE dinE samupasthitE sati tE sarvvE EkAcittIbhUya sthAna Ekasmin militA Asan|
2c02020083	EtasminnEva samayE'kasmAd AkAzAt pracaNPAtyugravAyOH zabdavad EkaH zabda Agatya yasmin gRhE ta upAvizan tad gRhaM samastaM vyApnOt|
2c02030066	tataH paraM vahnizikhAsvarUpA jihvAH pratyakSIbhUya vibhaktAH satyaH pratijanOrddhvE sthagitA abhUvan|
2c0204006d	tasmAt sarvvE pavitrENAtmanA paripUrNAH santa AtmA yathA vAcitavAn tadanusArENAnyadEzIyAnAM bhASA uktavantaH|
2c0205005d	tasmin samayE pRthivIsthasarvvadEzEbhyO yihUdIyamatAvalambinO bhaktalOkA yirUzAlami prAvasan;
2c0206007a	tasyAH kathAyAH kiMvadantyA jAtatvAt sarvvE lOkA militvA nijanijabhASayA ziSyANAM kathAkathanaM zrutvA samudvignA abhavan|
2c0207008a	sarvvaEva vismayApannA AzcaryyAnvitAzca santaH parasparaM uktavantaH pazyata yE kathAM kathayanti tE sarvvE gAlIlIyalOkAH kiM na bhavanti?
2c02080050	tarhi vayaM pratyEkazaH svasvajanmadEzIyabhASAbhiH kathA EtESAM zRNumaH kimidaM?
2c02090047	pArthI-mAdI-arAmnaharayimdEzanivAsimanO yihUdA-kappadakiyA-panta-AziyA-
2c020a00a4	phrugiyA-pamphuliyA-misaranivAsinaH kurINInikaTavarttilUbIyapradEzanivAsinO rOmanagarAd AgatA yihUdIyalOkA yihUdIyamatagrAhiNaH krItIyA arAbIyAdayO lOkAzca yE vayam
2c020b0045	asmAkaM nijanijabhASAbhirEtESAm IzvarIyamahAkarmmavyAkhyAnaM zRNumaH|
2c020c0058	itthaM tE sarvvaEva vismayApannAH sandigdhacittAH santaH parasparamUcuH, asya kO bhAvaH?
2c020d0048	aparE kEcit parihasya kathitavanta EtE navInadrAkSArasEna mattA abhavan|
2c020e009d	tadA pitara EkAdazabhi rjanaiH sAkaM tiSThan tAllOkAn uccaiHkAram avadat, hE yihUdIyA hE yirUzAlamnivAsinaH sarvvE, avadhAnaM kRtvA madIyavAkyaM budhyadhvaM|
2c020f005f	idAnIm EkayAmAd adhikA vElA nAsti tasmAd yUyaM yad anumAtha mAnavA imE madyapAnEna mattAstanna|
2c02100030	kintu yOyElbhaviSyadvaktraitadvAkyamuktaM yathA,
2c021100ec	IzvaraH kathayAmAsa yugAntasamayE tvaham| varSiSyAmi svamAtmAnaM sarvvaprANyupari dhruvam| bhAvivAkyaM vadiSyanti kanyAH putrAzca vastutaH|pratyAdEzanjca prApsyanti yuSmAkaM yuvamAnavAH| tathA prAcInalOkAstu svapnAn drakSyanti nizcitaM|
2c02120057	varSiSyAmi tadAtmAnaM dAsadAsIjanOpiri| tEnaiva bhAvivAkyaM tE vadiSyanti hi sarvvazaH|
2c02130085	UrddhvasthE gagaNE caiva nIcasthE pRthivItalE| zONitAni bRhadbhAnUn ghanadhUmAdikAni ca| cihnAni darzayiSyAmi mahAzcaryyakriyAstathA|
2c02140059	mahAbhayAnakasyaiva taddinasya parEzituH| purAgamAd raviH kRSNO raktazcandrO bhaviSyataH|
2c02150058	kintu yaH paramEzasya nAmni samprArthayiSyatE| saEva manujO nUnaM paritrAtO bhaviSyati||
2c021600db	atO hE isrAyElvaMzIyalOkAH sarvvE kathAyAmEtasyAm manO nidhaddhvaM nAsaratIyO yIzurIzvarasya manOnItaH pumAn Etad IzvarastatkRtairAzcaryyAdbhutakarmmabhi rlakSaNaizca yuSmAkaM sAkSAdEva pratipAditavAn iti yUyaM jAnItha|
2c0217008c	tasmin yIzau Izvarasya pUrvvanizcitamantraNAnirUpaNAnusArENa mRtyau samarpitE sati yUyaM taM dhRtvA duSTalOkAnAM hastaiH kruzE vidhitvAhata|
2c0218006c	kintvIzvarastaM nidhanasya bandhanAnmOcayitvA udasthApayat yataH sa mRtyunA baddhastiSThatIti na sambhavati|
2c02190083	Etastin dAyUdapi kathitavAn yathA, sarvvadA mama sAkSAttaM sthApaya paramEzvaraM| sthitE maddakSiNE tasmin skhaliSyAmi tvahaM nahi|
2c021a0082	AnandiSyati taddhEtO rmAmakInaM manastu vai| AhlAdiSyati jihvApi madIyA tu tathaiva ca| pratyAzayA zarIrantu madIyaM vaizayiSyatE|
2c021b008d	paralOkE yatO hEtOstvaM mAM naiva hi tyakSyasi| svakIyaM puNyavantaM tvaM kSayituM naiva dAsyasi| EvaM jIvanamArgaM tvaM mAmEva darzayiSyasi|
2c021c0060	svasammukhE ya AnandO dakSiNE svasya yat sukhaM| anantaM tEna mAM pUrNaM kariSyasi na saMzayaH||
2c021d00b5	hE bhrAtarO'smAkaM tasya pUrvvapuruSasya dAyUdaH kathAM spaSTaM kathayituM mAm anumanyadhvaM, sa prANAn tyaktvA zmazAnE sthApitObhavad adyApi tat zmazAnam asmAkaM sannidhau vidyatE|
2c021e00b0	phalatO laukikabhAvEna dAyUdO vaMzE khrISTaM janma grAhayitvA tasyaiva siMhAsanE samuvESTuM tamutthApayiSyati paramEzvaraH zapathaM kutvA dAyUdaH samIpa imam aggIkAraM kRtavAn,
2c021f00a3	iti jnjAtvA dAyUd bhaviSyadvAdI san bhaviSyatkAlIyajnjAnEna khrISTOtthAnE kathAmimAM kathayAmAsa yathA tasyAtmA paralOkE na tyakSyatE tasya zarIranjca na kSESyati;
2c02200054	ataH paramEzvara EnaM yIzuM zmazAnAd udasthApayat tatra vayaM sarvvE sAkSiNa AsmahE|
2c02210088	sa Izvarasya dakSiNakarENOnnatiM prApya pavitra Atmina pitA yamaggIkAraM kRtavAn tasya phalaM prApya yat pazyatha zRNutha ca tadavarSat|
2c02220071	yatO dAyUd svargaM nArurOha kintu svayam imAM kathAm akathayad yathA, mama prabhumidaM vAkyamavadat paramEzvaraH|
2c02230058	tava zatrUnahaM yAvat pAdapIThaM karOmi na| tAvat kAlaM madIyE tvaM dakSavArzva upAviza|
2c02240075	atO yaM yIzuM yUyaM kruzE'hata paramEzvarastaM prabhutvAbhiSiktatvapadE nyayuMktEti isrAyElIyA lOkA nizcitaM jAnantu|
2c02250087	EtAdRzIM kathAM zrutvA tESAM hRdayAnAM vidIrNatvAt tE pitarAya tadanyaprEritEbhyazca kathitavantaH, hE bhrAtRgaNa vayaM kiM kariSyAmaH?
2c022600b4	tataH pitaraH pratyavadad yUyaM sarvvE svaM svaM manaH parivarttayadhvaM tathA pApamOcanArthaM yIzukhrISTasya nAmnA majjitAzca bhavata, tasmAd dAnarUpaM paritram AtmAnaM lapsyatha|
2c022700a9	yatO yuSmAkaM yuSmatsantAnAnAnjca dUrasthasarvvalOkAnAnjca nimittam arthAd asmAkaM prabhuH paramEzvarO yAvatO lAkAn AhvAsyati tESAM sarvvESAM nimittam ayamaggIkAra AstE|
2c0228006b	EtadanyAbhi rbahukathAbhiH pramANaM datvAkathayat EtEbhyO vipathagAmibhyO varttamAnalOkEbhyaH svAn rakSata|
2c0229007e	tataH paraM yE sAnandAstAM kathAm agRhlan tE majjitA abhavan| tasmin divasE prAyENa trINi sahasrANi lOkAstESAM sapakSAH santaH
2c022a0054	prEritAnAm upadEzE saggatau pUpabhanjjanE prArthanAsu ca manaHsaMyOgaM kRtvAtiSThan|
2c022b0060	prEritai rnAnAprakAralakSaNESu mahAzcaryyakarmamasu ca darzitESu sarvvalOkAnAM bhayamupasthitaM|
2c022c0066	vizvAsakAriNaH sarvva ca saha tiSThanataH| svESAM sarvvAH sampattIH sAdhAraNyEna sthApayitvAbhunjjata|
2c022d0068	phalatO gRhANi dravyANi ca sarvvANi vikrIya sarvvESAM svasvaprayOjanAnusArENa vibhajya sarvvEbhyO'dadan|
2c022e00be	sarvva EkacittIbhUya dinE dinE mandirE santiSThamAnA gRhE gRhE ca pUpAnabhanjjanta Izvarasya dhanyavAdaM kurvvantO lOkaiH samAdRtAH paramAnandEna saralAntaHkaraNEna bhOjanaM pAnanjcakurvvan|
2c022f003e	paramEzvarO dinE dinE paritrANabhAjanai rmaNPalIm avarddhayat|
2c03010057	tRtIyayAmavElAyAM satyAM prArthanAyAH samayE pitarayOhanau sambhUya mandiraM gacchataH|
2c030200aa	tasminnEva samayE mandirapravEzakAnAM samIpE bhikSAraNArthaM yaM janmakhanjjamAnuSaM lOkA mandirasya sundaranAmni dvArE pratidinam asthApayan taM vahantastadvAraM Anayan|
2c03030059	tadA pitarayOhanau mantiraM pravESTum udyatau vilOkya sa khanjjastau kinjcid bhikSitavAn|
2c03040058	tasmAd yOhanA sahitaH pitarastam ananyadRSTyA nirIkSya prOktavAn AvAM prati dRSTiM kuru|
2c03050036	tataH sa kinjcit prAptyAzayA tau prati dRSTiM kRtavAn|
2c03060097	tadA pitarO gaditavAn mama nikaTE svarNarUpyAdi kimapi nAsti kintu yadAstE tad dadAmi nAsaratIyasya yIzukhrISTasya nAmnA tvamutthAya gamanAgamanE kuru|
2c0307009a	tataH paraM sa tasya dakSiNakaraM dhRtvA tam udatOlayat; tEna tatkSaNAt tasya janasya pAdagulphayOH sabalatvAt sa ullamphya prOtthAya gamanAgamanE 'karOt|
2c0308005d	tatO gamanAgamanE kurvvan ullamphan IzvaraM dhanyaM vadan tAbhyAM sArddhaM mandiraM prAvizat|
2c03090051	tataH sarvvE lOkAstaM gamanAgamanE kurvvantam IzvaraM dhanyaM vadantanjca vilOkya
2c030a007f	mandirasya sundarE dvArE ya upavizya bhikSitavAn saEvAyam iti jnjAtvA taM prati tayA ghaTanayA camatkRtA vismayApannAzcAbhavan|
2c030b0064	yaH khanjjaH svasthObhavat tEna pitarayOhanOH karayOrdhTatayOH satOH sarvvE lOkA sannidhim Agacchan|
2c030c00ce	tad dRSTvA pitarastEbhyO'kathayat, hE isrAyElIyalOkA yUyaM kutO 'nEnAzcaryyaM manyadhvE? AvAM nijazaktyA yadvA nijapuNyEna khanjjamanuSyamEnaM gamitavantAviti cintayitvA AvAM prati kutO'nanyadRSTiM kurutha?
2c030d00e4	yaM yIzuM yUyaM parakarESu samArpayata tatO yaM pIlAtO mOcayitum Ecchat tathApi yUyaM tasya sAkSAn nAggIkRtavanta ibrAhIma ishAkO yAkUbazcEzvarO'rthAd asmAkaM pUrvvapuruSANAm IzvaraH svaputrasya tasya yIzO rmahimAnaM prAkAzayat|
2c030e0062	kintu yUyaM taM pavitraM dhArmmikaM pumAMsaM nAggIkRtya hatyAkAriNamEkaM svEbhyO dAtum ayAcadhvaM|
2c030f0066	pazcAt taM jIvanasyAdhipatim ahata kintvIzvaraH zmazAnAt tam udasthApayata tatra vayaM sAkSiNa AsmahE|
2c031000be	imaM yaM mAnuSaM yUyaM pazyatha paricinutha ca sa tasya nAmni vizvAsakaraNAt calanazaktiM labdhavAn tasmin tasya yO vizvAsaH sa taM yuSmAkaM sarvvESAM sAkSAt sampUrNarUpENa svastham akArSIt|
2c03110066	hE bhrAtarO yUyaM yuSmAkam adhipatayazca ajnjAtvA karmmANyEtAni kRtavanta idAnIM mamaiSa bOdhO jAyatE|
2c0312007e	kintvIzvaraH khrISTasya duHkhabhOgE bhaviSyadvAdinAM mukhEbhyO yAM yAM kathAM pUrvvamakathayat tAH kathA itthaM siddhA akarOt|
2c03130077	ataH svESAM pApamOcanArthaM khEdaM kRtvA manAMsi parivarttayadhvaM, tasmAd IzvarAt sAntvanAprAptEH samaya upasthAsyati;
2c0314005a	punazca pUrvvakAlam Arabhya pracAritO yO yIzukhrISTastam IzvarO yuSmAn prati prESayiSyati|
2c031500a2	kintu jagataH sRSTimArabhya IzvarO nijapavitrabhaviSyadvAdigaNOna yathA kathitavAn tadanusArENa sarvvESAM kAryyANAM siddhiparyyantaM tEna svargE vAsaH karttavyaH|
2c031600a6	yuSmAkaM prabhuH paramEzvarO yuSmAkaM bhrAtRgaNamadhyAt matsadRzaM bhaviSyadvaktAram utpAdayiSyati, tataH sa yat kinjcit kathayiSyati tatra yUyaM manAMsi nidhaddhvaM|
2c031700b0	kintu yaH kazcit prANI tasya bhaviSyadvAdinaH kathAM na grahISyati sa nijalOkAnAM madhyAd ucchEtsyatE," imAM kathAm asmAkaM pUrvvapuruSEbhyaH kEvalO mUsAH kathayAmAsa iti nahi,
2c03180070	zimUyElbhaviSyadvAdinam Arabhya yAvantO bhaviSyadvAkyam akathayan tE sarvvaEva samayasyaitasya kathAm akathayan|
2c031900f7	yUyamapi tESAM bhaviSyadvAdinAM santAnAH, "tava vaMzOdbhavapuMsA sarvvadEzIyA lOkA AziSaM prAptA bhaviSyanti", ibrAhImE kathAmEtAM kathayitvA IzvarOsmAkaM pUrvvapuruSaiH sArddhaM yaM niyamaM sthirIkRtavAn tasya niyamasyAdhikAriNOpi yUyaM bhavatha|
2c031a0093	ata IzvarO nijaputraM yIzum utthApya yuSmAkaM sarvvESAM svasvapApAt parAvarttya yuSmabhyam AziSaM dAtuM prathamatastaM yuSmAkaM nikaTaM prESitavAn|
2c04010065	yasmin samayE pitarayOhanau lOkAn upadizatastasmin samayE yAjakA mandirasya sEnApatayaH sidUkIgaNazca
2c0402006f	tayOr upadEzakaraNE khrISTasyOtthAnam upalakSya sarvvESAM mRtAnAm utthAnaprastAvE ca vyagrAH santastAvupAgaman|
2c04030049	tau dhRtvA dinAvasAnakAraNAt paradinaparyyanantaM ruddhvA sthApitavantaH|
2c04040053	tathApi yE lOkAstayOrupadEzam azRNvan tESAM prAyENa panjcasahasrANi janA vyazvasan|
2c04050041	parE'hani adhipatayaH prAcInA adhyApakAzca hAnananAmA mahAyAjakaH
2c04060058	kiyaphA yOhan sikandara ityAdayO mahAyAjakasya jnjAtayaH sarvvE yirUzAlamnagarE militAH|
2c04070065	anantaraM prEritau madhyE sthApayitvApRcchan yuvAM kayA zaktayA vA kEna nAmnA karmmANyEtAni kuruthaH?
2c04080066	tadA pitaraH pavitrENAtmanA paripUrNaH san pratyavAdIt, hE lOkAnAm adhipatigaNa hE isrAyElIyaprAcInAH,
2c04090073	Etasya durbbalamAnuSasya hitaM yat karmmAkriyata, arthAt, sa yEna prakArENa svasthObhavat taccEd adyAvAM pRcchatha,
2c040a00bf	tarhi sarvva isrAyElIyalOkA yUyaM jAnIta nAsaratIyO yO yIzukhrISTaH kruzE yuSmAbhiravidhyata yazcEzvarENa zmazAnAd utthApitaH, tasya nAmnA janOyaM svasthaH san yuSmAkaM sammukhE prOttiSThati|
2c040b0059	nicEtRbhi ryuSmAbhirayaM yaH prastarO'vajnjAtO'bhavat sa pradhAnakONasya prastarO'bhavat|
2c040c0086	tadbhinnAdaparAt kasmAdapi paritrANaM bhavituM na zaknOti, yEna trANaM prApyEta bhUmaNPalasyalOkAnAM madhyE tAdRzaM kimapi nAma nAsti|
2c040d0095	tadA pitarayOhanOrEtAdRzIm akSEbhatAM dRSTvA tAvavidvAMsau nIcalOkAviti buddhvA Azcaryyam amanyanta tau ca yIzOH sagginau jAtAviti jnjAtum azaknuvan|
2c040e0065	kintu tAbhyAM sArddhaM taM svasthamAnuSaM tiSThantaM dRSTvA tE kAmapyaparAm ApattiM karttaM nAzaknun|
2c040f0059	tadA tE sabhAtaH sthAnAntaraM gantuM tAn AjnjApya svayaM parasparam iti mantraNAmakurvvan
2c041000ac	tau mAnavau prati kiM karttavyaM? tAvEkaM prasiddham AzcaryyaM karmma kRtavantau tad yirUzAlamnivAsinAM sarvvESAM lOkAnAM samIpE prAkAzata tacca vayamapahnOtuM na zaknumaH|
2c04110089	kintu lOkAnAM madhyam Etad yathA na vyApnOti tadarthaM tau bhayaM pradarzya tEna nAmnA kamapi manuSyaM nOpadizatam iti dRPhaM niSEdhAmaH|
2c04120073	tatastE prEritAvAhUya EtadAjnjApayan itaH paraM yIzO rnAmnA kadApi kAmapi kathAM mA kathayataM kimapi nOpadizanjca|
2c0413009b	tataH pitarayOhanau pratyavadatAm IzvarasyAjnjAgrahaNaM vA yuSmAkam AjnjAgrahaNam EtayO rmadhyE Izvarasya gOcarE kiM vihitaM? yUyaM tasya vivEcanAM kuruta|
2c04140056	vayaM yad apazyAma yadazRNuma ca tanna pracArayiSyAma Etat kadApi bhavituM na zaknOti|
2c04150096	yadaghaTata tad dRSTA sarvvE lOkA Izvarasya guNAn anvavadan tasmAt lOkabhayAt tau daNPayituM kamapyupAyaM na prApya tE punarapi tarjayitvA tAvatyajan|
2c04160063	yasya mAnuSasyaitat svAsthyakaraNam AzcaryyaM karmmAkriyata tasya vayazcatvAriMzadvatsarA vyatItAH|
2c04170082	tataH paraM tau visRSTau santau svasagginAM sannidhiM gatvA pradhAnayAjakaiH prAcInalOkaizca prOktAH sarvvAH kathA jnjApitavantau|
2c04180097	tacchrutvA sarvva EkacittIbhUya Izvaramuddizya prOccairEtat prArthayanta, hE prabhO gagaNapRthivIpayOdhInAM tESu ca yadyad AstE tESAM sraSTEzvarastvaM|
2c04190090	tvaM nijasEvakEna dAyUdA vAkyamidam uvacitha, manuSyA anyadEzIyAH kurvvanti kalahaM kutaH| lOkAH sarvvE kimarthaM vA cintAM kurvvanti niSphalAM|
2c041a005b	paramEzasya tEnaivAbhiSiktasya janasya ca| viruddhamabhitiSThanti pRthivyAH patayaH kutaH||
2c041b00b1	phalatastava hastEna mantraNayA ca pUrvva yadyat sthirIkRtaM tad yathA siddhaM bhavati tadarthaM tvaM yam athiSiktavAn sa Eva pavitrO yIzustasya prAtikUlyEna hErOd pantIyapIlAtO
2c041c003b	'nyadEzIyalOkA isrAyEllOkAzca sarvva EtE sabhAyAm atiSThan|
2c041d0036	hE paramEzvara adhunA tESAM tarjanaM garjananjca zRNu;
2c041e00c2	tathA svAsthyakaraNakarmmaNA tava bAhubalaprakAzapUrvvakaM tava sEvakAn nirbhayEna tava vAkyaM pracArayituM tava pavitraputrasya yIzO rnAmnA AzcaryyANyasambhavAni ca karmmANi karttunjcAjnjApaya|
2c041f009c	itthaM prArthanayA yatra sthAnE tE sabhAyAm Asan tat sthAnaM prAkampata; tataH sarvvE pavitrENAtmanA paripUrNAH santa Izvarasya kathAm akSObhENa prAcArayan|
2c0420009e	aparanjca pratyayakArilOkasamUhA Ekamanasa EkacittIbhUya sthitAH| tESAM kEpi nijasampattiM svIyAM nAjAnan kintu tESAM sarvvAH sampattyaH sAdhAraNyEna sthitAH|
2c04210072	anyacca prEritA mahAzaktiprakAzapUrvvakaM prabhO ryIzOrutthAnE sAkSyam adaduH, tESu sarvvESu mahAnugrahO'bhavacca|
2c04220063	tESAM madhyE kasyApi dravyanyUnatA nAbhavad yatastESAM gRhabhUmyAdyA yAH sampattaya Asan tA vikrIya
2c04230065	tanmUlyamAnIya prEritAnAM caraNESu taiH sthApitaM; tataH pratyEkazaH prayOjanAnusArENa dattamabhavat|
2c04240088	vizESataH kuprOpadvIpIyO yOsinAmakO lEvivaMzajAta EkO janO bhUmyadhikArI, yaM prEritA barNabbA arthAt sAntvanAdAyaka ityuktvA samAhUyan,
2c0425004a	sa janO nijabhUmiM vikrIya tanmUlyamAnIya prEritAnAM caraNESu sthApitavAn|
2c0501004f	tadA anAniyanAmaka EkO janO yasya bhAryyAyA nAma saphIrA sa svAdhikAraM vikrIya
2c05020077	svabhAryyAM jnjApayitvA tanmUlyasyaikAMzaM saggOpya sthApayitvA tadanyAMzamAtramAnIya prEritAnAM caraNESu samarpitavAn|
2c050300ad	tasmAt pitarOkathayat hE anAniya bhUmE rmUlyaM kinjcit saggOpya sthApayituM pavitrasyAtmanaH sannidhau mRSAvAkyaM kathayitunjca zaitAn kutastavAntaHkaraNE pravRttimajanayat?
2c050400b9	sA bhUmi ryadA tava hastagatA tadA kiM tava svIyA nAsIt? tarhi svAntaHkaraNE kuta EtAdRzI kukalpanA tvayA kRtA? tvaM kEvalamanuSyasya nikaTE mRSAvAkyaM nAvAdIH kintvIzvarasya nikaTE'pi|
2c05050081	EtAM kathAM zrutvaiva sO'nAniyO bhUmau patan prANAn atyajat, tadvRttAntaM yAvantO lOkA azRNvan tESAM sarvvESAM mahAbhayam ajAyat|
2c05060040	tadA yuvalOkAstaM vastrENAcchAdya bahi rnItvA zmazAnE'sthApayan|
2c05070054	tataH praharaikAnantaraM kiM vRttaM tannAvagatya tasya bhAryyApi tatra samupasthitA|
2c0508008d	tataH pitarastAm apRcchat, yuvAbhyAm EtAvanmudrAbhyO bhUmi rvikrItA na vA? EtatvaM vada; tadA sA pratyavAdIt satyam EtAvadbhyO mudrAbhya Eva|
2c050900bc	tataH pitarOkathayat yuvAM kathaM paramEzvarasyAtmAnaM parIkSitum EkamantraNAvabhavatAM? pazya yE tava patiM zmazAnE sthApitavantastE dvArasya samIpE samupatiSThanti tvAmapi bahirnESyanti|
2c050a00a9	tataH sApi tasya caraNasannidhau patitvA prANAn atyAkSIt| pazcAt tE yuvAnO'bhyantaram Agatya tAmapi mRtAM dRSTvA bahi rnItvA tasyAH patyuH pArzvE zmazAnE sthApitavantaH|
2c050b004c	tasmAt maNPalyAH sarvvE lOkA anyalOkAzca tAM vArttAM zrutvA sAdhvasaM gatAH|
2c050c0096	tataH paraM prEritAnAM hastai rlOkAnAM madhyE bahvAzcaryyANyadbhutAni karmmANyakriyanta; tadA ziSyAH sarvva EkacittIbhUya sulEmAnO 'lindE sambhUyAsan|
2c050d0052	tESAM sagghAntargO bhavituM kOpi pragalbhatAM nAgamat kintu lOkAstAn samAdriyanta|
2c050e003e	striyaH puruSAzca bahavO lOkA vizvAsya prabhuM zaraNamApannAH|
2c050f009a	pitarasya gamanAgamanAbhyAM kEnApi prakArENa tasya chAyA kasmiMzcijjanE lagiSyatItyAzayA lOkA rOgiNaH zivikayA khaTvayA cAnIya pathi pathi sthApitavantaH|
2c0510007d	caturdiksthanagarEbhyO bahavO lOkAH sambhUya rOgiNO'pavitrabhutagrastAMzca yirUzAlamam Anayan tataH sarvvE svasthA akriyanta|
2c0511003d	anantaraM mahAyAjakaH sidUkinAM matagrAhiNastESAM sahacarAzca
2c05120054	mahAkrOdhAntvitAH santaH prEritAn dhRtvA nIcalOkAnAM kArAyAM baddhvA sthApitavantaH|
2c05130051	kintu rAtrau paramEzvarasya dUtaH kArAyA dvAraM mOcayitvA tAn bahirAnIyAkathayat,
2c0514005f	yUyaM gatvA mandirE daNPAyamAnAH santO lOkAn pratImAM jIvanadAyikAM sarvvAM kathAM pracArayata|
2c051500d5	iti zrutvA tE pratyUSE mandira upasthAya upadiSTavantaH| tadA sahacaragaNEna sahitO mahAyAjaka Agatya mantrigaNam isrAyElvaMzasya sarvvAn rAjasabhAsadaH sabhAsthAn kRtvA kArAyAstAn ApayituM padAtigaNaM prEritavAn|
2c05160043	tatastE gatvA kArAyAM tAn aprApya pratyAgatya iti vArttAm avAdiSuH,
2c051700a3	vayaM tatra gatvA nirvvighnaM kArAyA dvAraM ruddhaM rakSakAMzca dvArasya bahirdaNPAyamAnAn adarzAma Eva kintu dvAraM mOcayitvA tanmadhyE kamapi draSTuM na prAptAH|
2c05180089	EtAM kathAM zrutvA mahAyAjakO mandirasya sEnApatiH pradhAnayAjakAzca, ita paraM kimaparaM bhaviSyatIti cintayitvA sandigdhacittA abhavan|
2c0519008d	EtasminnEva samayE kazcit jana Agatya vArttAmEtAm avadat pazyata yUyaM yAn mAnavAn kArAyAm asthApayata tE mandirE tiSThantO lOkAn upadizanti|
2c051a007a	tadA mandirasya sEnApatiH padAtayazca tatra gatvA cEllOkAH pASANAn nikSipyAsmAn mArayantIti bhiyA vinatyAcAraM tAn Anayan|
2c051b0049	tE mahAsabhAyA madhyE tAn asthApayan tataH paraM mahAyAjakastAn apRcchat,
2c051c00c2	anEna nAmnA samupadESTuM vayaM kiM dRPhaM na nyaSEdhAma? tathApi pazyata yUyaM svESAM tEnOpadEzEnE yirUzAlamaM paripUrNaM kRtvA tasya janasya raktapAtajanitAparAdham asmAn pratyAnEtuM cESTadhvE|
2c051d0060	tataH pitarOnyaprEritAzca pratyavadan mAnuSasyAjnjAgrahaNAd IzvarasyAjnjAgrahaNam asmAkamucitam|
2c051e0046	yaM yIzuM yUyaM kruzE vEdhitvAhata tam asmAkaM paitRka Izvara utthApya
2c051f007b	isrAyElvaMzAnAM manaHparivarttanaM pApakSamAnjca karttuM rAjAnaM paritrAtAranjca kRtvA svadakSiNapArzvE tasyAnnatim akarOt|
2c05200076	Etasmin vayamapi sAkSiNa AsmahE, tat kEvalaM nahi, Izvara AjnjAgrAhibhyO yaM pavitram AtmanaM dattavAn sOpi sAkSyasti|
2c05210051	EtadvAkyE zrutE tESAM hRdayAni viddhAnyabhavan tatastE tAn hantuM mantritavantaH|
2c052200b7	EtasminnEva samayE tatsabhAsthAnAM sarvvalOkAnAM madhyE sukhyAtO gamilIyElnAmaka EkO janO vyavasthApakaH phirUzilOka utthAya prEritAn kSaNArthaM sthAnAntaraM gantum Adizya kathitavAn,
2c0523005f	hE isrAyElvaMzIyAH sarvvE yUyam EtAn mAnuSAn prati yat karttum udyatAstasmin sAvadhAnA bhavata|
2c052400de	itaH pUrvvaM thUdAnAmaikO jana upasthAya svaM kamapi mahApuruSam avadat, tataH prAyENa catuHzatalOkAstasya matagrAhiNObhavan pazcAt sa hatObhavat tasyAjnjAgrAhiNO yAvantO lOkAstE sarvvE virkIrNAH santO 'kRtakAryyA abhavan|
2c052500ba	tasmAjjanAt paraM nAmalEkhanasamayE gAlIlIyayihUdAnAmaikO jana upasthAya bahUllOkAn svamataM grAhItavAn tataH sOpi vyanazyat tasyAjnjAgrAhiNO yAvantO lOkA Asan tE sarvvE vikIrNA abhavan|
2c05260099	adhunA vadAmi, yUyam EtAn manuSyAn prati kimapi na kRtvA kSAntA bhavata, yata ESa sagkalpa Etat karmma ca yadi manuSyAdabhavat tarhi viphalaM bhaviSyati|
2c05270060	yadIzvarAdabhavat tarhi yUyaM tasyAnyathA karttuM na zakSyatha, varam IzvararOdhakA bhaviSyatha|
2c05280071	tadA tasya mantraNAM svIkRtya tE prEritAn AhUya prahRtya yIzO rnAmnA kAmapi kathAM kathayituM niSidhya vyasarjan|
2c05290074	kintu tasya nAmArthaM vayaM lajjAbhOgasya yOgyatvEna gaNitA ityatra tE sAnandAH santaH sabhAsthAnAM sAkSAd agacchan|
2c052a0067	tataH paraM pratidinaM mandirE gRhE gRhE cAvizrAmam upadizya yIzukhrISTasya susaMvAdaM pracAritavantaH|
2c0601009c	tasmin samayE ziSyANAM bAhulyAt prAtyahikadAnasya vizrANanai rbhinnadEzIyAnAM vidhavAstrIgaNa upEkSitE sati ibrIyalOkaiH sahAnyadEzIyAnAM vivAda upAtiSThat|
2c0602007d	tadA dvAdazaprEritAH sarvvAn ziSyAn saMgRhyAkathayan Izvarasya kathApracAraM parityajya bhOjanagavESaNam asmAkam ucitaM nahi|
2c060300ad	atO hE bhrAtRgaNa vayam EtatkarmmaNO bhAraM yEbhyO dAtuM zaknuma EtAdRzAn sukhyAtyApannAn pavitrENAtmanA jnjAnEna ca pUrNAn sapprajanAn yUyaM svESAM madhyE manOnItAn kuruta,
2c0604004b	kintu vayaM prArthanAyAM kathApracArakarmmaNi ca nityapravRttAH sthAsyAmaH|
2c060500d4	EtasyAM kathAyAM sarvvE lOkAH santuSTAH santaH svESAM madhyAt stiphAnaH philipaH prakharO nikAnOr tIman parmmiNA yihUdimatagrAhI-AntiyakhiyAnagarIyO nikalA EtAn paramabhaktAn pavitrENAtmanA paripUrNAn sapta janAn
2c06060052	prEritAnAM samakSam Anayan, tatastE prArthanAM kRtvA tESAM ziraHsu hastAn Arpayan|
2c060700a1	aparanjca Izvarasya kathA dEzaM vyApnOt vizESatO yirUzAlami nagarE ziSyANAM saMkhyA prabhUtarUpENAvarddhata yAjakAnAM madhyEpi bahavaH khrISTamatagrAhiNO'bhavan|
2c0608006a	stiphAnO vizvAsEna parAkramENa ca paripUrNaH san lOkAnAM madhyE bahuvidham adbhutam AzcaryyaM karmmAkarOt|
2c06090094	tEna libarttinIyanAmnA vikhyAtasagghasya katipayajanAH kurINIyasikandarIya-kilikIyAzIyAdEzIyAH kiyantO janAzcOtthAya stiphAnEna sArddhaM vyavadanta|
2c060a0067	kintu stiphAnO jnjAnEna pavitrENAtmanA ca IdRzIM kathAM kathitavAn yasyAstE ApattiM karttuM nAzaknuvan|
2c060b0074	pazcAt tai rlObhitAH katipayajanAH kathAmEnAm akathayan, vayaM tasya mukhatO mUsA Izvarasya ca nindAvAkyam azrauSma|
2c060c007e	tE lOkAnAM lOkaprAcInAnAm adhyApakAnAnjca pravRttiM janayitvA stiphAnasya sannidhim Agatya taM dhRtvA mahAsabhAmadhyam Anayan|
2c060d0084	tadanantaraM katipayajanESu mithyAsAkSiSu samAnItESu tE'kathayan ESa jana EtatpuNyasthAnavyavasthayO rnindAtaH kadApi na nivarttatE|
2c060e0093	phalatO nAsaratIyayIzuH sthAnamEtad ucchinnaM kariSyati mUsAsamarpitam asmAkaM vyavaharaNam anyarUpaM kariSyati tasyaitAdRzIM kathAM vayam azRNuma|
2c060f0066	tadA mahAsabhAsthAH sarvvE taM prati sthirAM dRSTiM kRtvA svargadUtamukhasadRzaM tasya mukham apazyan|
2c07010037	tataH paraM mahAyAjakaH pRSTavAn, ESA kathAM kiM satyA?
2c070200cb	tataH sa pratyavadat, hE pitarO hE bhrAtaraH sarvvE lAkA manAMsi nidhaddhvaM|asmAkaM pUrvvapuruSa ibrAhIm hAraNnagarE vAsakaraNAt pUrvvaM yadA arAm-naharayimadEzE AsIt tadA tEjOmaya IzvarO darzanaM datvA
2c0703005a	tamavadat tvaM svadEzajnjAtimitrANi parityajya yaM dEzamahaM darzayiSyAmi taM dEzaM vraja|
2c07040082	ataH sa kasdIyadEzaM vihAya hAraNnagarE nyavasat, tadanantaraM tasya pitari mRtE yatra dEzE yUyaM nivasatha sa EnaM dEzamAgacchat|
2c070500c3	kintvIzvarastasmai kamapyadhikAram arthAd EkapadaparimitAM bhUmimapi nAdadAt; tadA tasya kOpi santAnO nAsIt tathApi santAnaiH sArddham Etasya dEzasyAdhikArI tvaM bhaviSyasIti tampratyaggIkRtavAn|
2c070600ab	Izvara ittham aparamapi kathitavAn tava santAnAH paradEzE nivatsyanti tatastaddEzIyalOkAzcatuHzatavatsarAn yAvat tAn dAsatvE sthApayitvA tAn prati kuvyavahAraM kariSyanti|
2c070700a3	aparam Izvara EnAM kathAmapi kathitavAn, yE lOkAstAn dAsatvE sthApayiSyanti tAllOkAn ahaM daNPayiSyAmi, tataH paraM tE bahirgatAH santO mAm atra sthAnE sEviSyantE|
2c070800ce	pazcAt sa tasmai tvakchEdasya niyamaM dattavAn, ata ishAkanAmni ibrAhIma EkaputrE jAtE, aSTamadinE tasya tvakchEdam akarOt| tasya ishAkaH putrO yAkUb, tatastasya yAkUbO'smAkaM dvAdaza pUrvvapuruSA ajAyanta|
2c0709004c	tE pUrvvapuruSA IrSyayA paripUrNA misaradEzaM prESayituM yUSaphaM vyakrINan|
2c070a00d3	kintvIzvarastasya sahAyO bhUtvA sarvvasyA durgatE rakSitvA tasmai buddhiM dattvA misaradEzasya rAjnjaH phirauNaH priyapAtraM kRtavAn tatO rAjA misaradEzasya svIyasarvvaparivArasya ca zAsanapadaM tasmai dattavAn|
2c070b006a	tasmin samayE misara-kinAnadEzayO rdurbhikSahEtOratikliSTatvAt naH pUrvvapuruSA bhakSyadravyaM nAlabhanta|
2c070c006d	kintu misaradEzE zasyAni santi, yAkUb imAM vArttAM zrutvA prathamam asmAkaM pUrvvapuruSAn misaraM prESitavAn|
2c070d006f	tatO dvitIyavAragamanE yUSaph svabhrAtRbhiH paricitO'bhavat; yUSaphO bhrAtaraH phirauN rAjEna paricitA abhavan|
2c070e0076	anantaraM yUSaph bhrAtRgaNaM prESya nijapitaraM yAkUbaM nijAn panjcAdhikasaptatisaMkhyakAn jnjAtijanAMzca samAhUtavAn|
2c070f0055	tasmAd yAkUb misaradEzaM gatvA svayam asmAkaM pUrvvapuruSAzca tasmin sthAnE'mriyanta|
2c0710007e	tatastE zikhimaM nItA yat zmazAnam ibrAhIm mudrAdatvA zikhimaH pitu rhamOraH putrEbhyaH krItavAn tatzmazAnE sthApayAnjcakrirE|
2c071100b2	tataH param Izvara ibrAhImaH sannidhau zapathaM kRtvA yAM pratijnjAM kRtavAn tasyAH pratijnjAyAH phalanasamayE nikaTE sati isrAyEllOkA simaradEzE varddhamAnA bahusaMkhyA abhavan|
2c0712003c	zESE yUSaphaM yO na paricinOti tAdRza EkO narapatirupasthAya
2c07130097	asmAkaM jnjAtibhiH sArddhaM dhUrttatAM vidhAya pUrvvapuruSAn prati kuvyavaharaNapUrvvakaM tESAM vaMzanAzanAya tESAM navajAtAn zizUn bahi rnirakSEpayat|
2c07140068	Etasmin samayE mUsA jajnjE, sa tu paramasundarO'bhavat tathA pitRgRhE mAsatrayaparyyantaM pAlitO'bhavat|
2c07150067	kintu tasmin bahirnikSiptE sati phirauNarAjasya kanyA tam uttOlya nItvA dattakaputraM kRtvA pAlitavatI|
2c0716005f	tasmAt sa mUsA misaradEzIyAyAH sarvvavidyAyAH pAradRSvA san vAkyE kriyAyAnjca zaktimAn abhavat|
2c07170061	sa sampUrNacatvAriMzadvatsaravayaskO bhUtvA isrAyElIyavaMzanijabhrAtRn sAkSAt kartuM matiM cakrE|
2c0718005f	tESAM janamEkaM hiMsitaM dRSTvA tasya sapakSaH san hiMsitajanam upakRtya misarIyajanaM jaghAna|
2c07190070	tasya hastEnEzvarastAn uddhariSyati tasya bhrAtRgaNa iti jnjAsyati sa ityanumAnaM cakAra, kintu tE na bubudhirE|
2c071a00bf	tatparE 'hani tESAm ubhayO rjanayO rvAkkalaha upasthitE sati mUsAH samIpaM gatvA tayO rmElanaM karttuM matiM kRtvA kathayAmAsa, hE mahAzayau yuvAM bhrAtarau parasparam anyAyaM kutaH kuruthaH?
2c071b008b	tataH samIpavAsinaM prati yO janO'nyAyaM cakAra sa taM dUrIkRtya kathayAmAsa, asmAkamupari zAstRtvavicArayitRtvapadayOH kastvAM niyuktavAn?
2c071c0037	hyO yathA misarIyaM hatavAn tathA kiM mAmapi haniSyasi?
2c071d0080	tadA mUsA EtAdRzIM kathAM zrutvA palAyanaM cakrE, tatO midiyanadEzaM gatvA pravAsI san tasthau, tatastatra dvau putrau jajnjAtE|
2c071e0089	anantaraM catvAriMzadvatsarESu gatESu sInayaparvvatasya prAntarE prajvalitastambasya vahnizikhAyAM paramEzvaradUtastasmai darzanaM dadau|
2c071f0044	mUsAstasmin darzanE vismayaM matvA vizESaM jnjAtuM nikaTaM gacchati,
2c072000e2	Etasmin samayE, ahaM tava pUrvvapuruSANAm IzvarO'rthAd ibrAhIma Izvara ishAka IzvarO yAkUba Izvarazca, mUsAmuddizya paramEzvarasyaitAdRzI vihAyasIyA vANI babhUva, tataH sa kampAnvitaH san puna rnirIkSituM pragalbhO na babhUva|
2c07210053	paramEzvarastaM jagAda, tava pAdayOH pAdukE mOcaya yatra tiSThasi sA pavitrabhUmiH|
2c072200ad	ahaM misaradEzasthAnAM nijalOkAnAM durddazAM nitAntam apazyaM, tESAM kAtaryyOktinjca zrutavAn tasmAt tAn uddharttum avaruhyAgamam; idAnIm Agaccha misaradEzaM tvAM prESayAmi|
2c072300b8	kastvAM zAstRtvavicArayitRtvapadayO rniyuktavAn, iti vAkyamuktvA tai ryO mUsA avajnjAtastamEva IzvaraH stambamadhyE darzanadAtrA tEna dUtEna zAstAraM muktidAtAranjca kRtvA prESayAmAsa|
2c072400a7	sa ca misaradEzE sUphnAmni samudrE ca pazcAt catvAriMzadvatsarAn yAvat mahAprAntarE nAnAprakArANyadbhutAni karmmANi lakSaNAni ca darzayitvA tAn bahiH kRtvA samAninAya|
2c072500c9	prabhuH paramEzvarO yuSmAkaM bhrAtRgaNasya madhyE mAdRzam EkaM bhaviSyadvaktAram utpAdayiSyati tasya kathAyAM yUyaM manO nidhAsyatha, yO jana isrAyElaH santAnEbhya EnAM kathAM kathayAmAsa sa ESa mUsAH|
2c072600ae	mahAprAntarasthamaNPalImadhyE'pi sa Eva sInayaparvvatOpari tEna sArddhaM saMlApinO dUtasya cAsmatpitRgaNasya madhyasthaH san asmabhyaM dAtavyani jIvanadAyakAni vAkyAni lEbhE|
2c07270078	asmAkaM pUrvvapuruSAstam amAnyaM katvA svEbhyO dUrIkRtya misaradEzaM parAvRtya gantuM manObhirabhilaSya hArONaM jagaduH,
2c07280091	asmAkam agrE'grE gantum asmadarthaM dEvagaNaM nirmmAhi yatO yO mUsA asmAn misaradEzAd bahiH kRtvAnItavAn tasya kiM jAtaM tadasmAbhi rna jnjAyatE|
2c0729006f	tasmin samayE tE gOvatsAkRtiM pratimAM nirmmAya tAmuddizya naivEdyamutmRjya svahastakRtavastunA AnanditavantaH|
2c072a0141	tasmAd IzvarastESAM prati vimukhaH san AkAzasthaM jyOtirgaNaM pUjayituM tEbhyO'numatiM dadau, yAdRzaM bhaviSyadvAdinAM granthESu likhitamAstE, yathA, isrAyElIyavaMzA rE catvAriMzatsamAn purA| mahati prAntarE saMsthA yUyantu yAni ca| balihOmAdikarmmANi kRtavantastu tAni kiM| mAM samuddizya yuSmAbhiH prakRtAnIti naiva ca|
2c072b00b0	kintu vO mOlakAkhyasya dEvasya dUSyamEva ca| yuSmAkaM rimphanAkhyAyA dEvatAyAzca tArakA| EtayOrubhayO rmUrtI yuSmAbhiH paripUjitE| atO yuSmAMstu bAbElaH pAraM nESyAmi nizcitaM|
2c072c00ba	aparanjca yannidarzanam apazyastadanusArENa dUSyaM nirmmAhi yasmin IzvarO mUsAm EtadvAkyaM babhASE tat tasya nirUpitaM sAkSyasvarUpaM dUSyam asmAkaM pUrvvapuruSaiH saha prAntarE tasthau|
2c072d00bf	pazcAt yihOzUyEna sahitaistESAM vaMzajAtairasmatpUrvvapuruSaiH svESAM sammukhAd IzvarENa dUrIkRtAnAm anyadEzIyAnAM dEzAdhikRtikAlE samAnItaM tad dUSyaM dAyUdOdhikAraM yAvat tatra sthAna AsIt|
2c072e0059	sa dAyUd paramEzvarasyAnugrahaM prApya yAkUb IzvarArtham EkaM dUSyaM nirmmAtuM vavAnjcha;
2c072f0032	kintu sulEmAn tadarthaM mandiram EkaM nirmmitavAn|
2c07300077	tathApi yaH sarvvOparisthaH sa kasmiMzcid hastakRtE mandirE nivasatIti nahi, bhaviSyadvAdI kathAmEtAM kathayati, yathA,
2c073100ba	parEzO vadati svargO rAjasiMhAsanaM mama| madIyaM pAdapIThanjca pRthivI bhavati dhruvaM| tarhi yUyaM kRtE mE kiM pranirmmAsyatha mandiraM| vizrAmAya madIyaM vA sthAnaM kiM vidyatE tviha|
2c0732002d	sarvvANyEtAni vastUni kiM mE hastakRtAni na||
2c0733009b	hE anAjnjAgrAhakA antaHkaraNE zravaNE cApavitralOkAH yUyam anavarataM pavitrasyAtmanaH prAtikUlyam Acaratha, yuSmAkaM pUrvvapuruSA yAdRzA yUyamapi tAdRzAH|
2c073400b7	yuSmAkaM pUrvvapuruSAH kaM bhaviSyadvAdinaM nAtAPayan? yE tasya dhArmmikasya janasyAgamanakathAM kathitavantastAn aghnan yUyam adhUnA vizvAsaghAtinO bhUtvA taM dhArmmikaM janam ahata|
2c0735003b	yUyaM svargIyadUtagaNEna vyavasthAM prApyApi tAM nAcaratha|
2c0736004e	imAM kathAM zrutvA tE manaHsu biddhAH santastaM prati dantagharSaNam akurvvan|
2c07370088	kintu stiphAnaH pavitrENAtmanA pUrNO bhUtvA gagaNaM prati sthiradRSTiM kRtvA Izvarasya dakSiNE daNPAyamAnaM yIzunjca vilOkya kathitavAn;
2c0738004b	pazya, mEghadvAraM muktam Izvarasya dakSiNE sthitaM mAnavasutanjca pazyAmi|
2c0739004f	tadA tE prOccaiH zabdaM kRtvA karNESvaggulI rnidhAya EkacittIbhUya tam Akraman|
2c073a007a	pazcAt taM nagarAd bahiH kRtvA prastarairAghnan sAkSiNO lAkAH zaulanAmnO yUnazcaraNasannidhau nijavastrANi sthApitavantaH|
2c073b0070	anantaraM hE prabhO yIzE madIyamAtmAnaM gRhANa stiphAnasyEti prArthanavAkyavadanasamayE tE taM prastarairAghnan|
2c073c0075	tasmAt sa jAnunI pAtayitvA prOccaiH zabdaM kRtvA, hE prabhE pApamEtad EtESu mA sthApaya, ityuktvA mahAnidrAM prApnOt|
2c080100c5	tasya hatyAkaraNaM zaulOpi samamanyata| tasmin samayE yirUzAlamnagarasthAM maNPalIM prati mahAtAPanAyAM jAtAyAM prEritalOkAn hitvA sarvvE'parE yihUdAzOmirONadEzayO rnAnAsthAnE vikIrNAH santO gatAH|
2c08020043	anyacca bhaktalOkAstaM stiphAnaM zmazAnE sthApayitvA bahu vyalapan|
2c08030066	kintu zaulO gRhE gRhE bhramitvA striyaH puruSAMzca dhRtvA kArAyAM baddhvA maNPalyA mahOtpAtaM kRtavAn|
2c08040048	anyacca yE vikIrNA abhavan tE sarvvatra bhramitvA susaMvAdaM prAcArayan|
2c0805003d	tadA philipaH zOmirONnagaraM gatvA khrISTAkhyAnaM prAcArayat;
2c08060070	tatO'zuci-bhRtagrastalOkEbhyO bhUtAzcItkRtyAgacchan tathA bahavaH pakSAghAtinaH khanjjA lOkAzca svasthA abhavan|
2c08070070	tasmAt lAkA IdRzaM tasyAzcaryyaM karmma vilOkya nizamya ca sarvva EkacittIbhUya tEnOktAkhyAnE manAMsi nyadadhuH|
2c08080020	tasminnagarE mahAnandazcAbhavat|
2c08090088	tataH pUrvvaM tasminnagarE zimOnnAmA kazcijjanO bahvI rmAyAkriyAH kRtvA svaM kanjcana mahApuruSaM prOcya zOmirONIyAnAM mOhaM janayAmAsa|
2c080a006c	tasmAt sa mAnuSa Izvarasya mahAzaktisvarUpa ityuktvA bAlavRddhavanitAH sarvvE lAkAstasmin manAMsi nyadadhuH|
2c080b004e	sa bahukAlAn mAyAvikriyayA sarvvAn atIva mOhayAnjcakAra, tasmAt tE taM mEnirE|
2c080c0087	kintvIzvarasya rAjyasya yIzukhrISTasya nAmnazcAkhyAnapracAriNaH philipasya kathAyAM vizvasya tESAM strIpuruSObhayalOkA majjitA abhavan|
2c080d008d	zESE sa zimOnapi svayaM pratyait tatO majjitaH san philipEna kRtAm AzcaryyakriyAM lakSaNanjca vilOkyAsambhavaM manyamAnastEna saha sthitavAn|
2c080e008f	itthaM zOmirONdEzIyalOkA Izvarasya kathAm agRhlan iti vArttAM yirUzAlamnagarasthaprEritAH prApya pitaraM yOhananjca tESAM nikaTE prESitavantaH|
2c080f005e	tatastau tat sthAnam upasthAya lOkA yathA pavitram AtmAnaM prApnuvanti tadarthaM prArthayEtAM|
2c0810007b	yatastE purA kEvalaprabhuyIzO rnAmnA majjitamAtrA abhavan, na tu tESAM madhyE kamapi prati pavitrasyAtmana AvirbhAvO jAtaH|
2c08110054	kintu prEritAbhyAM tESAM gAtrESu karESvarpitESu satsu tE pavitram AtmAnam prApnuvan|
2c0812007f	itthaM lOkAnAM gAtrESu prEritayOH karArpaNEna tAn pavitram AtmAnaM prAptAn dRSTvA sa zimOn tayOH samIpE mudrA AnIya kathitavAn;
2c0813006e	ahaM yasya gAtrE hastam arpayiSyAmi tasyApi yathEtthaM pavitrAtmaprApti rbhavati tAdRzIM zaktiM mahyaM dattaM|
2c08140075	kintu pitarastaM pratyavadat tava mudrAstvayA vinazyantu yata Izvarasya dAnaM mudrAbhiH krIyatE tvamitthaM buddhavAn;
2c08150051	IzvarAya tAvantaHkaraNaM saralaM nahi, tasmAd atra tavAMzO'dhikArazca kOpi nAsti|
2c08160085	ata EtatpApahEtOH khEdAnvitaH san kEnApi prakArENa tava manasa EtasyAH kukalpanAyAH kSamA bhavati, Etadartham IzvarE prArthanAM kuru;
2c08170040	yatastvaM tiktapittE pApasya bandhanE ca yadasi tanmayA buddham|
2c0818007d	tadA zimOn akathayat tarhi yuvAbhyAmuditA kathA mayi yathA na phalati tadarthaM yuvAM mannimittaM prabhau prArthanAM kurutaM|
2c08190098	anEna prakArENa tau sAkSyaM dattvA prabhOH kathAM pracArayantau zOmirONIyAnAm anEkagrAmESu susaMvAdanjca pracArayantau yirUzAlamnagaraM parAvRtya gatau|
2c081a0098	tataH param Izvarasya dUtaH philipam ityAdizat, tvamutthAya dakSiNasyAM dizi yO mArgO prAntarasya madhyEna yirUzAlamO 'sAnagaraM yAti taM mArgaM gaccha|
2c081b0092	tataH sa utthAya gatavAn; tadA kandAkInAmnaH kUzlOkAnAM rAjnjyAH sarvvasampattEradhIzaH kUzadEzIya EkaH SaNPO bhajanArthaM yirUzAlamnagaram Agatya
2c081c0053	punarapi rathamAruhya yizayiyanAmnO bhaviSyadvAdinO granthaM paThan pratyAgacchati|
2c081d0054	Etasmin samayE AtmA philipam avadat, tvam rathasya samIpaM gatvA tEna sArddhaM mila|
2c081e0087	tasmAt sa dhAvan tasya sannidhAvupasthAya tEna paThyamAnaM yizayiyathaviSyadvAdinO vAkyaM zrutvA pRSTavAn yat paThasi tat kiM budhyasE?
2c081f0081	tataH sa kathitavAn kEnacinna bOdhitOhaM kathaM budhyEya? tataH sa philipaM rathamArOPhuM svEna sArddham upavESTunjca nyavEdayat|
2c082000a9	sa zAstrasyEtadvAkyaM paThitavAn yathA, samAnIyata ghAtAya sa yathA mESazAvakaH| lOmacchEdakasAkSAcca mESazca nIravO yathA| Abadhya vadanaM svIyaM tathA sa samatiSThata|
2c0821008b	anyAyEna vicArENa sa ucchinnO 'bhavat tadA| tatkAlInamanuSyAn kO janO varNayituM kSamaH| yatO jIvannRNAM dEzAt sa ucchinnO 'bhavat dhruvaM|
2c08220078	anantaraM sa philipam avadat nivEdayAmi, bhaviSyadvAdI yAmimAM kathAM kathayAmAsa sa kiM svasmin vA kasmiMzcid anyasmin?
2c08230046	tataH philipastatprakaraNam Arabhya yIzOrupAkhyAnaM tasyAgrE prAstaut|
2c0824007a	itthaM mArgENa gacchantau jalAzayasya samIpa upasthitau; tadA klIbO'vAdIt pazyAtra sthAnE jalamAstE mama majjanE kA bAdhA?
2c08250097	tataH philipa uttaraM vyAharat svAntaHkaraNEna sAkaM yadi pratyESi tarhi bAdhA nAsti| tataH sa kathitavAn yIzukhrISTa Izvarasya putra ityahaM pratyEmi|
2c08260067	tadA rathaM sthagitaM karttum AdiSTE philipaklIbau dvau jalam avAruhatAM; tadA philipastam majjayAmAsa|
2c0827009f	tatpazcAt jalamadhyAd utthitayOH satOH paramEzvarasyAtmA philipaM hRtvA nItavAn, tasmAt klIbaH punastaM na dRSTavAn tathApi hRSTacittaH san svamArgENa gatavAn|
2c0828007f	philipazcAsdOdnagaram upasthAya tasmAt kaisariyAnagara upasthitikAlaparyyanataM sarvvasminnagarE susaMvAdaM pracArayan gatavAn|
2c09010076	tatkAlaparyyanataM zaulaH prabhOH ziSyANAM prAtikUlyEna tAPanAbadhayOH kathAM niHsArayan mahAyAjakasya sannidhiM gatvA
2c0902009f	striyaM puruSanjca tanmatagrAhiNaM yaM kanjcit pazyati tAn dhRtvA baddhvA yirUzAlamam AnayatItyAzayEna dammESaknagarIyaM dharmmasamAjAn prati patraM yAcitavAn|
2c09030075	gacchan tu dammESaknagaranikaTa upasthitavAn; tatO'kasmAd AkAzAt tasya caturdikSu tEjasaH prakAzanAt sa bhUmAvapatat|
2c09040051	pazcAt hE zaula hE zaula kutO mAM tAPayasi? svaM prati prOktam EtaM zabdaM zrutvA
2c0905008a	sa pRSTavAn, hE prabhO bhavAn kaH? tadA prabhurakathayat yaM yIzuM tvaM tAPayasi sa EvAhaM; kaNTakasya mukhE padAghAtakaraNaM tava kaSTam|
2c090600b0	tadA kampamAnO vismayApannazca sOvadat hE prabhO mayA kiM karttavyaM? bhavata icchA kA? tataH prabhurAjnjApayad utthAya nagaraM gaccha tatra tvayA yat karttavyaM tad vadiSyatE|
2c09070062	tasya sagginO lOkA api taM zabdaM zrutavantaH kintu kamapi na dRSTvA stabdhAH santaH sthitavantaH|
2c09080079	anantaraM zaulO bhUmita utthAya cakSuSI unmIlya kamapi na dRSTavAn| tadA lOkAstasya hastau dhRtvA dammESaknagaram Anayan|
2c0909003f	tataH sa dinatrayaM yAvad andhO bhUtvA na bhuktavAn pItavAMzca|
2c090a008d	tadanantaraM prabhustaddammESaknagaravAsina Ekasmai ziSyAya darzanaM datvA AhUtavAn hE ananiya| tataH sa pratyavAdIt, hE prabhO pazya zRNOmi|
2c090b0083	tadA prabhustamAjnjApayat tvamutthAya saralanAmAnaM mArgaM gatvA yihUdAnivEzanE tArSanagarIyaM zaulanAmAnaM janaM gavESayan pRccha;
2c090c0089	pazya sa prArthayatE, tathA ananiyanAmaka EkO janastasya samIpam Agatya tasya gAtrE hastArpaNaM kRtvA dRSTiM dadAtItthaM svapnE dRSTavAn|
2c090d005a	tasmAd ananiyaH pratyavadat hE prabhO yirUzAlami pavitralOkAn prati sO'nEkahiMsAM kRtavAn;
2c090e0095	atra sthAnE ca yE lOkAstava nAmni prArthayanti tAnapi baddhuM sa pradhAnayAjakEbhyaH zaktiM prAptavAn, imAM kathAm aham anEkESAM mukhEbhyaH zrutavAn|
2c090f008c	kintu prabhurakathayat, yAhi bhinnadEzIyalOkAnAM bhUpatInAm isrAyEllOkAnAnjca nikaTE mama nAma pracArayituM sa janO mama manOnItapAtramAstE|
2c0910004c	mama nAmanimittanjca tEna kiyAn mahAn klEzO bhOktavya Etat taM darzayiSyAmi|
2c091100f0	tatO 'naniyO gatvA gRhaM pravizya tasya gAtrE hastArpraNaM kRtvA kathitavAn, hE bhrAtaH zaula tvaM yathA dRSTiM prApnOSi pavitrENAtmanA paripUrNO bhavasi ca, tadarthaM tavAgamanakAlE yaH prabhuyIzustubhyaM darzanam adadAt sa mAM prESitavAn|
2c09120095	ityuktamAtrE tasya cakSurbhyAm mInazalkavad vastuni nirgatE tatkSaNAt sa prasannacakSu rbhUtvA prOtthAya majjitO'bhavat bhuktvA pItvA sabalObhavacca|
2c09130057	tataH paraM zaulaH ziSyaiH saha katipayadivasAn tasmin dammESakanagarE sthitvA'vilambaM
2c09140049	sarvvabhajanabhavanAni gatvA yIzurIzvarasya putra imAM kathAM prAcArayat|
2c091500d6	tasmAt sarvvE zrOtArazcamatkRtya kathitavantO yO yirUzAlamnagara EtannAmnA prArthayitRlOkAn vinAzitavAn Evam EtAdRzalOkAn baddhvA pradhAnayAjakanikaTaM nayatItyAzayA EtatsthAnamapyAgacchat saEva kimayaM na bhavati?
2c09160087	kintu zaulaH kramaza utsAhavAn bhUtvA yIzurIzvarENAbhiSiktO jana Etasmin pramANaM datvA dammESak-nivAsiyihUdIyalOkAn niruttarAn akarOt|
2c09170040	itthaM bahutithE kAlE gatE yihUdIyalOkAstaM hantuM mantrayAmAsuH
2c09180076	kintu zaulastESAmEtasyA mantraNAyA vArttAM prAptavAn| tE taM hantuM tu divAnizaM guptAH santO nagarasya dvArE'tiSThan;
2c09190040	tasmAt ziSyAstaM nItvA rAtrau piTakE nidhAya prAcIrENAvArOhayan|
2c091a0082	tataH paraM zaulO yirUzAlamaM gatvA ziSyagaNEna sArddhaM sthAtum aihat, kintu sarvvE tasmAdabibhayuH sa ziSya iti ca na pratyayan|
2c091b00e2	EtasmAd barNabbAstaM gRhItvA prEritAnAM samIpamAnIya mArgamadhyE prabhuH kathaM tasmai darzanaM dattavAn yAH kathAzca kathitavAn sa ca yathAkSObhaH san dammESaknagarE yIzO rnAma prAcArayat EtAn sarvvavRttAntAn tAn jnjApitavAn|
2c091c0057	tataH zaulastaiH saha yirUzAlami kAlaM yApayan nirbhayaM prabhO ryIzO rnAma prAcArayat|
2c091d004f	tasmAd anyadEzIyalOkaiH sArddhaM vivAdasyOpasthitatvAt tE taM hantum acESTanta|
2c091e004f	kintu bhrAtRgaNastajjnjAtvA taM kaisariyAnagaraM nItvA tArSanagaraM prESitavAn|
2c091f00b3	itthaM sati yihUdiyAgAlIlzOmirONadEzIyAH sarvvA maNPalyO vizrAmaM prAptAstatastAsAM niSThAbhavat prabhO rbhiyA pavitrasyAtmanaH sAntvanayA ca kAlaM kSEpayitvA bahusaMkhyA abhavan|
2c09200060	tataH paraM pitaraH sthAnE sthAnE bhramitvA zESE lOdnagaranivAsipavitralOkAnAM samIpE sthitavAn|
2c09210065	tadA tatra pakSAghAtavyAdhinASTau vatsarAn zayyAgatam ainEyanAmAnaM manuSyaM sAkSat prApya tamavadat,
2c09220067	hE ainEya yIzukhrISTastvAM svastham akArSIt, tvamutthAya svazayyAM nikSipa, ityuktamAtrE sa udatiSThat|
2c09230044	EtAdRzaM dRSTvA lOdzArONanivAsinO lOkAH prabhuM prati parAvarttanta|
2c0924008f	aparanjca bhikSAdAnAdiSu nAnakriyAsu nityaM pravRttA yA yAphOnagaranivAsinI TAbithAnAmA ziSyA yAM darkkAM arthAd hariNImayuktvA Ahvayan sA nArI
2c09250065	tasmin samayE rugnA satI prANAn atyajat, tatO lOkAstAM prakSAlyOparisthaprakOSThE zAyayitvAsthApayan|
2c092600a0	lOdnagaraM yAphOnagarasya samIpasthaM tasmAttatra pitara AstE, iti vArttAM zrutvA tUrNaM tasyAgamanArthaM tasmin vinayamuktvA ziSyagaNO dvau manujau prESitavAn|
2c092700f3	tasmAt pitara utthAya tAbhyAM sArddham Agacchat, tatra tasmin upasthita uparisthaprakOSThaM samAnItE ca vidhavAH svAbhiH saha sthitikAlE darkkayA kRtAni yAnyuttarIyANi paridhEyAni ca tAni sarvvANi taM darzayitvA rudatyazcatasRSu dikSvatiSThan|
2c092800cf	kintu pitarastAH sarvvA bahiH kRtvA jAnunI pAtayitvA prArthitavAn; pazcAt zavaM prati dRSTiM kRtvA kathitavAn, hE TAbIthE tvamuttiSTha, iti vAkya uktE sA strI cakSuSI prOnmIlya pitaram avalOkyOtthAyOpAvizat|
2c09290069	tataH pitarastasyAH karau dhRtvA uttOlya pavitralOkAn vidhavAzcAhUya tESAM nikaTE sajIvAM tAM samArpayat|
2c092a004a	ESA kathA samastayAphOnagaraM vyAptA tasmAd anEkE lOkAH prabhau vyazvasan|
2c092b0060	aparanjca pitarastadyAphOnagarIyasya kasyacit zimOnnAmnazcarmmakArasya gRhE bahudinAni nyavasat|
2c0a010046	kaisariyAnagara itAliyAkhyasainyAntargataH karNIliyanAmA sEnApatirAsIt
2c0a02006d	sa saparivArO bhakta IzvaraparAyaNazcAsIt; lOkEbhyO bahUni dAnAdIni datvA nirantaram IzvarE prArthayAnjcakrE|
2c0a030070	EkadA tRtIyapraharavElAyAM sa dRSTavAn IzvarasyaikO dUtaH saprakAzaM tatsamIpam Agatya kathitavAn, hE karNIliya|
2c0a040087	kintu sa taM dRSTvA bhItO'kathayat, hE prabhO kiM? tadA tamavadat tava prArthanA dAnAdi ca sAkSisvarUpaM bhUtvEzvarasya gOcaramabhavat|
2c0a050089	idAnIM yAphOnagaraM prati lOkAn prESya samudratIrE zimOnnAmnazcarmmakArasya gRhE pravAsakArI pitaranAmnA vikhyAtO yaH zimOn tam AhvAyaya;
2c0a060033	tasmAt tvayA yadyat karttavyaM tattat sa vadiSyati|
2c0a070081	ityupadizya dUtE prasthitE sati karNIliyaH svagRhasthAnAM dAsAnAM dvau janau nityaM svasagginAM sainyAnAm EkAM bhaktasEnAnjcAhUya
2c0a08003a	sakalamEtaM vRttAntaM vijnjApya yAphOnagaraM tAn prAhiNOt|
2c0a090082	parasmin dinE tE yAtrAM kRtvA yadA nagarasya samIpa upAtiSThan, tadA pitarO dvitIyapraharavElAyAM prArthayituM gRhapRSTham ArOhat|
2c0a0a006d	Etasmin samayE kSudhArttaH san kinjcid bhOktum aicchat kintu tESAm annAsAdanasamayE sa mUrcchitaH sannapatat|
2c0a0b0079	tatO mEghadvAraM muktaM caturbhiH kONai rlambitaM bRhadvastramiva kinjcana bhAjanam AkAzAt pRthivIm avArOhatIti dRSTavAn|
2c0a0c004f	tanmadhyE nAnaprakArA grAmyavanyapazavaH khEcarOrOgAmiprabhRtayO jantavazcAsan|
2c0a0d004a	anantaraM hE pitara utthAya hatvA bhuMkSva tampratIyaM gagaNIyA vANI jAtA|
2c0a0e0080	tadA pitaraH pratyavadat, hE prabhO IdRzaM mA bhavatu, aham Etat kAlaM yAvat niSiddham azuci vA dravyaM kinjcidapi na bhuktavAn|
2c0a0f0061	tataH punarapi tAdRzI vihayasIyA vANI jAtA yad IzvaraH zuci kRtavAn tat tvaM niSiddhaM na jAnIhi|
2c0a100039	itthaM triH sati tat pAtraM punarAkRSTaM AkAzam agacchat|
2c0a11009e	tataH paraM yad darzanaM prAptavAn tasya kO bhAva ityatra pitarO manasA sandEgdhi, Etasmin samayE karNIliyasya tE prESitA manuSyA dvArasya sannidhAvupasthAya,
2c0a120069	zimOnO gRhamanvicchantaH sampRchyAhUya kathitavantaH pitaranAmnA vikhyAtO yaH zimOn sa kimatra pravasati?
2c0a130064	yadA pitarastaddarzanasya bhAvaM manasAndOlayati tadAtmA tamavadat, pazya trayO janAstvAM mRgayantE|
2c0a140045	tvam utthAyAvaruhya niHsandEhaM taiH saha gaccha mayaiva tE prESitAH|
2c0a150089	tasmAt pitarO'varuhya karNIliyaprEritalOkAnAM nikaTamAgatya kathitavAn pazyata yUyaM yaM mRgayadhvE sa janOhaM, yUyaM kinnimittam AgatAH?
2c0a1600cf	tatastE pratyavadan karNIliyanAmA zuddhasattva IzvaraparAyaNO yihUdIyadEzasthAnAM sarvvESAM sannidhau sukhyAtyApanna EkaH sEnApati rnijagRhaM tvAmAhUya nEtuM tvattaH kathA zrOtunjca pavitradUtEna samAdiSTaH|
2c0a170097	tadA pitarastAnabhyantaraM nItvA tESAmAtithyaM kRtavAn, parE'hani taiH sArddhaM yAtrAmakarOt, yAphOnivAsinAM bhrAtRNAM kiyantO janAzca tEna saha gatAH|
2c0a180069	parasmin divasE kaisariyAnagaramadhyapravEzasamayE karNIliyO jnjAtibandhUn AhUyAnIya tAn apEkSya sthitaH|
2c0a19004b	pitarE gRha upasthitE karNIliyastaM sAkSAtkRtya caraNayOH patitvA prANamat|
2c0a1a0036	pitarastamutthApya kathitavAn, uttiSThAhamapi mAnuSaH|
2c0a1b0062	tadA karNIliyEna sAkam Alapan gRhaM prAvizat tanmadhyE ca bahulOkAnAM samAgamaM dRSTvA tAn avadat,
2c0a1c00cf	anyajAtIyalOkaiH mahAlapanaM vA tESAM gRhamadhyE pravEzanaM yihUdIyAnAM niSiddham astIti yUyam avagacchatha; kintu kamapi mAnuSam avyavahAryyam azuciM vA jnjAtuM mama nOcitam iti paramEzvarO mAM jnjApitavAn|
2c0a1d0075	iti hEtOrAhvAnazravaNamAtrAt kAnjcanApattim akRtvA yuSmAkaM samIpam AgatOsmi; pRcchAmi yUyaM kinnimittaM mAm AhUyata?
2c0a1e00d0	tadA karNIliyaH kathitavAn, adya catvAri dinAni jAtAni EtAvadvElAM yAvad aham anAhAra Asan tatastRtIyapraharE sati gRhE prArthanasamayE tEjOmayavastrabhRd EkO janO mama samakSaM tiSThan EtAM kathAm akathayat,
2c0a1f0078	hE karNIliya tvadIyA prArthanA Izvarasya karNagOcarIbhUtA tava dAnAdi ca sAkSisvarUpaM bhUtvA tasya dRSTigOcaramabhavat|
2c0a2000b7	atO yAphOnagaraM prati lOkAn prahitya tatra samudratIrE zimOnnAmnaH kasyaciccarmmakArasya gRhE pravAsakArI pitaranAmnA vikhyAtO yaH zimOn tamAhUyaya; tataH sa Agatya tvAm upadEkSyati|
2c0a2100c1	iti kAraNAt tatkSaNAt tava nikaTE lOkAn prESitavAn, tvamAgatavAn iti bhadraM kRtavAn| IzvarO yAnyAkhyAnAni kathayitum Adizat tAni zrOtuM vayaM sarvvE sAmpratam Izvarasya sAkSAd upasthitAH smaH|
2c0a22004f	tadA pitara imAM kathAM kathayitum ArabdhavAn, IzvarO manuSyANAm apakSapAtI san
2c0a230077	yasya kasyacid dEzasya yO lOkAstasmAdbhItvA satkarmma karOti sa tasya grAhyO bhavati, Etasya nizcayam upalabdhavAnaham|
2c0a24009a	sarvvESAM prabhu ryO yIzukhrISTastEna Izvara isrAyElvaMzAnAM nikaTE susaMvAdaM prESya sammElanasya yaM saMvAdaM prAcArayat taM saMvAdaM yUyaM zrutavantaH|
2c0a250056	yatO yOhanA majjanE pracAritE sati sa gAlIladEzamArabhya samastayihUdIyadEzaM vyApnOt;
2c0a2600b4	phalata IzvarENa pavitrENAtmanA zaktyA cAbhiSiktO nAsaratIyayIzuH sthAnE sthAnE bhraman sukriyAM kurvvan zaitAnA kliSTAn sarvvalOkAn svasthAn akarOt, yata Izvarastasya sahAya AsIt;
2c0a27007e	vayanjca yihUdIyadEzE yirUzAlamnagarE ca tEna kRtAnAM sarvvESAM karmmaNAM sAkSiNO bhavAmaH| lOkAstaM kruzE viddhvA hatavantaH,
2c0a28003b	kintu tRtIyadivasE IzvarastamutthApya saprakAzam adarzayat|
2c0a2900b5	sarvvalOkAnAM nikaTa iti na hi, kintu tasmin zmazAnAdutthitE sati tEna sArddhaM bhOjanaM pAnanjca kRtavanta EtAdRzA Izvarasya manOnItAH sAkSiNO yE vayam asmAkaM nikaTE tamadarzayat|
2c0a2a0093	jIvitamRtObhayalOkAnAM vicAraM karttum IzvarO yaM niyuktavAn sa Eva sa janaH, imAM kathAM pracArayituM tasmin pramANaM dAtunjca sO'smAn AjnjApayat|
2c0a2b0071	yastasmin vizvasiti sa tasya nAmnA pApAnmuktO bhaviSyati tasmin sarvvE bhaviSyadvAdinOpi EtAdRzaM sAkSyaM dadati|
2c0a2c004a	pitarasyaitatkathAkathanakAlE sarvvESAM zrOtRNAmupari pavitra AtmAvArOhat|
2c0a2d0062	tataH pitarENa sArddham AgatAstvakchEdinO vizvAsinO lOkA anyadEzIyEbhyaH pavitra Atmani dattE sati
2c0a2e0066	tE nAnAjAtIyabhASAbhiH kathAM kathayanta IzvaraM prazaMsanti, iti dRSTvA zrutvA ca vismayam Apadyanta|
2c0a2f006b	tadA pitaraH kathitavAn, vayamiva yE pavitram AtmAnaM prAptAstESAM jalamajjanaM kiM kOpi niSEddhuM zaknOti?
2c0a300075	tataH prabhO rnAmnA majjitA bhavatEti tAnAjnjApayat| anantaraM tE svaiH sArddhaM katipayadinAni sthAtuM prArthayanta|
2c0b010072	itthaM bhinnadEzIyalOkA apIzvarasya vAkyam agRhlan imAM vArttAM yihUdIyadEzasthaprEritA bhrAtRgaNazca zrutavantaH|
2c0b020054	tataH pitarE yirUzAlamnagaraM gatavati tvakchEdinO lOkAstEna saha vivadamAnA avadan,
2c0b03003b	tvam atvakchEdilOkAnAM gRhaM gatvA taiH sArddhaM bhuktavAn|
2c0b04004c	tataH pitara AditaH kramazastatkAryyasya sarvvavRttAntamAkhyAtum ArabdhavAn|
2c0b05009e	yAphOnagara EkadAhaM prArthayamAnO mUrcchitaH san darzanEna caturSu kONESu lambanamAnaM vRhadvastramiva pAtramEkam AkAzadavaruhya mannikaTam Agacchad apazyam|
2c0b06006e	pazcAt tad ananyadRSTyA dRSTvA vivicya tasya madhyE nAnAprakArAn grAmyavanyapazUn urOgAmikhEcarAMzca dRSTavAn;
2c0b070056	hE pitara tvamutthAya gatvA bhuMkSva mAM sambOdhya kathayantaM zabdamEkaM zrutavAMzca|
2c0b08007f	tatOhaM pratyavadaM, hE prabhO nEtthaM bhavatu, yataH kinjcana niSiddham azuci dravyaM vA mama mukhamadhyaM kadApi na prAvizat|
2c0b09005d	aparam IzvarO yat zuci kRtavAn tanniSiddhaM na jAnIhi dvi rmAmpratIdRzI vihAyasIyA vANI jAtA|
2c0b0a0030	triritthaM sati tat sarvvaM punarAkAzam AkRSTaM|
2c0b0b006c	pazcAt kaisariyAnagarAt trayO janA mannikaTaM prESitA yatra nivEzanE sthitOhaM tasmin samayE tatrOpAtiSThan|
2c0b0c008c	tadA niHsandEhaM taiH sArddhaM yAtum AtmA mAmAdiSTavAn; tataH paraM mayA sahaitESu SaPbhrAtRSu gatESu vayaM tasya manujasya gRhaM prAvizAma|
2c0b0d00b7	sOsmAkaM nikaTE kathAmEtAm akathayat EkadA dUta EkaH pratyakSIbhUya mama gRhamadhyE tiSTan mAmityAjnjApitavAn, yAphOnagaraM prati lOkAn prahitya pitaranAmnA vikhyAtaM zimOnam AhUyaya;
2c0b0e004e	tatastava tvadIyaparivArANAnjca yEna paritrANaM bhaviSyati tat sa upadEkSyati|
2c0b0f0080	ahaM tAM kathAmutthApya kathitavAn tEna prathamam asmAkam upari yathA pavitra AtmAvarUPhavAn tathA tESAmapyupari samavarUPhavAn|
2c0b100089	tEna yOhan jalE majjitavAn iti satyaM kintu yUyaM pavitra Atmani majjitA bhaviSyatha, iti yadvAkyaM prabhuruditavAn tat tadA mayA smRtam|
2c0b11009c	ataH prabhA yIzukhrISTE pratyayakAriNO yE vayam asmabhyam IzvarO yad dattavAn tat tEbhyO lOkEbhyOpi dattavAn tataH kOhaM? kimaham IzvaraM vArayituM zaknOmi?
2c0b12009f	kathAmEtAM zruvA tE kSAntA Izvarasya guNAn anukIrttya kathitavantaH, tarhi paramAyuHprAptinimittam IzvarOnyadEzIyalOkEbhyOpi manaHparivarttanarUpaM dAnam adAt|
2c0b1300aa	stiphAnaM prati upadravE ghaTitE yE vikIrNA abhavan tai phainIkIkuprAntiyakhiyAsu bhramitvA kEvalayihUdIyalOkAn vinA kasyApyanyasya samIpa Izvarasya kathAM na prAcArayan|
2c0b140080	aparaM tESAM kuprIyAH kurInIyAzca kiyantO janA AntiyakhiyAnagaraM gatvA yUnAnIyalOkAnAM samIpEpi prabhOryIzOH kathAM prAcArayan|
2c0b150056	prabhOH karastESAM sahAya AsIt tasmAd anEkE lOkA vizvasya prabhuM prati parAvarttanta|
2c0b160071	iti vArttAyAM yirUzAlamasthamaNPalIyalOkAnAM karNagOcarIbhUtAyAm AntiyakhiyAnagaraM gantu tE barNabbAM prairayan|
2c0b170053	tatO barNabbAstatra upasthitaH san IzvarasyAnugrahasya phalaM dRSTvA sAnandO jAtaH,
2c0b180094	sa svayaM sAdhu rvizvAsEna pavitrENAtmanA ca paripUrNaH san ganOniSTayA prabhAvAsthAM karttuM sarvvAn upadiSTavAn tEna prabhOH ziSyA anEkE babhUvuH|
2c0b190071	zESE zaulaM mRgayituM barNabbAstArSanagaraM prasthitavAn| tatra tasyOddEzaM prApya tam AntiyakhiyAnagaram Anayat;
2c0b1a009e	tatastau maNPalIsthalOkaiH sabhAM kRtvA saMvatsaramEkaM yAvad bahulOkAn upAdizatAM; tasmin AntiyakhiyAnagarE ziSyAH prathamaM khrISTIyanAmnA vikhyAtA abhavan|
2c0b1b0046	tataH paraM bhaviSyadvAdigaNE yirUzAlama AntiyakhiyAnagaram AgatE sati
2c0b1c0097	AgAbanAmA tESAmEka utthAya AtmanaH zikSayA sarvvadEzE durbhikSaM bhaviSyatIti jnjApitavAn; tataH klaudiyakaisarasyAdhikArE sati tat pratyakSam abhavat|
2c0b1d0076	tasmAt ziSyA EkaikazaH svasvazaktyanusAratO yihUdIyadEzanivAsinAM bhratRNAM dinayApanArthaM dhanaM prESayituM nizcitya
2c0b1e0040	barNabbAzaulayO rdvArA prAcInalOkAnAM samIpaM tat prESitavantaH|
2c0c01004b	tasmin samayE hErOd‌rAjO maNPalyAH kiyajjanEbhyO duHkhaM dAtuM prArabhat|
2c0c020038	vizESatO yOhanaH sOdaraM yAkUbaM karavAlAghAtEn hatavAn|
2c0c03004e	tasmAd yihUdIyAH santuSTA abhavan iti vijnjAya sa pitaramapi dharttuM gatavAn|
2c0c040104	tadA kiNvazUnyapUpOtsavasamaya upAtiSTat; ata utsavE gatE sati lOkAnAM samakSaM taM bahirAnEyyAmIti manasi sthirIkRtya sa taM dhArayitvA rakSNArtham yESAm EkaikasaMghE catvArO janAH santi tESAM caturNAM rakSakasaMghAnAM samIpE taM samarpya kArAyAM sthApitavAn|
2c0c050059	kintuM pitarasya kArAsthitikAraNAt maNPalyA lOkA avizrAmam Izvarasya samIpE prArthayanta|
2c0c0600c2	anantaraM hErOdi taM bahirAnAyituM udyatE sati tasyAM rAtrau pitarO rakSakadvayamadhyasthAnE zRgkhaladvayEna baddhvaH san nidrita AsIt, dauvArikAzca kArAyAH sammukhE tiSThanatO dvAram arakSiSuH|
2c0c0700cd	Etasmin samayE paramEzvarasya dUtE samupasthitE kArA dIptimatI jAtA; tataH sa dUtaH pitarasya kukSAvAvAtaM kRtvA taM jAgarayitvA bhASitavAn tUrNamuttiSTha; tatastasya hastasthazRgkhaladvayaM galat patitaM|
2c0c08008d	sa dUtastamavadat, baddhakaTiH san pAdayOH pAdukE arpaya; tEna tathA kRtE sati dUtastam uktavAn gAtrIyavastraM gAtrE nidhAya mama pazcAd Ehi|
2c0c09007a	tataH pitarastasya pazcAd vrajana bahiragacchat, kintu dUtEna karmmaitat kRtamiti satyamajnjAtvA svapnadarzanaM jnjAtavAn|
2c0c0a0100	itthaM tau prathamAM dvitIyAnjca kArAM lagghitvA yEna lauhanirmmitadvArENa nagaraM gamyatE tatsamIpaM prApnutAM; tatastasya kavATaM svayaM muktamabhavat tatastau tatsthAnAd bahi rbhUtvA mArgaikasya sImAM yAvad gatau; tatO'kasmAt sa dUtaH pitaraM tyaktavAn|
2c0c0b009a	tadA sa cEtanAM prApya kathitavAn nijadUtaM prahitya paramEzvarO hErOdO hastAd yihUdIyalOkAnAM sarvvAzAyAzca mAM samuddhRtavAn ityahaM nizcayaM jnjAtavAn|
2c0c0c0075	sa vivicya mArkanAmrA vikhyAtasya yOhanO mAtu rmariyamO yasmin gRhE bahavaH sambhUya prArthayanta tannivEzanaM gataH|
2c0c0d003c	pitarENa bahirdvAra AhatE sati rOdAnAmA bAlikA draSTuM gatA|
2c0c0e0089	tataH pitarasya svaraM zruvA sA harSayuktA satI dvAraM na mOcayitvA pitarO dvArE tiSThatIti vArttAM vaktum abhyantaraM dhAvitvA gatavatI|
2c0c0f0049	tE prAvOcan tvamunmattA jAtAsi kintu sA muhurmuhuruktavatI satyamEvaitat|
2c0c10002d	tadA tE kathitavantastarhi tasya dUtO bhavEt|
2c0c110056	pitarO dvAramAhatavAn EtasminnantarE dvAraM mOcayitvA pitaraM dRSTvA vismayaM prAptAH|
2c0c1200eb	tataH pitarO niHzabdaM sthAtuM tAn prati hastEna sagkEtaM kRtvA paramEzvarO yEna prakArENa taM kArAyA uddhRtyAnItavAn tasya vRttAntaM tAnajnjApayat, yUyaM gatvA yAkubaM bhrAtRgaNanjca vArttAmEtAM vadatEtyuktA sthAnAntaraM prasthitavAn|
2c0c13004c	prabhAtE sati pitaraH kva gata ityatra rakSakANAM madhyE mahAn kalahO jAtaH|
2c0c140061	hErOd bahu mRgayitvA tasyOddEzE na prAptE sati rakSakAn saMpRcchya tESAM prANAn hantum AdiSTavAn|
2c0c150041	pazcAt sa yihUdIyapradEzAt kaisariyAnagaraM gatvA tatrAvAtiSThat|
2c0c1600f6	sOrasIdOnadEzayO rlOkEbhyO hErOdi yuyutsau sati tE sarvva EkamantraNAH santastasya samIpa upasthAya lvAstanAmAnaM tasya vastragRhAdhIzaM sahAyaM kRtvA hErOdA sArddhaM sandhiM prArthayanta yatastasya rAjnjO dEzEna tESAM dEzIyAnAM bharaNam abhavatM
2c0c170070	ataH kutracin nirupitadinE hErOd rAjakIyaM paricchadaM paridhAya siMhAsanE samupavizya tAn prati kathAm uktavAn|
2c0c180047	tatO lOkA uccaiHkAraM pratyavadan, ESa manujaravO na hi, IzvarIyaravaH|
2c0c19015f	tadA hErOd Izvarasya sammAnaM nAkarOt; tasmAddhEtOH paramEzvarasya dUtO haThAt taM prAharat tEnaiva sa kITaiH kSINaH san prANAn ajahAt| kintvIzvarasya kathA dEzaM vyApya prabalAbhavat| tataH paraM barNabbAzaulau yasya karmmaNO bhAraM prApnutAM tAbhyAM tasmin sampAditE sati mArkanAmnA vikhyAtO yO yOhan taM sagginaM kRtvA yirUzAlamnagarAt pratyAgatau|
2c0d0100c6	aparanjca barNabbAH, zimOn yaM nigraM vadanti, kurInIyalUkiyO hErOdA rAjnjA saha kRtavidyAbhyAsO minahEm, zaulazcaitE yE kiyantO janA bhaviSyadvAdina upadESTArazcAntiyakhiyAnagarasthamaNPalyAm Asan,
2c0d02009d	tE yadOpavAsaM kRtvEzvaram asEvanta tasmin samayE pavitra AtmA kathitavAn ahaM yasmin karmmaNi barNabbAzailau niyuktavAn tatkarmma karttuM tau pRthak kuruta|
2c0d03005b	tatastairupavAsaprArthanayOH kRtayOH satOstE tayO rgAtrayO rhastArpaNaM kRtvA tau vyasRjan|
2c0d040071	tataH paraM tau pavitrENAtmanA prEritau santau silUkiyAnagaram upasthAya samudrapathEna kuprOpadvIpam agacchatAM|
2c0d050080	tataH sAlAmInagaram upasthAya tatra yihUdIyAnAM bhajanabhavanAni gatvEzvarasya kathAM prAcArayatAM; yOhanapi tatsahacarO'bhavat|
2c0d0600d6	itthaM tE tasyOpadvIpasya sarvvatra bhramantaH pAphanagaram upasthitAH; tatra suvivEcakEna sarjiyapaulanAmnA taddEzAdhipatinA saha bhaviSyadvAdinO vEzadhArI baryIzunAmA yO mAyAvI yihUdI AsIt taM sAkSAt prAptavataH|
2c0d07004a	taddEzAdhipa Izvarasya kathAM zrOtuM vAnjchan paulabarNabbau nyamantrayat|
2c0d08005b	kintvilumA yaM mAyAvinaM vadanti sa dEzAdhipatiM dharmmamArgAd bahirbhUtaM karttum ayatata|
2c0d090065	tasmAt zOlO'rthAt paulaH pavitrENAtmanA paripUrNaH san taM mAyAvinaM pratyananyadRSTiM kRtvAkathayat,
2c0d0a007e	hE narakin dharmmadvESin kauTilyaduSkarmmaparipUrNa, tvaM kiM prabhOH satyapathasya viparyyayakaraNAt kadApi na nivarttiSyasE?
2c0d0b00eb	adhunA paramEzvarastava samucitaM kariSyati tEna katipayadinAni tvam andhaH san sUryyamapi na drakSyasi| tatkSaNAd rAtrivad andhakArastasya dRSTim AcchAditavAn; tasmAt tasya hastaM dharttuM sa lOkamanvicchan itastatO bhramaNaM kRtavAn|
2c0d0c004d	EnAM ghaTanAM dRSTvA sa dEzAdhipatiH prabhUpadEzAd vismitya vizvAsaM kRtavAn|
2c0d0d00a1	tadanantaraM paulastatsagginau ca pAphanagarAt prOtaM cAlayitvA pamphuliyAdEzasya pargInagaram agacchan kintu yOhan tayOH samIpAd Etya yirUzAlamaM pratyAgacchat|
2c0d0e0080	pazcAt tau pargItO yAtrAM kRtvA pisidiyAdEzasya AntiyakhiyAnagaram upasthAya vizrAmavArE bhajanabhavanaM pravizya samupAvizatAM|
2c0d0f00c8	vyavasthAbhaviSyadvAkyayOH paThitayOH satO rhE bhrAtarau lOkAn prati yuvayOH kAcid upadEzakathA yadyasti tarhi tAM vadataM tau prati tasya bhajanabhavanasyAdhipatayaH kathAm EtAM kathayitvA praiSayan|
2c0d10007c	ataH paula uttiSThan hastEna sagkEtaM kurvvan kathitavAn hE isrAyElIyamanuSyA IzvaraparAyaNAH sarvvE lOkA yUyam avadhaddhaM|
2c0d1100ae	EtESAmisrAyEllOkAnAm IzvarO'smAkaM pUrvvaparuSAn manOnItAn katvA gRhItavAn tatO misari dEzE pravasanakAlE tESAmunnatiM kRtvA tasmAt svIyabAhubalEna tAn bahiH kRtvA samAnayat|
2c0d12003d	catvAriMzadvatsarAn yAvacca mahAprAntarE tESAM bharaNaM kRtvA
2c0d130066	kinAndEzAntarvvarttINi saptarAjyAni nAzayitvA guTikApAtEna tESu sarvvadEzESu tEbhyO'dhikAraM dattavAn|
2c0d140070	panjcAzadadhikacatuHzatESu vatsarESu gatESu ca zimUyElbhaviSyadvAdiparyyantaM tESAmupari vicArayitRn niyuktavAn|
2c0d150081	taizca rAjnji prArthitE, IzvarO binyAmInO vaMzajAtasya kIzaH putraM zaulaM catvAriMzadvarSaparyyantaM tESAmupari rAjAnaM kRtavAn|
2c0d1600e2	pazcAt taM padacyutaM kRtvA yO madiSTakriyAH sarvvAH kariSyati tAdRzaM mama manObhimatam EkaM janaM yizayaH putraM dAyUdaM prAptavAn idaM pramANaM yasmin dAyUdi sa dattavAn taM dAyUdaM tESAmupari rAjatvaM karttum utpAditavAna|
2c0d170080	tasya svapratizrutasya vAkyasyAnusArENa isrAyEllOkAnAM nimittaM tESAM manuSyANAM vaMzAd Izvara EkaM yIzuM (trAtAram) udapAdayat|
2c0d180063	tasya prakAzanAt pUrvvaM yOhan isrAyEllOkAnAM sannidhau manaHparAvarttanarUpaM majjanaM prAcArayat|
2c0d1900fc	yasya ca karmmaNO bhAraM praptavAn yOhan tan niSpAdayan EtAM kathAM kathitavAn, yUyaM mAM kaM janaM jAnItha? aham abhiSiktatrAtA nahi, kintu pazyata yasya pAdayOH pAdukayO rbandhanE mOcayitumapi yOgyO na bhavAmi tAdRza EkO janO mama pazcAd upatiSThati|
2c0d1a0065	hE ibrAhImO vaMzajAtA bhrAtarO hE IzvarabhItAH sarvvalOkA yuSmAn prati paritrANasya kathaiSA prEritA|
2c0d1b00bd	yirUzAlamnivAsinastESAm adhipatayazca tasya yIzOH paricayaM na prApya prativizrAmavAraM paThyamAnAnAM bhaviSyadvAdikathAnAm abhiprAyam abuddhvA ca tasya vadhEna tAH kathAH saphalA akurvvan|
2c0d1c0051	prANahananasya kamapi hEtum aprApyApi pIlAtasya nikaTE tasya vadhaM prArthayanta|
2c0d1d0067	tasmin yAH kathA likhitAH santi tadanusArENa karmma sampAdya taM kruzAd avatAryya zmazAnE zAyitavantaH|
2c0d1e0026	kintvIzvaraH zmazAnAt tamudasthApayat,
2c0d1f009f	punazca gAlIlapradEzAd yirUzAlamanagaraM tEna sArddhaM yE lOkA Agacchan sa bahudinAni tEbhyO darzanaM dattavAn, atasta idAnIM lOkAn prati tasya sAkSiNaH santi|
2c0d200074	asmAkaM pUrvvapuruSANAM samakSam IzvarO yasmin pratijnjAtavAn yathA, tvaM mE putrOsi cAdya tvAM samutthApitavAnaham|
2c0d21009d	idaM yadvacanaM dvitIyagItE likhitamAstE tad yIzOrutthAnEna tESAM santAnA yE vayam asmAkaM sannidhau tEna pratyakSI kRtaM, yuSmAn imaM susaMvAdaM jnjApayAmi|
2c0d2200a3	paramEzvarENa zmazAnAd utthApitaM tadIyaM zarIraM kadApi na kSESyatE, Etasmin sa svayaM kathitavAn yathA dAyUdaM prati pratijnjAtO yO varastamahaM tubhyaM dAsyAmi|
2c0d230052	Etadanyasmin gItE'pi kathitavAn| svakIyaM puNyavantaM tvaM kSayituM na ca dAsyasi|
2c0d240077	dAyUdA IzvarAbhimatasEvAyai nijAyuSi vyayitE sati sa mahAnidrAM prApya nijaiH pUrvvapuruSaiH saha militaH san akSIyata;
2c0d250034	kintu yamIzvaraH zmazAnAd udasthApayat sa nAkSIyata|
2c0d260052	atO hE bhrAtaraH, anEna janEna pApamOcanaM bhavatIti yuSmAn prati pracAritam AstE|
2c0d2700a8	phalatO mUsAvyavasthayA yUyaM yEbhyO dOSEbhyO muktA bhavituM na zakSyatha tEbhyaH sarvvadOSEbhya Etasmin janE vizvAsinaH sarvvE muktA bhaviSyantIti yuSmAbhi rjnjAyatAM|
2c0d2800f7	aparanjca| avajnjAkAriNO lOkAzcakSurunmIlya pazyata| tathaivAsambhavaM jnjAtvA syAta yUyaM vilajjitAH| yatO yuSmAsu tiSThatsu kariSyE karmma tAdRzaM| yEnaiva tasya vRttAntE yuSmabhyaM kathitE'pi hi| yUyaM na tantu vRttAntaM pratyESyatha kadAcana||
2c0d29006b	yEyaM kathA bhaviSyadvAdinAM granthESu likhitAstE sAvadhAnA bhavata sa kathA yathA yuSmAn prati na ghaTatE|
2c0d2a0093	yihUdIyabhajanabhavanAn nirgatayOstayO rbhinnadEzIyai rvakSyamANA prArthanA kRtA, AgAmini vizrAmavArE'pi kathEyam asmAn prati pracAritA bhavatviti|
2c0d2b00c1	sabhAyA bhaggE sati bahavO yihUdIyalOkA yihUdIyamatagrAhiNO bhaktalOkAzca barNabbApaulayOH pazcAd Agacchan, tEna tau taiH saha nAnAkathAH kathayitvEzvarAnugrahAzrayE sthAtuM tAn prAvarttayatAM|
2c0d2c004e	paravizrAmavArE nagarasya prAyENa sarvvE lAkA IzvarIyAM kathAM zrOtuM militAH,
2c0d2d0093	kintu yihUdIyalOkA jananivahaM vilOkya IrSyayA paripUrNAH santO viparItakathAkathanEnEzvaranindayA ca paulEnOktAM kathAM khaNPayituM cESTitavantaH|
2c0d2e00ea	tataH paulabarNabbAvakSObhau kathitavantau prathamaM yuSmAkaM sannidhAvIzvarIyakathAyAH pracAraNam ucitamAsIt kintuM tadagrAhyatvakaraNEna yUyaM svAn anantAyuSO'yOgyAn darzayatha, EtatkAraNAd vayam anyadEzIyalOkAnAM samIpaM gacchAmaH|
2c0d2f0082	prabhurasmAn ittham AdiSTavAn yathA, yAvacca jagataH sImAM lOkAnAM trANakAraNAt| mayAnyadEzamadhyE tvaM sthApitO bhUH pradIpavat||
2c0d3000a2	tadA kathAmIdRzIM zrutvA bhinnadEzIyA AhlAditAH santaH prabhOH kathAM dhanyAM dhanyAm avadan, yAvantO lOkAzca paramAyuH prAptinimittaM nirUpitA Asan tE vyazvasan|
2c0d310029	itthaM prabhOH kathA sarvvEdEzaM vyApnOt|
2c0d32009d	kintu yihUdIyA nagarasya pradhAnapuruSAn sammAnyAH kathipayA bhaktA yOSitazca kupravRttiM grAhayitvA paulabarNabbau tAPayitvA tasmAt pradEzAd dUrIkRtavantaH|
2c0d330051	ataH kAraNAt tau nijapadadhUlIstESAM prAtikUlyEna pAtayitvEkaniyaM nagaraM gatau|
2c0d34003b	tataH ziSyagaNa AnandEna pavitrENAtmanA ca paripUrNObhavat|
2c0e010099	tau dvau janau yugapad ikaniyanagarasthayihUdIyAnAM bhajanabhavanaM gatvA yathA bahavO yihUdIyA anyadEzIyalOkAzca vyazvasan tAdRzIM kathAM kathitavantau|
2c0e02006e	kintu vizvAsahInA yihUdIyA anyadEzIyalOkAn kupravRttiM grAhayitvA bhrAtRgaNaM prati tESAM vairaM janitavantaH|
2c0e0300ae	ataH svAnugrahakathAyAH pramANaM datvA tayO rhastai rbahulakSaNam adbhutakarmma ca prAkAzayad yaH prabhustasya kathA akSObhEna pracAryya tau tatra bahudinAni samavAtiSThEtAM|
2c0e040085	kintu kiyantO lOkA yihUdIyAnAM sapakSAH kiyantO lOkAH prEritAnAM sapakSA jAtAH, atO nAgarikajananivahamadhyE bhinnavAkyatvam abhavat|
2c0e050057	anyadEzIyA yihUdIyAstESAm adhipatayazca daurAtmyaM kutvA tau prastarairAhantum udyatAH|
2c0e060048	tau tadvArttAM prApya palAyitvA lukAyaniyAdEzasyAntarvvarttilustrAdarbbO
2c0e07003a	tatsamIpasthadEzanjca gatvA tatra susaMvAdaM pracArayatAM|
2c0e08008f	tatrObhayapAdayOzcalanazaktihInO janmArabhya khanjjaH kadApi gamanaM nAkarOt EtAdRza EkO mAnuSO lustrAnagara upavizya paulasya kathAM zrutavAn|
2c0e09005e	Etasmin samayE paulastamprati dRSTiM kRtvA tasya svAsthyE vizvAsaM viditvA prOccaiH kathitavAn
2c0e0a004b	padbhyAmuttiSThan Rju rbhava|tataH sa ullamphaM kRtvA gamanAgamanE kutavAn|
2c0e0b008d	tadA lOkAH paulasya tat kAryyaM vilOkya lukAyanIyabhASayA prOccaiH kathAmEtAM kathitavantaH, dEvA manuSyarUpaM dhRtvAsmAkaM samIpam avArOhan|
2c0e0c0051	tE barNabbAM yUpitaram avadan paulazca mukhyO vaktA tasmAt taM markuriyam avadan|
2c0e0d0099	tasya nagarasya sammukhE sthApitasya yUpitaravigrahasya yAjakO vRSAn puSpamAlAzca dvArasamIpam AnIya lOkaiH sarddhaM tAvuddizya samutsRjya dAtum udyataH|
2c0e0e006d	tadvArttAM zrutvA barNabbApaulau svIyavastrANi chitvA lOkAnAM madhyaM vEgEna pravizya prOccaiH kathitavantau,
2c0e0f012f	hE mahEcchAH kuta EtAdRzaM karmma kurutha? AvAmapi yuSmAdRzau sukhaduHkhabhOginau manuSyau, yuyam EtAH sarvvA vRthAkalpanAH parityajya yathA gagaNavasundharAjalanidhInAM tanmadhyasthAnAM sarvvESAnjca sraSTAramamaram IzvaraM prati parAvarttadhvE tadartham AvAM yuSmAkaM sannidhau susaMvAdaM pracArayAvaH|
2c0e10004d	sa IzvaraH pUrvvakAlE sarvvadEzIyalOkAn svasvamArgE calitumanumatiM dattavAn,
2c0e1100ad	tathApi AkAzAt tOyavarSaNEna nAnAprakArazasyOtpatyA ca yuSmAkaM hitaiSI san bhakSyairAnanadEna ca yuSmAkam antaHkaraNAni tarpayan tAni dAnAni nijasAkSisvarUpANi sthapitavAn|
2c0e12006c	kintu tAdRzAyAM kathAyAM kathitAyAmapi tayOH samIpa utsarjanAt lOkanivahaM prAyENa nivarttayituM nAzaknutAm|
2c0e1300b2	AntiyakhiyA-ikaniyanagarAbhyAM katipayayihUdIyalOkA Agatya lOkAn prAvarttayanta tasmAt tai paulaM prastarairAghnan tEna sa mRta iti vijnjAya nagarasya bahistam AkRSya nItavantaH|
2c0e140092	kintu ziSyagaNE tasya caturdizi tiSThati sati sa svayam utthAya punarapi nagaramadhyaM prAvizat tatparE'hani barNabbAsahitO darbbInagaraM gatavAn|
2c0e150067	tatra susaMvAdaM pracAryya bahulOkAn ziSyAn kRtvA tau lustrAm ikaniyam AntiyakhiyAnjca parAvRtya gatau|
2c0e160084	bahuduHkhAni bhuktvApIzvararAjyaM pravESTavyam iti kAraNAd dharmmamArgE sthAtuM vinayaM kRtvA ziSyagaNasya manaHsthairyyam akurutAM|
2c0e170068	maNPalInAM prAcInavargAn niyujya prArthanOpavAsau kRtvA yatprabhau tE vyazvasan tasya hastE tAn samarpya
2c0e18002c	pisidiyAmadhyEna pAmphuliyAdEzaM gatavantau|
2c0e19004f	pazcAt pargAnagaraM gatvA susaMvAdaM pracAryya attAliyAnagaraM prasthitavantau|
2c0e1a00a1	tasmAt samudrapathEna gatvA tAbhyAM yat karmma sampannaM tatkarmma sAdhayituM yannagarE dayAlOrIzvarasya hastE samarpitau jAtau tad AntiyakhiyAnagaraM gatavantA|
2c0e1b00c1	tatrOpasthAya tannagarasthamaNPalIM saMgRhya svAbhyAma IzvarO yadyat karmmakarOt tathA yEna prakArENa bhinnadEzIyalOkAn prati vizvAsarUpadvAram amOcayad EtAn sarvvavRttAntAn tAn jnjApitavantau|
2c0e1c0037	tatastau ziryyaiH sArddhaM tatra bahudinAni nyavasatAm|
2c0f01009e	yihUdAdEzAt kiyantO janA Agatya bhrAtRgaNamitthaM zikSitavantO mUsAvyavasthayA yadi yuSmAkaM tvakchEdO na bhavati tarhi yUyaM paritrANaM prAptuM na zakSyatha|
2c0f0200e5	paulabarNabbau taiH saha bahUn vicArAn vivAdAMzca kRtavantau, tatO maNPalIyanOkA EtasyAH kathAyAstattvaM jnjAtuM yirUzAlamnagarasthAn prEritAn prAcInAMzca prati paulabarNabbAprabhRtIn katipayajanAn prESayituM nizcayaM kRtavantaH|
2c0f030089	tE maNPalyA prEritAH santaH phaiNIkIzOmirOndEzAbhyAM gatvA bhinnadEzIyAnAM manaHparivarttanasya vArttayA bhrAtRNAM paramAhlAdam ajanayan|
2c0f0400a6	yirUzAlamyupasthAya prEritagaNEna lOkaprAcInagaNEna samAjEna ca samupagRhItAH santaH svairIzvarO yAni karmmANi kRtavAn tESAM sarvvavRttAntAn tESAM samakSam akathayan|
2c0f05009f	kintu vizvAsinaH kiyantaH phirUzimatagrAhiNO lOkA utthAya kathAmEtAM kathitavantO bhinnadEzIyAnAM tvakchEdaM karttuM mUsAvyavasthAM pAlayitunjca samAdESTavyam|
2c0f06004b	tataH prEritA lOkaprAcInAzca tasya vivEcanAM karttuM sabhAyAM sthitavantaH|
2c0f0700c0	bahuvicArESu jAtaSu pitara utthAya kathitavAn, hE bhrAtarO yathA bhinnadEzIyalOkA mama mukhAt susaMvAdaM zrutvA vizvasanti tadarthaM bahudinAt pUrvvam IzvarOsmAkaM madhyE mAM vRtvA niyuktavAn|
2c0f08007b	antaryyAmIzvarO yathAsmabhyaM tathA bhinnadEzIyEbhyaH pavitramAtmAnaM pradAya vizvAsEna tESAm antaHkaraNAni pavitrANi kRtvA
2c0f090069	tESAm asmAkanjca madhyE kimapi vizESaM na sthApayitvA tAnadhi svayaM pramANaM dattavAn iti yUyaM jAnItha|
2c0f0a009d	ataEvAsmAkaM pUrvvapuruSA vayanjca svayaM yadyugasya bhAraM sOPhuM na zaktAH samprati taM ziSyagaNasya skandhESu nyasituM kuta Izvarasya parIkSAM kariSyatha?
2c0f0b0058	prabhO ryIzukhrISTasyAnugrahENa tE yathA vayamapi tathA paritrANaM prAptum AzAM kurmmaH|
2c0f0c00bf	anantaraM barNabbApaulAbhyAm IzvarO bhinnadEzIyAnAM madhyE yadyad Azcaryyam adbhutanjca karmma kRtavAn tadvRttAntaM tau svamukhAbhyAm avarNayatAM sabhAsthAH sarvvE nIravAH santaH zrutavantaH|
2c0f0d003c	tayOH kathAyAM samAptAyAM satyAM yAkUb kathayitum ArabdhavAn
2c0f0e00ce	hE bhrAtarO mama kathAyAm manO nidhatta| IzvaraH svanAmArthaM bhinnadEzIyalOkAnAm madhyAd EkaM lOkasaMghaM grahItuM matiM kRtvA yEna prakArENa prathamaM tAn prati kRpAvalEkanaM kRtavAn taM zimOn varNitavAn|
2c0f0f005a	bhaviSyadvAdibhiruktAni yAni vAkyAni taiH sArddham EtasyaikyaM bhavati yathA likhitamAstE|
2c0f1000b2	sarvvESAM karmmaNAM yastu sAdhakaH paramEzvaraH| sa EvEdaM vadEdvAkyaM zESAH sakalamAnavAH| bhinnadEzIyalOkAzca yAvantO mama nAmataH| bhavanti hi suvikhyAtAstE yathA paramEzituH|
2c0f1100b3	tatvaM samyak samIhantE tannimittamahaM kila| parAvRtya samAgatya dAyUdaH patitaM punaH| dUSyamutthApayiSyAmi tadIyaM sarvvavastu ca| patitaM punaruthApya sajjayiSyAmi sarvvathA||
2c0f120032	A prathamAd IzvaraH svIyAni sarvvakarmmANi jAnAti|
2c0f130081	ataEva mama nivEdanamidaM bhinnadEzIyalOkAnAM madhyE yE janA IzvaraM prati parAvarttanta tESAmupari anyaM kamapi bhAraM na nyasya
2c0f14007a	dEvatAprasAdAzucibhakSyaM vyabhicArakarmma kaNThasampIPanamAritaprANibhakSyaM raktabhakSyanjca EtAni parityaktuM likhAmaH|
2c0f15007c	yataH pUrvvakAlatO mUsAvyavasthApracAriNO lOkA nagarE nagarE santi prativizrAmavAranjca bhajanabhavanE tasyAH pAThO bhavati|
2c0f1600d7	tataH paraM prEritagaNO lOkaprAcInagaNaH sarvvA maNPalI ca svESAM madhyE barzabbA nAmnA vikhyAtO manOnItau kRtvA paulabarNabbAbhyAM sArddham AntiyakhiyAnagaraM prati prESaNam ucitaM buddhvA tAbhyAM patraM praiSayan|
2c0f170095	tasmin patrE likhitamiMda, AntiyakhiyA-suriyA-kilikiyAdEzasthabhinnadEzIyabhrAtRgaNAya prEritagaNasya lOkaprAcInagaNasya bhrAtRgaNasya ca namaskAraH|
2c0f1800d7	vizESatO'smAkam AjnjAm aprApyApi kiyantO janA asmAkaM madhyAd gatvA tvakchEdO mUsAvyavasthA ca pAlayitavyAviti yuSmAn zikSayitvA yuSmAkaM manasAmasthairyyaM kRtvA yuSmAn sasandEhAn akurvvan EtAM kathAM vayam azRnma|
2c0f190074	tatkAraNAd vayam EkamantraNAH santaH sabhAyAM sthitvA prabhO ryIzukhrISTasya nAmanimittaM mRtyumukhagatAbhyAmasmAkaM
2c0f1a006b	priyabarNabbApaulAbhyAM sArddhaM manOnItalOkAnAM kESAnjcid yuSmAkaM sannidhau prESaNam ucitaM buddhavantaH|
2c0f1b0058	atO yihUdAsIlau yuSmAn prati prESitavantaH, EtayO rmukhAbhyAM sarvvAM kathAM jnjAsyatha|
2c0f1c00eb	dEvatAprasAdabhakSyaM raktabhakSyaM galapIPanamAritaprANibhakSyaM vyabhicArakarmma cEmAni sarvvANi yuSmAbhistyAjyAni; EtatprayOjanIyAjnjAvyatirEkEna yuSmAkam upari bhAramanyaM na nyasituM pavitrasyAtmanO'smAkanjca ucitajnjAnam abhavat|
2c0f1d0065	ataEva tEbhyaH sarvvEbhyaH svESu rakSitESu yUyaM bhadraM karmma kariSyatha| yuSmAkaM maggalaM bhUyAt|
2c0f1e0051	tE visRSTAH santa AntiyakhiyAnagara upasthAya lOkanivahaM saMgRhya patram adadan|
2c0f1f003c	tatastE tatpatraM paThitvA sAntvanAM prApya sAnandA abhavan|
2c0f200057	yihUdAsIlau ca svayaM pracArakau bhUtvA bhrAtRgaNaM nAnOpadizya tAn susthirAn akurutAm|
2c0f21008c	itthaM tau tatra taiH sAkaM katipayadinAni yApayitvA pazcAt prEritAnAM samIpE pratyAgamanArthaM tESAM sannidhEH kalyANEna visRSTAvabhavatAM|
2c0f220026	kintu sIlastatra sthAtuM vAnjchitavAn|
2c0f230078	aparaM paulabarNabbau bahavaH ziSyAzca lOkAn upadizya prabhOH susaMvAdaM pracArayanta AntiyakhiyAyAM kAlaM yApitavantaH|
2c0f2400be	katipayadinESu gatESu paulO barNabbAm avadat AgacchAvAM yESu nagarESvIzvarasya susaMvAdaM pracAritavantau tAni sarvvanagarANi punargatvA bhrAtaraH kIdRzAH santIti draSTuM tAn sAkSAt kurvvaH|
2c0f250048	tEna mArkanAmnA vikhyAtaM yOhanaM sagginaM karttuM barNabbA matimakarOt,
2c0f260089	kintu sa pUrvvaM tAbhyAM saha kAryyArthaM na gatvA pAmphUliyAdEzE tau tyaktavAn tatkAraNAt paulastaM sagginaM karttum anucitaM jnjAtavAn|
2c0f270083	itthaM tayOratizayavirOdhasyOpasthitatvAt tau parasparaM pRthagabhavatAM tatO barNabbA mArkaM gRhItvA pOtEna kuprOpadvIpaM gatavAn;
2c0f280053	kintu paulaH sIlaM manOnItaM kRtvA bhrAtRbhirIzvarAnugrahE samarpitaH san prasthAya
2c0f290038	suriyAkilikiyAdEzAbhyAM maNPalIH sthirIkurvvan agacchat|
2c1001009b	paulO darbbIlustrAnagarayOrupasthitObhavat tatra tImathiyanAmA ziSya Eka AsIt; sa vizvAsinyA yihUdIyAyA yOSitO garbbhajAtaH kintu tasya pitAnyadEzIyalOkaH|
2c10020048	sa janO lustrA-ikaniyanagarasthAnAM bhrAtRNAM samIpEpi sukhyAtimAn AsIt|
2c100300ad	paulastaM svasagginaM karttuM matiM kRtvA taM gRhItvA taddEzanivAsinAM yihUdIyAnAm anurOdhAt tasya tvakchEdaM kRtavAn yatastasya pitA bhinnadEzIyalOka iti sarvvairajnjAyata|
2c1004009d	tataH paraM tE nagarE nagarE bhramitvA yirUzAlamasthaiH prEritai rlOkaprAcInaizca nirUpitaM yad vyavasthApatraM tadanusArENAcarituM lOkEbhyastad dattavantaH|
2c1005005b	tEnaiva sarvvE dharmmasamAjAH khrISTadharmmE susthirAH santaH pratidinaM varddhitA abhavan|
2c1006006d	tESu phrugiyAgAlAtiyAdEzamadhyEna gatESu satsu pavitra AtmA tAn AziyAdEzE kathAM prakAzayituM pratiSiddhavAn|
2c10070053	tathA musiyAdEza upasthAya bithuniyAM gantuM tairudyOgE kRtE AtmA tAn nAnvamanyata|
2c10080042	tasmAt tE musiyAdEzaM parityajya trOyAnagaraM gatvA samupasthitAH|
2c10090080	rAtrau paulaH svapnE dRSTavAn EkO mAkidaniyalOkastiSThan vinayaM kRtvA tasmai kathayati, mAkidaniyAdEzam AgatyAsmAn upakurvviti|
2c100a00a3	tasyEtthaM svapnadarzanAt prabhustaddEzIyalOkAn prati susaMvAdaM pracArayitum asmAn AhUyatIti nizcitaM buddhvA vayaM tUrNaM mAkidaniyAdEzaM gantum udyOgam akurmma|
2c100b0074	tataH paraM vayaM trOyAnagarAd prasthAya RjumArgENa sAmathrAkiyOpadvIpEna gatvA parE'hani niyApalinagara upasthitAH|
2c100c0086	tasmAd gatvA mAkidaniyAntarvvartti rOmIyavasatisthAnaM yat philipInAmapradhAnanagaraM tatrOpasthAya katipayadinAni tatra sthitavantaH|
2c100d0077	vizrAmavArE nagarAd bahi rgatvA nadItaTE yatra prArthanAcAra AsIt tatrOpavizya samAgatA nArIH prati kathAM prAcArayAma|
2c100e00b4	tataH thuyAtIrAnagarIyA dhUSarAmbaravikrAyiNI ludiyAnAmikA yA IzvarasEvikA yOSit zrOtrINAM madhya AsIt tayA paulOktavAkyAni yad gRhyantE tadarthaM prabhustasyA manOdvAraM muktavAn|
2c100f00b4	ataH sA yOSit saparivArA majjitA satI vinayaM kRtvA kathitavatI, yuSmAkaM vicArAd yadi prabhau vizvAsinI jAtAhaM tarhi mama gRham Agatya tiSThata| itthaM sA yatnEnAsmAn asthApayat|
2c10100090	yasyA gaNanayA tadadhipatInAM bahudhanOpArjanaM jAtaM tAdRzI gaNakabhUtagrastA kAcana dAsI prArthanAsthAnagamanakAla AgatyAsmAn sAkSAt kRtavatI|
2c101100a2	sAsmAkaM paulasya ca pazcAd Etya prOccaiH kathAmimAM kathitavatI, manuSyA EtE sarvvOparisthasyEzvarasya sEvakAH santO'smAn prati paritrANasya mArgaM prakAzayanti|
2c101200ce	sA kanyA bahudinAni tAdRzam akarOt tasmAt paulO duHkhitaH san mukhaM parAvartya taM bhUtamavadad, ahaM yIzukhrISTasya nAmnA tvAmAjnjApayAmi tvamasyA bahirgaccha; tEnaiva tatkSaNAt sa bhUtastasyA bahirgataH|
2c1013008a	tataH svESAM lAbhasya pratyAzA viphalA jAtEti vilOkya tasyAH prabhavaH paulaM sIlanjca dhRtvAkRSya vicArasthAnE'dhipatInAM samIpam Anayan|
2c10140065	tataH zAsakAnAM nikaTaM nItvA rOmilOkA vayam asmAkaM yad vyavaharaNaM grahItum Acaritunjca niSiddhaM,
2c10150052	imE yihUdIyalOkAH santOpi tadEva zikSayitvA nagarE'smAkam atIva kalahaM kurvvanti,
2c1016007a	iti kathitE sati lOkanivahastayOH prAtikUlyEnOdatiSThat tathA zAsakAstayO rvastrANi chitvA vEtrAghAtaM karttum AjnjApayan|
2c1017005b	aparaM tE tau bahu prahAryya tvamEtau kArAM nItvA sAvadhAnaM rakSayEti kArArakSakam Adizan|
2c1018005d	ittham AjnjAM prApya sa tAvabhyantarasthakArAM nItvA pAdESu pAdapAzIbhi rbaddhvA sthApitAvAn|
2c10190068	atha nizIthasamayE paulasIlAvIzvaramuddizya prAthanAM gAnanjca kRtavantau, kArAsthitA lOkAzca tadazRNvan
2c101a0095	tadAkasmAt mahAn bhUmikampO'bhavat tEna bhittimUlEna saha kArA kampitAbhUt tatkSaNAt sarvvANi dvArANi muktAni jAtAni sarvvESAM bandhanAni ca muktAni|
2c101b0095	ataEva kArArakSakO nidrAtO jAgaritvA kArAyA dvArANi muktAni dRSTvA bandilOkAH palAyitA ityanumAya kOSAt khaggaM bahiH kRtvAtmaghAtaM karttum udyataH|
2c101c0064	kintu paulaH prOccaistamAhUya kathitavAn pazya vayaM sarvvE'trAsmahE, tvaM nijaprANahiMsAM mAkArSIH|
2c101d0065	tadA pradIpam AnEtum uktvA sa kampamAnaH san ullampyAbhyantaram Agatya paulasIlayOH pAdESu patitavAn|
2c101e0056	pazcAt sa tau bahirAnIya pRSTavAn hE mahEcchau paritrANaM prAptuM mayA kiM karttavyaM?
2c101f0091	pazcAt tau svagRhamAnIya tayOH sammukhE khAdyadravyANi sthApitavAn tathA sa svayaM tadIyAH sarvvE parivArAzcEzvarE vizvasantaH sAnanditA abhavan|
2c10200046	tasmai tasya gRhasthitasarvvalOkEbhyazca prabhOH kathAM kathitavantau|
2c1021008c	tathA rAtrEstasminnEva daNPE sa tau gRhItvA tayOH prahArANAM kSatAni prakSAlitavAn tataH sa svayaM tasya sarvvE parijanAzca majjitA abhavan|
2c10220091	pazcAt tau svagRhamAnIya tayOH sammukhE khAdyadravyANi sthApitavAn tathA sa svayaM tadIyAH sarvvE parivArAzcEzvarE vizvasantaH sAnanditA abhavan|
2c10230056	dina upasthitE tau lOkau mOcayEti kathAM kathayituM zAsakAH padAtigaNaM prESitavantaH|
2c1024008e	tataH kArArakSakaH paulAya tAM vArttAM kathitavAn yuvAM tyAjayituM zAsakA lOkAna prESitavanta idAnIM yuvAM bahi rbhUtvA kuzalEna pratiSThEtAM|
2c102500da	kintu paulastAn avadat rOmilOkayOrAvayOH kamapi dOSam na nizcitya sarvvESAM samakSam AvAM kazayA tAPayitvA kArAyAM baddhavanta idAnIM kimAvAM guptaM vistrakSyanti? tanna bhaviSyati, svayamAgatyAvAM bahiH kRtvA nayantu|
2c1026005c	tadA padAtibhiH zAsakEbhya EtadvArttAyAM kathitAyAM tau rOmilOkAviti kathAM zrutvA tE bhItAH
2c10270063	santastayOH sannidhimAgatya vinayam akurvvan aparaM bahiH kRtvA nagarAt prasthAtuM prArthitavantaH|
2c1028007b	tatastau kArAyA nirgatya ludiyAyA gRhaM gatavantau tatra bhrAtRgaNaM sAkSAtkRtya tAn sAntvayitvA tasmAt sthAnAt prasthitau|
2c1101007e	paulasIlau AmphipalyApallOniyAnagarAbhyAM gatvA yatra yihUdIyAnAM bhajanabhavanamEkam AstE tatra thiSalanIkInagara upasthitau|
2c11020077	tadA paulaH svAcArAnusArENa tESAM samIpaM gatvA vizrAmavAratrayE taiH sArddhaM dharmmapustakIyakathAyA vicAraM kRtavAn|
2c110300c4	phalataH khrISTEna duHkhabhOgaH karttavyaH zmazAnadutthAnanjca karttavyaM yuSmAkaM sannidhau yasya yIzOH prastAvaM karOmi sa IzvarENAbhiSiktaH sa EtAH kathAH prakAzya pramANaM datvA sthirIkRtavAn|
2c11040079	tasmAt tESAM katipayajanA anyadEzIyA bahavO bhaktalOkA bahyaH pradhAnanAryyazca vizvasya paulasIlayOH pazcAdgAminO jAtAH|
2c110500dd	kintu vizvAsahInA yihUdIyalOkA IrSyayA paripUrNAH santO haTaTsya katinayalampaTalOkAn sagginaH kRtvA janatayA nagaramadhyE mahAkalahaM kRtvA yAsOnO gRham Akramya prEritAn dhRtvA lOkanivahasya samIpam AnEtuM cESTitavantaH|
2c110600a8	tESAmuddEzam aprApya ca yAsOnaM katipayAn bhrAtRMzca dhRtvA nagarAdhipatInAM nikaTamAnIya prOccaiH kathitavantO yE manuSyA jagadudvATitavantastE 'trApyupasthitAH santi,
2c11070077	ESa yAsOn AtithyaM kRtvA tAn gRhItavAn| yIzunAmaka EkO rAjastIti kathayantastE kaisarasyAjnjAviruddhaM karmma kurvvati|
2c11080049	tESAM kathAmimAM zrutvA lOkanivahO nagarAdhipatayazca samudvignA abhavan|
2c11090043	tadA yAsOnastadanyESAnjca dhanadaNPaM gRhItvA tAn parityaktavantaH|
2c110a0085	tataH paraM bhrAtRgaNO rajanyAM paulasIlau zIghraM birayAnagaraM prESitavAn tau tatrOpasthAya yihUdIyAnAM bhajanabhavanaM gatavantau|
2c110b009b	tatrasthA lOkAH thiSalanIkIsthalOkEbhyO mahAtmAna Asan yata itthaM bhavati na vEti jnjAtuM dinE dinE dharmmagranthasyAlOcanAM kRtvA svairaM kathAm agRhlan|
2c110c004a	tasmAd anEkE yihUdIyA anyadEzIyAnAM mAnyA striyaH puruSAzcAnEkE vyazvasan|
2c110d008a	kintu birayAnagarE paulEnEzvarIyA kathA pracAryyata iti thiSalanIkIsthA yihUdIyA jnjAtvA tatsthAnamapyAgatya lOkAnAM kupravRttim ajanayan|
2c110e007e	ataEva tasmAt sthAnAt samudrENa yAntIti darzayitvA bhrAtaraH kSipraM paulaM prAhiNvan kintu sIlatImathiyau tatra sthitavantau|
2c110f00a3	tataH paraM paulasya mArgadarzakAstam AthInInagara upasthApayan pazcAd yuvAM tUrNam Etat sthAnaM AgamiSyathaH sIlatImathiyau pratImAm AjnjAM prApya tE pratyAgatAH|
2c11100066	paula AthInInagarE tAvapEkSya tiSThan tannagaraM pratimAbhiH paripUrNaM dRSTvA santaptahRdayO 'bhavat|
2c1111006b	tataH sa bhajanabhavanE yAn yihUdIyAn bhaktalOkAMzca haTTE ca yAn apazyat taiH saha pratidinaM vicAritavAn|
2c111200fd	kintvipikUrIyamatagrahiNaH stOyikIyamatagrAhiNazca kiyantO janAstEna sArddhaM vyavadanta| tatra kEcid akathayan ESa vAcAlaH kiM vaktum icchati? aparE kEcid ESa janaH kESAnjcid vidEzIyadEvAnAM pracAraka ityanumIyatE yataH sa yIzum utthitinjca pracArayat|
2c11130077	tE tam arEyapAganAma vicArasthAnam AnIya prAvOcan idaM yannavInaM mataM tvaM prAcIkaza idaM kIdRzaM Etad asmAn zrAvaya;
2c11140061	yAmimAm asambhavakathAm asmAkaM karNagOcarIkRtavAn asyA bhAvArthaH ka iti vayaM jnjAtum icchAmaH|
2c11150072	tadAthInInivAsinastannagarapravAsinazca kEvalaM kasyAzcana navInakathAyAH zravaNEna pracAraNEna ca kAlam ayApayan|
2c11160088	paulO'rEyapAgasya madhyE tiSThan EtAM kathAM pracAritavAn, hE AthInIyalOkA yUyaM sarvvathA dEvapUjAyAm AsaktA ityaha pratyakSaM pazyAmi|
2c111700b5	yataH paryyaTanakAlE yuSmAkaM pUjanIyAni pazyan ‘avijnjAtEzvarAya` EtallipiyuktAM yajnjavEdImEkAM dRSTavAn; atO na viditvA yaM pUjayadhvE tasyaiva tatvaM yuSmAn prati pracArayAmi|
2c1118007c	jagatO jagatsthAnAM sarvvavastUnAnjca sraSTA ya IzvaraH sa svargapRthivyOrEkAdhipatiH san karanirmmitamandirESu na nivasati;
2c1119008d	sa Eva sarvvEbhyO jIvanaM prANAn sarvvasAmagrIzca pradadAti; ataEva sa kasyAzcit sAmagyrA abhAvahEtO rmanuSyANAM hastaiH sEvitO bhavatIti na|
2c111a0077	sa bhUmaNPalE nivAsArtham EkasmAt zONitAt sarvvAn manuSyAn sRSTvA tESAM pUrvvanirUpitasamayaM vasatisImAnjca niracinOt;
2c111b0061	tasmAt lOkaiH kEnApi prakArENa mRgayitvA paramEzvarasya tatvaM prAptuM tasya gavESaNaM karaNIyam|
2c111c00c7	kintu sO'smAkaM kasmAccidapi dUrE tiSThatIti nahi, vayaM tEna nizvasanaprazvasanagamanAgamanaprANadhAraNAni kurmmaH, punazca yuSmAkamEva katipayAH kavayaH kathayanti ‘tasya vaMzA vayaM smO hi` iti|
2c111d0097	ataEva yadi vayam Izvarasya vaMzA bhavAmastarhi manuSyai rvidyayA kauzalEna ca takSitaM svarNaM rUpyaM dRSad vaitESAmIzvaratvam asmAbhi rna jnjAtavyaM|
2c111e0080	tESAM pUrvvIyalOkAnAm ajnjAnatAM pratIzvarO yadyapi nAvAdhatta tathApIdAnIM sarvvatra sarvvAn manaH parivarttayitum AjnjApayati,
2c111f00a3	yataH svaniyuktEna puruSENa yadA sa pRthivIsthAnAM sarvvalOkAnAM vicAraM kariSyati taddinaM nyarUpayat; tasya zmazAnOtthApanEna tasmin sarvvEbhyaH pramANaM prAdAt|
2c1120006a	tadA zmazAnAd utthAnasya kathAM zrutvA kEcid upAhaman, kEcidavadan EnAM kathAM punarapi tvattaH zrOSyAmaH|
2c11210027	tataH paulastESAM samIpAt prasthitavAn|
2c1122007d	tathApi kEcillOkAstEna sArddhaM militvA vyazvasan tESAM madhyE 'rEyapAgIyadiyanusiyO dAmArInAmA kAcinnArI kiyantO narAzcAsan|
2c1201004e	tadghaTanAtaH paraM paula AthInInagarAd yAtrAM kRtvA karinthanagaram Agacchat|
2c120200f1	tasmin samayE klaudiyaH sarvvAn yihUdIyAn rOmAnagaraM vihAya gantum AjnjApayat, tasmAt priskillAnAmnA jAyayA sArddham itAliyAdEzAt kinjcitpUrvvam Agamat yaH pantadEzE jAta AkkilanAmA yihUdIyalOkaH paulastaM sAkSAt prApya tayOH samIpamitavAn|
2c12030062	tau dUSyanirmmANajIvinau, tasmAt parasparam EkavRttikatvAt sa tAbhyAM saha uSitvA tat karmmAkarOt|
2c1204006b	paulaH prativizrAmavAraM bhajanabhavanaM gatvA vicAraM kRtvA yihUdIyAn anyadEzIyAMzca pravRttiM grAhitavAn|
2c1205008d	sIlatImathiyayO rmAkidaniyAdEzAt samEtayOH satOH paula uttaptamanA bhUtvA yIzurIzvarENAbhiSiktO bhavatIti pramANaM yihUdIyAnAM samIpE prAdAt|
2c120600e1	kintu tE 'tIva virOdhaM vidhAya pASaNPIyakathAM kathitavantastataH paulO vastraM dhunvan EtAM kathAM kathitavAn, yuSmAkaM zONitapAtAparAdhO yuSmAn pratyEva bhavatu, tEnAhaM niraparAdhO 'dyArabhya bhinnadEzIyAnAM samIpaM yAmi|
2c1207006e	sa tasmAt prasthAya bhajanabhavanasamIpasthasya yustanAmna Izvarabhaktasya bhinnadEzIyasya nivEzanaM prAvizat|
2c1208008b	tataH krISpanAmA bhajanabhavanAdhipatiH saparivAraH prabhau vyazvasIt, karinthanagarIyA bahavO lOkAzca samAkarNya vizvasya majjitA abhavan|
2c1209005d	kSaNadAyAM prabhuH paulaM darzanaM datvA bhASitavAn, mA bhaiSIH, mA nirasIH kathAM pracAraya|
2c120a0067	ahaM tvayA sArddham Asa hiMsArthaM kOpi tvAM spraSTuM na zakSyati nagarE'smin madIyA lOkA bahava AsatE|
2c120b005a	tasmAt paulastannagarE prAyENa sArddhavatsaraparyyantaM saMsthAyEzvarasya kathAm upAdizat|
2c120c007a	gAlliyanAmA kazcid AkhAyAdEzasya prAPvivAkaH samabhavat, tatO yihUdIyA EkavAkyAH santaH paulam Akramya vicArasthAnaM nItvA
2c120d0065	mAnuSa ESa vyavasthAya viruddham IzvarabhajanaM karttuM lOkAn kupravRttiM grAhayatIti nivEditavantaH|
2c120e00b5	tataH paulE pratyuttaraM dAtum udyatE sati gAlliyA yihUdIyAn vyAharat, yadi kasyacid anyAyasya vAtizayaduSTatAcaraNasya vicArO'bhaviSyat tarhi yuSmAkaM kathA mayA sahanIyAbhaviSyat|
2c120f008d	kintu yadi kEvalaM kathAyA vA nAmnO vA yuSmAkaM vyavasthAyA vivAdO bhavati tarhi tasya vicAramahaM na kariSyAmi, yUyaM tasya mImAMsAM kuruta|
2c12100027	tataH sa tAn vicArasthAnAd dUrIkRtavAn|
2c121100a5	tadA bhinnadEzIyAH sOsthininAmAnaM bhajanabhavanasya pradhAnAdhipatiM dhRtvA vicArasthAnasya sammukhE prAharan tathApi gAlliyA tESu sarvvakarmmasu na manO nyadadhAt|
2c121200b9	paulastatra punarbahudinAni nyavasat, tatO bhrAtRgaNAd visarjanaM prApya kinjcanavratanimittaM kiMkriyAnagarE zirO muNPayitvA priskillAkkilAbhyAM sahitO jalapathEna suriyAdEzaM gatavAn|
2c12130069	tata iphiSanagara upasthAya tatra tau visRjya svayaM bhajanabhvanaM pravizya yihUdIyaiH saha vicAritavAn|
2c12140066	tE svaiH sArddhaM punaH katipayadinAni sthAtuM taM vyanayan, sa tadanurarIkRtya kathAmEtAM kathitavAn,
2c121500b9	yirUzAlami AgAmyutsavapAlanArthaM mayA gamanIyaM; pazcAd IzvarEcchAyAM jAtAyAM yuSmAkaM samIpaM pratyAgamiSyAmi| tataH paraM sa tai rvisRSTaH san jalapathEna iphiSanagarAt prasthitavAn|
2c12160068	tataH kaisariyAm upasthitaH san nagaraM gatvA samAjaM namaskRtya tasmAd AntiyakhiyAnagaraM prasthitavAn|
2c1217008a	tatra kiyatkAlaM yApayitvA tasmAt prasthAya sarvvESAM ziSyANAM manAMsi susthirANi kRtvA kramazO galAtiyAphrugiyAdEzayO rbhramitvA gatavAn|
2c1218006f	tasminnEva samayE sikandariyAnagarE jAta ApallOnAmA zAstravit suvaktA yihUdIya EkO jana iphiSanagaram AgatavAn|
2c12190078	sa zikSitaprabhumArgO manasOdyOgI ca san yOhanO majjanamAtraM jnjAtvA yathArthatayA prabhOH kathAM kathayan samupAdizat|
2c121a00ae	ESa janO nirbhayatvEna bhajanabhavanE kathayitum ArabdhavAn, tataH priskillAkkilau tasyOpadEzakathAM nizamya taM svayOH samIpam AnIya zuddharUpENEzvarasya kathAm abOdhayatAm|
2c121b00d1	pazcAt sa AkhAyAdEzaM gantuM matiM kRtavAn, tadA tatratyaH ziSyagaNO yathA taM gRhlAti tadarthaM bhrAtRgaNEna samAzvasya patrE likhitE sati, ApallAstatrOpasthitaH san anugrahENa pratyayinAM bahUpakArAn akarOt,
2c121c0071	phalatO yIzurabhiSiktastrAtEti zAstrapramANaM datvA prakAzarUpENa pratipannaM kRtvA yihUdIyAn niruttarAn kRtavAn|
2c1301008e	karinthanagara ApallasaH sthitikAlE paula uttarapradEzairAgacchan iphiSanagaram upasthitavAn| tatra katipayaziSyAn sAkSat prApya tAn apRcchat,
2c13020070	yUyaM vizvasya pavitramAtmAnaM prAptA na vA? tatastE pratyavadan pavitra AtmA dIyatE ityasmAbhiH zrutamapi nahi|
2c1303004e	tadA sA'vadat tarhi yUyaM kEna majjitA abhavata? tE'kathayan yOhanO majjanEna|
2c1304009e	tadA paula uktavAn itaH paraM ya upasthAsyati tasmin arthata yIzukhrISTE vizvasitavyamityuktvA yOhan manaHparivarttanasUcakEna majjanEna jalE lOkAn amajjayat|
2c13050046	tAdRzIM kathAM zrutvA tE prabhO ryIzukhrISTasya nAmnA majjitA abhavan|
2c13060085	tataH paulEna tESAM gAtrESu karE'rpitE tESAmupari pavitra AtmAvarUPhavAn, tasmAt tE nAnAdEzIyA bhASA bhaviSyatkathAzca kathitavantaH|
2c1307001c	tE prAyENa dvAdazajanA Asan|
2c13080079	paulO bhajanabhavanaM gatvA prAyENa mAsatrayam Izvarasya rAjyasya vicAraM kRtvA lOkAn pravartya sAhasEna kathAmakathayat|
2c130900ef	kintu kaThinAntaHkaraNatvAt kiyantO janA na vizvasya sarvvESAM samakSam Etatpathasya nindAM karttuM pravRttAH, ataH paulastESAM samIpAt prasthAya ziSyagaNaM pRthakkRtvA pratyahaM turAnnanAmnaH kasyacit janasya pAThazAlAyAM vicAraM kRtavAn|
2c130a0075	itthaM vatsaradvayaM gataM tasmAd AziyAdEzanivAsinaH sarvvE yihUdIyA anyadEzIyalOkAzca prabhO ryIzOH kathAm azrauSan|
2c130b0035	paulEna ca Izvara EtAdRzAnyadbhutAni karmmANi kRtavAn
2c130c0086	yat paridhEyE gAtramArjanavastrE vA tasya dEhAt pIPitalOkAnAm samIpam AnItE tE nirAmayA jAtA apavitrA bhUtAzca tEbhyO bahirgatavantaH|
2c130d00c4	tadA dEzATanakAriNaH kiyantO yihUdIyA bhUtApasAriNO bhUtagrastanOkAnAM sannidhau prabhE ryIzO rnAma japtvA vAkyamidam avadan, yasya kathAM paulaH pracArayati tasya yIzO rnAmnA yuSmAn AjnjApayAmaH|
2c130e0049	skivanAmnO yihUdIyAnAM pradhAnayAjakasya saptabhiH puttaistathA kRtE sati
2c130f0057	kazcid apavitrO bhUtaH pratyuditavAn, yIzuM jAnAmi paulanjca paricinOmi kintu kE yUyaM?
2c13100094	ityuktvA sOpavitrabhUtagrastO manuSyO lamphaM kRtvA tESAmupari patitvA balEna tAn jitavAn, tasmAttE nagnAH kSatAggAzca santastasmAd gEhAt palAyanta|
2c131100a0	sA vAg iphiSanagaranivAsinasaM sarvvESAM yihUdIyAnAM bhinnadEzIyAnAM lOkAnAnjca zravOgOcarIbhUtA; tataH sarvvE bhayaM gatAH prabhO ryIzO rnAmnO yazO 'varddhata|
2c1312005e	yESAmanEkESAM lOkAnAM pratItirajAyata ta Agatya svaiH kRtAH kriyAH prakAzarUpENAggIkRtavantaH|
2c1313009d	bahavO mAyAkarmmakAriNaH svasvagranthAn AnIya rAzIkRtya sarvvESAM samakSam adAhayan, tatO gaNanAM kRtvAbudhyanta panjcAyutarUpyamudrAmUlyapustakAni dagdhAni|
2c13140035	itthaM prabhOH kathA sarvvadEzaM vyApya prabalA jAtA|
2c131500b0	sarvvESvEtESu karmmasu sampannESu satsu paulO mAkidaniyAkhAyAdEzAbhyAM yirUzAlamaM gantuM matiM kRtvA kathitavAn tatsthAnaM yAtrAyAM kRtAyAM satyAM mayA rOmAnagaraM draSTavyaM|
2c13160075	svAnugatalOkAnAM tImathiyErAstau dvau janau mAkidaniyAdEzaM prati prahitya svayam AziyAdEzE katipayadinAni sthitavAn|
2c1317002b	kintu tasmin samayE matE'smin kalahO jAtaH|
2c1318007b	tatkAraNamidaM, arttimIdEvyA rUpyamandiranirmmANEna sarvvESAM zilpinAM yathESTalAbham ajanayat yO dImItriyanAmA nAPIndhamaH
2c13190087	sa tAn tatkarmmajIvinaH sarvvalOkAMzca samAhUya bhASitavAn hE mahEcchA EtEna mandiranirmmANEnAsmAkaM jIvikA bhavati, Etad yUyaM vittha;
2c131a00de	kintu hastanirmmitEzvarA IzvarA nahi paulanAmnA kEnacijjanEna kathAmimAM vyAhRtya kEvalEphiSanagarE nahi prAyENa sarvvasmin AziyAdEzE pravRttiM grAhayitvA bahulOkAnAM zEmuSI parAvarttitA, Etad yuSmAbhi rdRzyatE zrUyatE ca|
2c131b00d3	tEnAsmAkaM vANijyasya sarvvathA hAnEH sambhavanaM kEvalamiti nahi, AziyAdEzasthai rvA sarvvajagatsthai rlOkaiH pUjyA yArtimI mahAdEvI tasyA mandirasyAvajnjAnasya tasyA aizvaryyasya nAzasya ca sambhAvanA vidyatE|
2c131c0072	EtAdRzIM kathAM zrutvA tE mahAkrOdhAnvitAH santa uccaiHkAraM kathitavanta iphiSIyAnAm arttimI dEvI mahatI bhavati|
2c131d00a6	tataH sarvvanagaraM kalahEna paripUrNamabhavat, tataH paraM tE mAkidanIyagAyAristArkhanAmAnau paulasya dvau sahacarau dhRtvaikacittA raggabhUmiM javEna dhAvitavantaH|
2c131e004c	tataH paulO lOkAnAM sannidhiM yAtum udyatavAn kintu ziSyagaNastaM vAritavAn|
2c131f0078	paulasyatmIyA AziyAdEzasthAH katipayAH pradhAnalOkAstasya samIpaM naramEkaM prESya tvaM raggabhUmiM mAgA iti nyavEdayan|
2c13200075	tatO nAnAlOkAnAM nAnAkathAkathanAt sabhA vyAkulA jAtA kiM kAraNAd EtAvatI janatAbhavat Etad adhikai rlOkai rnAjnjAyi|
2c13210070	tataH paraM janatAmadhyAd yihUdIyairbahiSkRtaH sikandarO hastEna sagkEtaM kRtvA lOkEbhya uttaraM dAtumudyatavAn,
2c1322008c	kintu sa yihUdIyalOka iti nizcitE sati iphiSIyAnAm arttimI dEvI mahatIti vAkyaM prAyENa panjca daNPAn yAvad EkasvarENa lOkanivahaiH prOktaM|
2c132300ce	tatO nagarAdhipatistAn sthirAn kRtvA kathitavAn hE iphiSAyAH sarvvE lOkA AkarNayata, artimImahAdEvyA mahAdEvAt patitAyAstatpratimAyAzca pUjanama iphiSanagarasthAH sarvvE lOkAH kurvvanti, Etat kE na jAnanti?
2c1324008c	tasmAd EtatpratikUlaM kEpi kathayituM na zaknuvanti, iti jnjAtvA yuSmAbhiH susthiratvEna sthAtavyam avivicya kimapi karmma na karttavyanjca|
2c13250066	yAn EtAn manuSyAn yUyamatra samAnayata tE mandiradravyApahArakA yuSmAkaM dEvyA nindakAzca na bhavanti|
2c132600a8	yadi kanjcana prati dImItriyasya tasya sahAyAnAnjca kAcid Apatti rvidyatE tarhi pratinidhilOkA vicArasthAnanjca santi, tE tat sthAnaM gatvA uttarapratyuttarE kurvvantu|
2c13270064	kintu yuSmAkaM kAcidaparA kathA yadi tiSThati tarhi niyamitAyAM sabhAyAM tasyA niSpatti rbhaviSyati|
2c132800a1	kintvEtasya virOdhasyOttaraM yEna dAtuM zaknum EtAdRzasya kasyacit kAraNasyAbhAvAd adyatanaghaTanAhEtO rAjadrOhiNAmivAsmAkam abhiyOgO bhaviSyatIti zagkA vidyatE|
2c1329002c	iti kathayitvA sa sabhAsthalOkAn visRSTavAn|
2c14010062	itthaM kalahE nivRttE sati paulaH ziSyagaNam AhUya visarjanaM prApya mAkidaniyAdEzaM prasthitavAn|
2c1402004f	tEna sthAnEna gacchan taddEzIyAn ziSyAn bahUpadizya yUnAnIyadEzam upasthitavAn|
2c140300a4	tatra mAsatrayaM sthitvA tasmAt suriyAdEzaM yAtum udyataH, kintu yihUdIyAstaM hantuM guptA atiSThan tasmAt sa punarapi mAkidaniyAmArgENa pratyAgantuM matiM kRtavAn|
2c1404009c	birayAnagarIyasOpAtraH thiSalanIkIyAristArkhasikundau darbbOnagarIyagAyatImathiyau AziyAdEzIyatukhikatraphimau ca tEna sArddhaM AziyAdEzaM yAvad gatavantaH|
2c14050042	EtE sarvvE 'grasarAH santO 'smAn apEkSya trOyAnagarE sthitavantaH|
2c14060091	kiNvazUnyapUpOtsavadinE ca gatE sati vayaM philipInagarAt tOyapathEna gatvA panjcabhi rdinaistrOyAnagaram upasthAya tatra saptadinAnyavAtiSThAma|
2c140700b0	saptAhasya prathamadinE pUpAn bhaMktu ziSyESu militESu paulaH paradinE tasmAt prasthAtum udyataH san tadahni prAyENa kSapAyA yAmadvayaM yAvat ziSyEbhyO dharmmakathAm akathayat|
2c1408004c	uparisthE yasmin prakOSThE sabhAM kRtvAsan tatra bahavaH pradIpAH prAjvalan|
2c140900d7	utukhanAmA kazcana yuvA ca vAtAyana upavizan ghOrataranidrAgrastO 'bhUt tadA paulEna bahukSaNaM kathAyAM pracAritAyAM nidrAmagnaH sa tasmAd uparisthatRtIyaprakOSThAd apatat, tatO lOkAstaM mRtakalpaM dhRtvOdatOlayan|
2c140a0074	tataH paulO'varuhya tasya gAtrE patitvA taM krOPE nidhAya kathitavAn, yUyaM vyAkulA mA bhUta nAyaM prANai rviyuktaH|
2c140b005d	pazcAt sa punazcOpari gatvA pUpAn bhaMktvA prabhAtaM yAvat kathOpakathanE kRtvA prasthitavAn|
2c140c003d	tE ca taM jIvantaM yuvAnaM gRhItvA gatvA paramApyAyitA jAtAH|
2c140d0091	anantaraM vayaM pOtEnAgrasarA bhUtvAsmanagaram uttIryya paulaM grahItuM matim akurmma yataH sa tatra padbhyAM vrajituM matiM kRtvEti nirUpitavAn|
2c140e005f	tasmAt tatrAsmAbhiH sArddhaM tasmin militE sati vayaM taM nItvA mitulInyupadvIpaM prAptavantaH|
2c140f00b7	tasmAt pOtaM mOcayitvA parE'hani khIyOpadvIpasya sammukhaM labdhavantastasmAd EkEnAhnA sAmOpadvIpaM gatvA pOtaM lAgayitvA trOgulliyE sthitvA parasmin divasE milItanagaram upAtiSThAma|
2c141000d0	yataH paula AziyAdEzE kAlaM yApayitum nAbhilaSan iphiSanagaraM tyaktvA yAtuM mantraNAM sthirIkRtavAn; yasmAd yadi sAdhyaM bhavati tarhi nistArOtsavasya panjcAzattamadinE sa yirUzAlamyupasthAtuM matiM kRtavAn|
2c1411004b	paulO milItAd iphiSaM prati lOkaM prahitya samAjasya prAcInAn AhUyAnItavAn|
2c141200ba	tESu tasya samIpam upasthitESu sa tEbhya imAM kathAM kathitavAn, aham AziyAdEzE prathamAgamanam ArabhyAdya yAvad yuSmAkaM sannidhau sthitvA sarvvasamayE yathAcaritavAn tad yUyaM jAnItha;
2c14130070	phalataH sarvvathA namramanAH san bahuzrupAtEna yihudIyAnAm kumantraNAjAtanAnAparIkSAbhiH prabhOH sEvAmakaravaM|
2c14140092	kAmapi hitakathAM na gOpAyitavAn tAM pracAryya saprakAzaM gRhE gRhE samupadizyEzvaraM prati manaH parAvarttanIyaM prabhau yIzukhrISTE vizvasanIyaM
2c14150040	yihUdIyAnAm anyadEzIyalOkAnAnjca samIpa EtAdRzaM sAkSyaM dadAmi|
2c14160076	pazyata sAmpratam AtmanAkRSTaH san yirUzAlamnagarE yAtrAM karOmi, tatra mAmprati yadyad ghaTiSyatE tAnyahaM na jAnAmi;
2c14170057	kintu mayA bandhanaM klEzazca bhOktavya iti pavitra AtmA nagarE nagarE pramANaM dadAti|
2c141800ed	tathApi taM klEzamahaM tRNAya na manyE; IzvarasyAnugrahaviSayakasya susaMvAdasya pramANaM dAtuM, prabhO ryIzOH sakAzAda yasyAH sEvAyAH bhAraM prApnavaM tAM sEvAM sAdhayituM sAnandaM svamArgaM samApayitunjca nijaprANAnapi priyAn na manyE|
2c141900a2	adhunA pazyata yESAM samIpE'ham IzvarIyarAjyasya susaMvAdaM pracAryya bhramaNaM kRtavAn EtAdRzA yUyaM mama vadanaM puna rdraSTuM na prApsyatha EtadapyahaM jAnAmi|
2c141a0043	yuSmabhyam aham Izvarasya sarvvAn AdEzAn prakAzayituM na nyavarttE|
2c141b0055	ahaM sarvvESAM lOkAnAM raktapAtadOSAd yannirdOSa AsE tasyAdya yuSmAn sAkSiNaH karOmi|
2c141c00a3	yUyaM svESu tathA yasya vrajasyAdhyakSan AtmA yuSmAn vidhAya nyayugkta tatsarvvasmin sAvadhAnA bhavata, ya samAjanjca prabhu rnijaraktamUlyEna krItavAna tam avata,
2c141d0064	yatO mayA gamanE kRtaEva durjayA vRkA yuSmAkaM madhyaM pravizya vrajaM prati nirdayatAm AcariSyanti,
2c141e005d	yuSmAkamEva madhyAdapi lOkA utthAya ziSyagaNam apahantuM viparItam upadEkSyantItyahaM jAnAmi|
2c141f0092	iti hEtO ryUyaM sacaitanyAH santastiSTata, ahanjca sAzrupAtaH san vatsaratrayaM yAvad divAnizaM pratijanaM bOdhayituM na nyavarttE tadapi smarata|
2c142000a7	idAnIM hE bhrAtarO yuSmAkaM niSThAM janayituM pavitrIkRtalOkAnAM madhyE'dhikAranjca dAtuM samarthO ya IzvarastasyAnugrahasya yO vAdazca tayOrubhayO ryuSmAn samArpayam|
2c1421003c	kasyApi svarNaM rUpyaM vastraM vA prati mayA lObhO na kRtaH|
2c14220062	kintu mama matsahacaralOkAnAnjcAvazyakavyayAya madIyamidaM karadvayam azrAmyad Etad yUyaM jAnItha|
2c142300ba	anEna prakArENa grahaNad dAnaM bhadramiti yadvAkyaM prabhu ryIzuH kathitavAn tat smarttuM daridralOkAnAmupakArArthaM zramaM karttunjca yuSmAkam ucitam EtatsarvvaM yuSmAnaham upadiSTavAn|
2c14240044	EtAM kathAM kathayitvA sa jAnunI pAtayitvA sarvaiH saha prArthayata|
2c14250013	tEna tE krandrantaH
2c1426009f	puna rmama mukhaM na drakSyatha vizESata ESA yA kathA tEnAkathi tatkAraNAt zOkaM vilApanjca kRtvA kaNThaM dhRtvA cumbitavantaH| pazcAt tE taM pOtaM nItavantaH|
2c15010091	tai rvisRSTAH santO vayaM pOtaM bAhayitvA RjumArgENa kOSam upadvIpam Agatya parE'hani rOdiyOpadvIpam AgacchAma tatastasmAt pAtArAyAm upAtiSThAma|
2c15020042	tatra phainIkiyAdEzagAminam pOtamEkaM prApya tamAruhya gatavantaH|
2c15030076	kuprOpadvIpaM dRSTvA taM savyadizi sthApayitvA suriyAdEzaM gatvA pOtasthadravyANyavarOhayituM sOranagarE lAgitavantaH|
2c1504008e	tatra ziSyagaNasya sAkSAtkaraNAya vayaM tatra saptadinAni sthitavantaH pazcAttE pavitrENAtmanA paulaM vyAharan tvaM yirUzAlamnagaraM mA gamaH|
2c150500d5	tatastESu saptasu dinESu yApitESu satsu vayaM tasmAt sthAnAt nijavartmanA gatavantaH, tasmAt tE sabAlavRddhavanitA asmAbhiH saha nagarasya parisaraparyyantam AgatAH pazcAdvayaM jaladhitaTE jAnupAtaM prArthayAmahi|
2c15060054	tataH parasparaM visRSTAH santO vayaM pOtaM gatAstE tu svasvagRhaM pratyAgatavantaH|
2c150700a6	vayaM sOranagarAt nAvA prasthAya talimAyinagaram upAtiSThAma tatrAsmAkaM samudrIyamArgasyAntO'bhavat tatra bhrAtRgaNaM namaskRtya dinamEkaM taiH sArddham uSatavantaH|
2c1508009f	parE 'hani paulastasya sagginO vayanjca pratiSThamAnAH kaisariyAnagaram Agatya susaMvAdapracArakAnAM saptajanAnAM philipanAmna Ekasya gRhaM pravizyAvatiSThAma|
2c15090033	tasya catasrO duhitarO'nUPhA bhaviSyadvAdinya Asan|
2c150a005b	tatrAsmAsu bahudinAni prOSitESu yihUdIyadEzAd AgatyAgAbanAmA bhaviSyadvAdI samupasthitavAn|
2c150b00e5	sOsmAkaM samIpamEtya paulasya kaTibandhanaM gRhItvA nijahastApAdAn baddhvA bhASitavAn yasyEdaM kaTibandhanaM taM yihUdIyalOkA yirUzAlamanagara itthaM baddhvA bhinnadEzIyAnAM karESu samarpayiSyantIti vAkyaM pavitra AtmA kathayati|
2c150c0061	EtAdRzIM kathAM zrutvA vayaM tannagaravAsinO bhrAtarazca yirUzAlamaM na yAtuM paulaM vyanayAmahi;
2c150d00bd	kintu sa pratyAvAdIt, yUyaM kiM kurutha? kiM krandanEna mamAntaHkaraNaM vidIrNaM kariSyatha? prabhO ryIzO rnAmnO nimittaM yirUzAlami baddhO bhavituM kEvala tanna prANAn dAtumapi sasajjOsmi|
2c150e005c	tEnAsmAkaM kathAyAm agRhItAyAm Izvarasya yathEcchA tathaiva bhavatvityuktvA vayaM nirasyAma|
2c150f0043	parE'hani pAthEyadravyANi gRhItvA yirUzAlamaM prati yAtrAm akurmma|
2c151000ab	tataH kaisariyAnagaranivAsinaH katipayAH ziSyA asmAbhiH sArddham itvA kRprIyEna mnAsannAmnA yEna prAcInaziSyEna sArddham asmAbhi rvastavyaM tasya samIpam asmAn nItavantaH|
2c15110049	asmAsu yirUzAlamyupasthitESu tatrasthabhrAtRgaNO'smAn AhlAdEna gRhItavAn|
2c15120067	parasmin divasE paulE'smAbhiH saha yAkUbO gRhaM praviSTE lOkaprAcInAH sarvvE tatra pariSadi saMsthitAH|
2c1513007e	anantaraM sa tAn natvA svIyapracAraNEna bhinnadEzIyAn pratIzvarO yAni karmmANi sAdhitavAn tadIyAM kathAm anukramAt kathitavAn|
2c151400b8	iti zrutvA tE prabhuM dhanyaM prOcya vAkyamidam abhASanta, hE bhrAta ryihUdIyAnAM madhyE bahusahasrANi lOkA vizvAsina AsatE kintu tE sarvvE vyavasthAmatAcAriNa Etat pratyakSaM pazyasi|
2c15150083	zizUnAM tvakchEdanAdyAcaraNaM pratiSidhya tvaM bhinnadEzanivAsinO yihUdIyalOkAn mUsAvAkyam azraddhAtum upadizasIti taiH zrutamasti|
2c1516009b	tvamatrAgatOsIti vArttAM samAkarNya jananivahO militvAvazyamEvAgamiSyati; ataEva kiM karaNIyam? atra vayaM mantrayitvA samupAyaM tvAM vadAmastaM tvamAcara|
2c1517003b	vrataM karttuM kRtasagkalpA yE'smAMka catvArO mAnavAH santi
2c151800d7	tAn gRhItvA taiH sahitaH svaM zuciM kuru tathA tESAM zirOmuNPanE yO vyayO bhavati taM tvaM dEhi| tathA kRtE tvadIyAcArE yA janazruti rjAyatE sAlIkA kintu tvaM vidhiM pAlayan vyavasthAnusArENEvAcarasIti tE bhOtsantE|
2c151900db	bhinnadEzIyAnAM vizvAsilOkAnAM nikaTE vayaM patraM likhitvEtthaM sthirIkRtavantaH, dEvaprasAdabhOjanaM raktaM galapIPanamAritaprANibhOjanaM vyabhicArazcaitEbhyaH svarakSaNavyatirEkENa tESAmanyavidhipAlanaM karaNIyaM na|
2c151a00b0	tataH paulastAn mAnuSAnAdAya parasmin divasE taiH saha zuci rbhUtvA mandiraM gatvA zaucakarmmaNO dinESu sampUrNESu tESAm EkaikArthaM naivEdyAdyutsargO bhaviSyatIti jnjApitavAn|
2c151b008f	tESu saptasu dinESu samAptakalpESu AziyAdEzanivAsinO yihUdIyAstaM madhyEmandiraM vilOkya jananivahasya manaHsu kupravRttiM janayitvA taM dhRtvA
2c151c00f7	prOccaiH prAvOcan, hE isrAyEllOkAH sarvvE sAhAyyaM kuruta| yO manuja EtESAM lOkAnAM mUsAvyavasthAyA Etasya sthAnasyApi viparItaM sarvvatra sarvvAn zikSayati sa ESaH; vizESataH sa bhinnadEzIyalOkAn mandiram AnIya pavitrasthAnamEtad apavitramakarOt|
2c151d0084	pUrvvaM tE madhyEnagaram iphiSanagarIyaM traphimaM paulEna sahitaM dRSTavanta EtasmAt paulastaM mandiramadhyam Anayad ityanvamimata|
2c151e0090	ataEva sarvvasmin nagarE kalahOtpannatvAt dhAvantO lOkA Agatya paulaM dhRtvA mandirasya bahirAkRSyAnayan tatkSaNAd dvArANi sarvvANi ca ruddhAni|
2c151f00b2	tESu taM hantumudyatESu yirUzAlamnagarE mahAnupadravO jAta iti vArttAyAM sahasrasEnApatEH karNagOcarIbhUtAyAM satyAM sa tatkSaNAt sainyAni sEnApatigaNanjca gRhItvA javEnAgatavAn|
2c1520005a	tatO lOkAH sEnAgaNEna saha sahasrasEnApatim AgacchantaM dRSTvA paulatAPanAtO nyavarttanta|
2c15210080	sa sahasrasEnApatiH sannidhAvAgamya paulaM dhRtvA zRgkhaladvayEna baddham Adizya tAn pRSTavAn ESa kaH? kiM karmma cAyaM kRtavAn?
2c15220095	tatO janasamUhasya kazcid EkaprakAraM kazcid anyaprakAraM vAkyam araut sa tatra satyaM jnjAtum kalahakAraNAd azaktaH san taM durgaM nEtum AjnjApayat|
2c15230052	tESu sOpAnasyOpari prAptESu lOkAnAM sAhasakAraNAt sEnAgaNaH paulamuttOlya nItavAn|
2c1524004d	tataH sarvvE lOkAH pazcAdgAminaH santa EnaM durIkurutEti vAkyam uccairavadan|
2c152500a7	paulasya durgAnayanasamayE sa tasmai sahasrasEnApatayE kathitavAn, bhavataH purastAt kathAM kathayituM kim anumanyatE? sa tamapRcchat tvaM kiM yUnAnIyAM bhASAM jAnAsi?
2c1526007d	yO misarIyO janaH pUrvvaM virOdhaM kRtvA catvAri sahasrANi ghAtakAn sagginaH kRtvA vipinaM gatavAn tvaM kiM saEva na bhavasi?
2c152700a3	tadA paulO'kathayat ahaM kilikiyAdEzasya tArSanagarIyO yihUdIyO, nAhaM sAmAnyanagarIyO mAnavaH; ataEva vinayE'haM lAkAnAM samakSaM kathAM kathayituM mAmanujAnISva|
2c1528008c	tEnAnujnjAtaH paulaH sOpAnOpari tiSThan hastEnEggitaM kRtavAn, tasmAt sarvvE susthirA abhavan| tadA paula ibrIyabhASayA kathayitum Arabhata,
2c1601003e	hE pitRgaNA hE bhrAtRgaNAH, idAnIM mama nivEdanE samavadhatta|
2c16020059	tadA sa ibrIyabhASayA kathAM kathayatIti zrutvA sarvvE lOkA atIva niHzabdA santO'tiSThan|
2c16030123	pazcAt sO'kathayad ahaM yihUdIya iti nizcayaH kilikiyAdEzasya tArSanagaraM mama janmabhUmiH, EtannagarIyasya gamilIyElanAmnO'dhyApakasya ziSyO bhUtvA pUrvvapuruSANAM vidhivyavasthAnusArENa sampUrNarUpENa zikSitO'bhavam idAnIntanA yUyaM yAdRzA bhavatha tAdRzO'hamapIzvarasEvAyAm udyOgI jAtaH|
2c16040064	matamEtad dviSTvA tadgrAhinArIpuruSAn kArAyAM baddhvA tESAM prANanAzaparyyantAM vipakSatAm akaravam|
2c160500f6	mahAyAjakaH sabhAsadaH prAcInalOkAzca mamaitasyAH kathAyAH pramANaM dAtuM zaknuvanti, yasmAt tESAM samIpAd dammESakanagaranivAsibhrAtRgaNArtham AjnjApatrANi gRhItvA yE tatra sthitAstAn daNPayituM yirUzAlamam AnayanArthaM dammESakanagaraM gatOsmi|
2c16060092	kintu gacchan tannagarasya samIpaM prAptavAn tadA dvitIyapraharavElAyAM satyAm akasmAd gagaNAnnirgatya mahatI dIpti rmama caturdizi prakAzitavatI|
2c16070073	tatO mayi bhUmau patitE sati, hE zaula hE zaula kutO mAM tAPayasi? mAmprati bhASita EtAdRza EkO ravOpi mayA zrutaH|
2c16080063	tadAhaM pratyavadaM, hE prabhE kO bhavAn? tataH sO'vAdIt yaM tvaM tAPayasi sa nAsaratIyO yIzurahaM|
2c16090062	mama sagginO lOkAstAM dIptiM dRSTvA bhiyaM prAptAH, kintu mAmpratyuditaM tadvAkyaM tE nAbudhyanta|
2c160a00b2	tataH paraM pRSTavAnahaM, hE prabhO mayA kiM karttavyaM? tataH prabhurakathayat, utthAya dammESakanagaraM yAhi tvayA yadyat karttavyaM nirUpitamAstE tat tatra tvaM jnjApayiSyasE|
2c160b0072	anantaraM tasyAH kharataradIptEH kAraNAt kimapi na dRSTvA saggigaNEna dhRtahastaH san dammESakanagaraM vrajitavAn|
2c160c0062	tannagaranivAsinAM sarvvESAM yihUdIyAnAM mAnyO vyavasthAnusArENa bhaktazca hanAnIyanAmA mAnava EkO
2c160d006c	mama sannidhim Etya tiSThan akathayat, hE bhrAtaH zaula sudRSTi rbhava tasmin daNPE'haM samyak taM dRSTavAn|
2c160e00cd	tataH sa mahyaM kathitavAn yathA tvam IzvarasyAbhiprAyaM vEtsi tasya zuddhasattvajanasya darzanaM prApya tasya zrImukhasya vAkyaM zRNOSi tannimittam asmAkaM pUrvvapuruSANAm IzvarastvAM manOnItaM kRtavAnaM|
2c160f0056	yatO yadyad adrAkSIrazrauSIzca sarvvESAM mAnavAnAM samIpE tvaM tESAM sAkSI bhaviSyasi|
2c1610005c	ataEva kutO vilambasE? prabhO rnAmnA prArthya nijapApaprakSAlanArthaM majjanAya samuttiSTha|
2c1611007d	tataH paraM yirUzAlamnagaraM pratyAgatya mandirE'ham EkadA prArthayE, tasmin samayE'ham abhibhUtaH san prabhUM sAkSAt pazyan,
2c16120079	tvaM tvarayA yirUzAlamaH pratiSThasva yatO lOkAmayi tava sAkSyaM na grahISyanti, mAmpratyuditaM tasyEdaM vAkyam azrauSam|
2c1613005e	tatOhaM pratyavAdiSam hE prabhO pratibhajanabhavanaM tvayi vizvAsinO lOkAn baddhvA prahRtavAn,
2c1614008a	tathA tava sAkSiNaH stiphAnasya raktapAtanasamayE tasya vinAzaM sammanya sannidhau tiSThan hantRlOkAnAM vAsAMsi rakSitavAn, Etat tE viduH|
2c1615004f	tataH sO'kathayat pratiSThasva tvAM dUrasthabhinnadEzIyAnAM samIpaM prESayiSyE|
2c16160080	tadA lOkA EtAvatparyyantAM tadIyAM kathAM zrutvA prOccairakathayan, EnaM bhUmaNPalAd dUrIkuruta, EtAdRzajanasya jIvanaM nOcitam|
2c16170044	ityuccaiH kathayitvA vasanAni parityajya gagaNaM prati dhUlIrakSipan
2c161800c2	tataH sahasrasEnApatiH paulaM durgAbhyantara nEtuM samAdizat| Etasya pratikUlAH santO lOkAH kinnimittam EtAvaduccaiHsvaram akurvvan, Etad vEttuM taM kazayA prahRtya tasya parIkSAM karttumAdizat|
2c161900bc	padAtayazcarmmanirmmitarajjubhistasya bandhanaM karttumudyatAstAstadAnIM paulaH sammukhasthitaM zatasEnApatim uktavAn daNPAjnjAyAm aprAptAyAM kiM rOmilOkaM praharttuM yuSmAkam adhikArOsti?
2c161a0078	EnAM kathAM zrutvA sa sahasrasEnApatEH sannidhiM gatvA tAM vArttAmavadat sa rOmilOka EtasmAt sAvadhAnaH san karmma kuru|
2c161b0060	tasmAt sahasrasEnApati rgatvA tamaprAkSIt tvaM kiM rOmilOkaH? iti mAM brUhi| sO'kathayat satyam|
2c161c0088	tataH sahasrasEnApatiH kathitavAn bahudraviNaM dattvAhaM tat paurasakhyaM prAptavAn; kintu paulaH kathitavAn ahaM janunA tat prAptO'smi|
2c161d00b3	itthaM sati yE prahArENa taM parIkSituM samudyatA Asan tE tasya samIpAt prAtiSThanta; sahasrasEnApatistaM rOmilOkaM vijnjAya svayaM yat tasya bandhanam akArSIt tatkAraNAd abibhEt|
2c161e00e7	yihUdIyalOkAH paulaM kutO'pavadantE tasya vRttAntaM jnjAtuM vAnjchan sahasrasEnApatiH parE'hani paulaM bandhanAt mOcayitvA pradhAnayAjakAn mahAsabhAyAH sarvvalOkAzca samupasthAtum Adizya tESAM sannidhau paulam avarOhya sthApitavAn|
2c17010084	sabhAsadlOkAn prati paulO'nanyadRSTyA pazyan akathayat, hE bhrAtRgaNA adya yAvat saralEna sarvvAntaHkaraNEnEzvarasya sAkSAd AcarAmi|
2c17020052	anEna hanAnIyanAmA mahAyAjakastaM kapOlE capETEnAhantuM samIpasthalOkAn AdiSTavAn|
2c170300a7	tadA paulastamavadat, hE bahiSpariSkRta, IzvarastvAM praharttum udyatOsti, yatO vyavasthAnusArENa vicArayitum upavizya vyavasthAM lagghitvA mAM praharttum AjnjApayasi|
2c17040047	tatO nikaTasthA lOkA akathayan, tvaM kim Izvarasya mahAyAjakaM nindasi?
2c1705009d	tataH paulaH pratibhASitavAn hE bhrAtRgaNa mahAyAjaka ESa iti na buddhaM mayA tadanyacca svalOkAnAm adhipatiM prati durvvAkyaM mA kathaya, EtAdRzI lipirasti|
2c170600d9	anantaraM paulastESAm arddhaM sidUkilOkA arddhaM phirUzilOkA iti dRSTvA prOccaiH sabhAsthalOkAn avadat hE bhrAtRgaNa ahaM phirUzimatAvalambI phirUzinaH satnAnazca, mRtalOkAnAm utthAnE pratyAzAkaraNAd ahamapavAditOsmi|
2c17070066	iti kathAyAM kathitAyAM phirUzisidUkinOH parasparaM bhinnavAkyatvAt sabhAyA madhyE dvau saMghau jAtau|
2c1708007d	yataH sidUkilOkA utthAnaM svargIyadUtA AtmAnazca sarvvESAm EtESAM kamapi na manyantE, kintu phirUzinaH sarvvam aggIkurvvanti|
2c17090105	tataH parasparam atizayakOlAhalE samupasthitE phirUzinAM pakSIyAH sabhAsthA adhyApakAH pratipakSA uttiSThantO 'kathayan, Etasya mAnavasya kamapi dOSaM na pazyAmaH; yadi kazcid AtmA vA kazcid dUta EnaM pratyAdizat tarhi vayam Izvarasya prAtikUlyEna na yOtsyAmaH|
2c170a00b1	tasmAd atIva bhinnavAkyatvE sati tE paulaM khaNPaM khaNPaM kariSyantItyAzagkayA sahasrasEnApatiH sEnAgaNaM tatsthAnaM yAtuM sabhAtO balAt paulaM dhRtvA durgaM nEtanjcAjnjApayat|
2c170b0093	rAtrO prabhustasya samIpE tiSThan kathitavAn hE paula nirbhayO bhava yathA yirUzAlamnagarE mayi sAkSyaM dattavAn tathA rOmAnagarEpi tvayA dAtavyam|
2c170c0082	dinE samupasthitE sati kiyantO yihUdIyalOkA EkamantraNAH santaH paulaM na hatvA bhOjanapAnE kariSyAma iti zapathEna svAn abadhnan|
2c170d0032	catvAriMzajjanEbhyO'dhikA lOkA iti paNam akurvvan|
2c170e008e	tE mahAyAjakAnAM prAcInalOkAnAnjca samIpaM gatvA kathayan, vayaM paulaM na hatvA kimapi na bhOkSyAmahE dRPhEnAnEna zapathEna baddhvA abhavAma|
2c170f00ed	ataEva sAmprataM sabhAsadlOkaiH saha vayaM tasmin kanjcid vizESavicAraM kariSyAmastadarthaM bhavAn zvO 'smAkaM samIpaM tam Anayatviti sahasrasEnApatayE nivEdanaM kuruta tEna yuSmAkaM samIpaM upasthitEH pUrvvaM vayaM taM hantu sajjiSyAma|
2c1710005c	tadA paulasya bhAginEyastESAmiti mantraNAM vijnjAya durgaM gatvA tAM vArttAM paulam uktavAn|
2c1711009b	tasmAt paula EkaM zatasEnApatim AhUya vAkyamidam bhASitavAn sahasrasEnApatEH samIpE'sya yuvamanuSyasya kinjcinnivEdanam AstE, tasmAt tatsavidham EnaM naya|
2c171200b1	tataH sa tamAdAya sahasrasEnApatEH samIpam upasthAya kathitavAn, bhavataH samIpE'sya kimapi nivEdanamAstE tasmAt bandiH paulO mAmAhUya bhavataH samIpam Enam AnEtuM prArthitavAn|
2c17130068	tadA sahasrasEnApatistasya hastaM dhRtvA nirjanasthAnaM nItvA pRSThavAn tava kiM nivEdanaM? tat kathaya|
2c17140080	tataH sOkathayat, yihUdIyalAkAH paulE kamapi vizESavicAraM chalaM kRtvA taM sabhAM nEtuM bhavataH samIpE nivEdayituM amantrayan|
2c171500f6	kintu mavatA tanna svIkarttavyaM yatastESAM madhyEvarttinazcatvAriMzajjanEbhyO 'dhikalOkA EkamantraNA bhUtvA paulaM na hatvA bhOjanaM pAnanjca na kariSyAma iti zapathEna baddhAH santO ghAtakA iva sajjitA idAnIM kEvalaM bhavatO 'numatim apEkSantE|
2c1716006a	yAmimAM kathAM tvaM nivEditavAn tAM kasmaicidapi mA kathayEtyuktvA sahasrasEnApatistaM yuvAnaM visRSTavAn|
2c171700ec	anantaraM sahasrasEnApati rdvau zatasEnApatI AhUyEdam Adizat, yuvAM rAtrau praharaikAvaziSTAyAM satyAM kaisariyAnagaraM yAtuM padAtisainyAnAM dvE zatE ghOTakArOhisainyAnAM saptatiM zaktidhArisainyAnAM dvE zatE ca janAn sajjitAn kurutaM|
2c1718005b	paulam ArOhayituM phIlikSAdhipatEH samIpaM nirvvighnaM nEtunjca vAhanAni samupasthApayataM|
2c17190033	aparaM sa patraM likhitvA dattavAn tallikhitamEtat,
2c171a0041	mahAmahimazrIyuktaphIlikSAdhipatayE klaudiyaluSiyasya namaskAraH|
2c171b0098	yihUdIyalOkAH pUrvvam EnaM mAnavaM dhRtvA svahastai rhantum udyatA EtasminnantarE sasainyOhaM tatrOpasthAya ESa janO rOmIya iti vijnjAya taM rakSitavAn|
2c171c0042	kinnimittaM tE tamapavadantE tajjnjAtuM tESA sabhAM tamAnAyitavAn|
2c171d00a0	tatastESAM vyavasthAyA viruddhayA kayAcana kathayA sO'pavAditO'bhavat, kintu sa zRgkhalabandhanArhO vA prANanAzArhO bhavatIdRzaH kOpyaparAdhO mayAsya na dRSTaH|
2c171e00c8	tathApi manuSyasyAsya vadhArthaM yihUdIyA ghAtakAiva sajjitA EtAM vArttAM zrutvA tatkSaNAt tava samIpamEnaM prESitavAn asyApavAdakAMzca tava samIpaM gatvApavaditum AjnjApayam| bhavataH kuzalaM bhUyAt|
2c171f0050	sainyagaNa AjnjAnusArENa paulaM gRhItvA tasyAM rajanyAm AntipAtrinagaram Anayat|
2c17200057	parE'hani tEna saha yAtuM ghOTakArUPhasainyagaNaM sthApayitvA parAvRtya durgaM gatavAn|
2c17210082	tataH parE ghOTakArOhisainyagaNaH kaisariyAnagaram upasthAya tatpatram adhipatEH karE samarpya tasya samIpE paulam upasthApitavAn|
2c17220076	tadAdhipatistatpatraM paThitvA pRSThavAn ESa kimpradEzIyO janaH? sa kilikiyApradEzIya EkO jana iti jnjAtvA kathitavAn,
2c17230055	tavApavAdakagaNa AgatE tava kathAM zrOSyAmi| hErOdrAjagRhE taM sthApayitum AdiSTavAn|
2c180100c2	panjcabhyO dinEbhyaH paraM hanAnIyanAmA mahAyAjakO'dhipatEH samakSaM paulasya prAtikUlyEna nivEdayituM tartullanAmAnaM kanjcana vaktAraM prAcInajanAMzca sagginaH kRtvA kaisariyAnagaram Agacchat|
2c180200cf	tataH paulE samAnItE sati tartullastasyApavAdakathAM kathayitum Arabhata hE mahAmahimaphIlikSa bhavatO vayam atinirvvighnaM kAlaM yApayAmO bhavataH pariNAmadarzitayA EtaddEzIyAnAM bahUni maggalAni ghaTitAni,
2c1803004c	iti hEtO rvayamatikRtajnjAH santaH sarvvatra sarvvadA bhavatO guNAn gAyamaH|
2c1804006d	kintu bahubhiH kathAbhi rbhavantaM yEna na viranjjayAmi tasmAd vinayE bhavAn banukampya madalpakathAM zRNOtu|
2c18050099	ESa mahAmArIsvarUpO nAsaratIyamatagrAhisaMghAtasya mukhyO bhUtvA sarvvadEzESu sarvvESAM yihUdIyAnAM rAjadrOhAcaraNapravRttiM janayatItyasmAbhi rnizcitaM|
2c18060076	sa mandiramapi azuci karttuM cESTitavAn; iti kAraNAd vayam EnaM dhRtvA svavyavasthAnusArENa vicArayituM prAvarttAmahi;
2c18070048	kintu luSiyaH sahasrasEnApatirAgatya balAd asmAkaM karEbhya EnaM gRhItvA
2c180800a0	EtasyApavAdakAn bhavataH samIpam Agantum AjnjApayat| vayaM yasmin tamapavAdAmO bhavatA padapavAdakathAyAM vicAritAyAM satyAM sarvvaM vRttAntaM vEdituM zakSyatE|
2c1809003b	tatO yihUdIyA api svIkRtya kathitavanta ESA kathA pramANam|
2c180a00aa	adhipatau kathAM kathayituM paulaM pratIggitaM kRtavati sa kathitavAn bhavAn bahUn vatsarAn yAvad EtaddEzasya zAsanaM karOtIti vijnjAya pratyuttaraM dAtum akSObhO'bhavam|
2c180b0077	adya kEvalaM dvAdaza dinAni yAtAni, aham ArAdhanAM karttuM yirUzAlamanagaraM gatavAn ESA kathA bhavatA jnjAtuM zakyatE;
2c180c008a	kintvibhE mAM madhyEmandiraM kEnApi saha vitaNPAM kurvvantaM kutrApi bhajanabhavanE nagarE vA lOkAn kupravRttiM janayantuM na dRSTavantaH|
2c180d004e	idAnIM yasmin yasmin mAm apavadantE tasya kimapi pramANaM dAtuM na zaknuvanti|
2c180e00d9	kintu bhaviSyadvAkyagranthE vyavasthAgranthE ca yA yA kathA likhitAstE tAsu sarvvAsu vizvasya yanmatam imE vidharmmaM jAnanti tanmatAnusArENAhaM nijapitRpuruSANAm Izvaram ArAdhayAmItyahaM bhavataH samakSam aggIkarOmi|
2c180f0086	dhArmmikANAm adhArmmikANAnjca pramItalOkAnAmEvOtthAnaM bhaviSyatIti kathAmimE svIkurvvanti tathAhamapi tasmin IzvarE pratyAzAM karOmi;
2c18100054	Izvarasya mAnavAnAnjca samIpE yathA nirdOSO bhavAmi tadarthaM satataM yatnavAn asmi|
2c1811006e	bahuSu vatsarESu gatESu svadEzIyalOkAnAM nimittaM dAnIyadravyANi naivEdyAni ca samAdAya punarAgamanaM kRtavAn|
2c18120087	tatOhaM zuci rbhUtvA lOkAnAM samAgamaM kalahaM vA na kAritavAn tathApyAziyAdEzIyAH kiyantO yihudIyalOkA madhyEmandiraM mAM dhRtavantaH|
2c18130060	mamOpari yadi kAcidapavAdakathAsti tarhi bhavataH samIpam upasthAya tESAmEva sAkSyadAnam ucitam|
2c18140079	nOcEt pUrvvE mahAsabhAsthAnAM lOkAnAM sannidhau mama daNPAyamAnatvasamayE, ahamadya mRtAnAmutthAnE yuSmAbhi rvicAritOsmi,
2c1815008d	tESAM madhyE tiSThannahaM yAmimAM kathAmuccaiH svarENa kathitavAn tadanyO mama kOpi dOSO'labhyata na vEti varam EtE samupasthitalOkA vadantu|
2c181600b4	tadA phIlikSa EtAM kathAM zrutvA tanmatasya vizESavRttAntaM vijnjAtuM vicAraM sthagitaM kRtvA kathitavAn luSiyE sahasrasEnApatau samAyAtE sati yuSmAkaM vicAram ahaM niSpAdayiSyAmi|
2c18170089	anantaraM bandhanaM vinA paulaM rakSituM tasya sEvanAya sAkSAtkaraNAya vA tadIyAtmIyabandhujanAn na vArayitunjca zamasEnApatim AdiSTavAn|
2c18180090	alpadinAt paraM phIlikSO'dhipati rdruSillAnAmnA yihUdIyayA svabhAryyayA sahAgatya paulamAhUya tasya mukhAt khrISTadharmmasya vRttAntam azrauSIt|
2c181900a2	paulEna nyAyasya parimitabhOgasya caramavicArasya ca kathAyAM kathitAyAM satyAM phIlikSaH kampamAnaH san vyAharad idAnIM yAhi, aham avakAzaM prApya tvAm AhUsyAmi|
2c181a007c	muktipraptyarthaM paulEna mahyaM mudrAdAsyantE iti patyAzAM kRtvA sa punaH punastamAhUya tEna sAkaM kathOpakathanaM kRtavAn|
2c181b008e	kintu vatsaradvayAt paraM parkiyaphISTa phAlikSasya padaM prAptE sati phIlikSO yihUdIyAn santuSTAn cikIrSan paulaM baddhaM saMsthApya gatavAn|
2c19010058	anantaraM phISTO nijarAjyam Agatya dinatrayAt paraM kaisariyAtO yirUzAlamnagaram Agamat|
2c1902004d	tadA mahAyAjakO yihUdIyAnAM pradhAnalOkAzca tasya samakSaM paulam apAvadanta|
2c19030058	bhavAn taM yirUzAlamam AnEtum AjnjApayatviti vinIya tE tasmAd anugrahaM vAnjchitavantaH|
2c1904009e	yataH pathimadhyE gOpanEna paulaM hantuM tai rghAtakA niyuktAH| phISTa uttaraM dattavAn paulaH kaisariyAyAM sthAsyati punaralpadinAt param ahaM tatra yAsyAmi|
2c19050091	tatastasya mAnuSasya yadi kazcid aparAdhastiSThati tarhi yuSmAkaM yE zaknuvanti tE mayA saha tatra gatvA tamapavadantu sa EtAM kathAM kathitavAn|
2c19060081	dazadivasEbhyO'dhikaM vilambya phISTastasmAt kaisariyAnagaraM gatvA parasmin divasE vicArAsana upadizya paulam AnEtum AjnjApayat|
2c190700b5	paulE samupasthitE sati yirUzAlamnagarAd AgatA yihUdIyalOkAstaM caturdizi saMvESTya tasya viruddhaM bahUn mahAdOSAn utthApitavantaH kintu tESAM kimapi pramANaM dAtuM na zaknuvantaH|
2c19080083	tataH paulaH svasmin uttaramidam uditavAn, yihUdIyAnAM vyavasthAyA mandirasya kaisarasya vA pratikUlaM kimapi karmma nAhaM kRtavAn|
2c1909008b	kintu phISTO yihUdIyAn santuSTAn karttum abhilaSan paulam abhASata tvaM kiM yirUzAlamaM gatvAsmin abhiyOgE mama sAkSAd vicAritO bhaviSyasi?
2c190a00b9	tataH paula uttaraM prOktavAn, yatra mama vicArO bhavituM yOgyaH kaisarasya tatra vicArAsana Eva samupasthitOsmi; ahaM yihUdIyAnAM kAmapi hAniM nAkArSam iti bhavAn yathArthatO vijAnAti|
2c190b0118	kanjcidaparAdhaM kinjcana vadhArhaM karmma vA yadyaham akariSyaM tarhi prANahananadaNPamapi bhOktum udyatO'bhaviSyaM, kintu tE mama samapavAdaM kurvvanti sa yadi kalpitamAtrO bhavati tarhi tESAM karESu mAM samarpayituM kasyApyadhikArO nAsti, kaisarasya nikaTE mama vicArO bhavatu|
2c190c008a	tadA phISTO mantribhiH sArddhaM saMmantrya paulAya kathitavAn, kaisarasya nikaTE kiM tava vicArO bhaviSyati? kaisarasya samIpaM gamiSyasi|
2c190d0060	kiyaddinEbhyaH param AgripparAjA barNIkI ca phISTaM sAkSAt karttuM kaisariyAnagaram Agatavantau|
2c190e00a5	tadA tau bahudinAni tatra sthitau tataH phISTastaM rAjAnaM paulasya kathAM vijnjApya kathayitum Arabhata paulanAmAnam EkaM bandi phIlikSO baddhaM saMsthApya gatavAn|
2c190f006d	yirUzAlami mama sthitikAlE mahAyAjakO yihUdIyAnAM prAcInalOkAzca tam apOdya tamprati daNPAjnjAM prArthayanta|
2c191000d8	tatOham ityuttaram avadaM yAvad apOditO janaH svApavAdakAn sAkSAt kRtvA svasmin yO'parAdha ArOpitastasya pratyuttaraM dAtuM suyOgaM na prApnOti, tAvatkAlaM kasyApi mAnuSasya prANanAzAjnjApanaM rOmilOkAnAM rIti rnahi|
2c19110064	tatastESvatrAgatESu parasmin divasE'ham avilambaM vicArAsana upavizya taM mAnuSam AnEtum AjnjApayam|
2c19120063	tadanantaraM tasyApavAdakA upasthAya yAdRzam ahaM cintitavAn tAdRzaM kanjcana mahApavAdaM nOtthApya
2c19130067	svESAM matE tathA paulO yaM sajIvaM vadati tasmin yIzunAmani mRtajanE ca tasya viruddhaM kathitavantaH|
2c19140069	tatOhaM tAdRgvicArE saMzayAnaH san kathitavAn tvaM yirUzAlamaM gatvA kiM tatra vicAritO bhavitum icchasi?
2c191500a5	tadA paulO mahArAjasya nikaTE vicAritO bhavituM prArthayata, tasmAd yAvatkAlaM taM kaisarasya samIpaM prESayituM na zaknOmi tAvatkAlaM tamatra sthApayitum AdiSTavAn|
2c19160087	tata AgrippaH phISTam uktavAn, ahamapi tasya mAnuSasya kathAM zrOtum abhilaSAmi| tadA phISTO vyAharat zvastadIyAM kathAM tvaM zrOSyasi|
2c191700bc	parasmin divasE AgrippO barNIkI ca mahAsamAgamaM kRtvA pradhAnavAhinIpatibhi rnagarasthapradhAnalOkaizca saha militvA rAjagRhamAgatya samupasthitau tadA phISTasyAjnjayA paula AnItO'bhavat|
2c191800ef	tadA phISTaH kathitavAn hE rAjan Agrippa hE upasthitAH sarvvE lOkA yirUzAlamnagarE yihUdIyalOkasamUhO yasmin mAnuSE mama samIpE nivEdanaM kRtvA prOccaiH kathAmimAM kathitavAn punaralpakAlamapi tasya jIvanaM nOcitaM tamEtaM mAnuSaM pazyata|
2c191900b1	kintvESa janaH prANanAzarhaM kimapi karmma na kRtavAn ityajAnAM tathApi sa mahArAjasya sannidhau vicAritO bhavituM prArthayata tasmAt tasya samIpaM taM prESayituM matimakaravam|
2c191a00ea	kintu zrIyuktasya samIpam Etasmin kiM lEkhanIyam ityasya kasyacin nirNayasya na jAtatvAd Etasya vicArE sati yathAhaM lEkhituM kinjcana nizcitaM prApnOmi tadarthaM yuSmAkaM samakSaM vizESatO hE AgripparAja bhavataH samakSam Etam AnayE|
2c191b004d	yatO bandiprESaNasamayE tasyAbhiyOgasya kinjcidalEkhanam aham ayuktaM jAnAmi|
2c1a010083	tata AgrippaH paulam avAdIt, nijAM kathAM kathayituM tubhyam anumati rdIyatE| tasmAt paulaH karaM prasAryya svasmin uttaram avAdIt|
2c1a020097	hE AgripparAja yatkAraNAdahaM yihUdIyairapavAditO 'bhavaM tasya vRttAntam adya bhavataH sAkSAn nivEdayitumanumatOham idaM svIyaM paramaM bhAgyaM manyE;
2c1a030091	yatO yihUdIyalOkAnAM madhyE yA yA rItiH sUkSmavicArAzca santi tESu bhavAn vijnjatamaH; ataEva prArthayE dhairyyamavalambya mama nivEdanaM zRNOtu|
2c1a040079	ahaM yirUzAlamnagarE svadEzIyalOkAnAM madhyE tiSThan A yauvanakAlAd yadrUpam AcaritavAn tad yihUdIyalOkAH sarvvE vidanti|
2c1a0500b1	asmAkaM sarvvEbhyaH zuddhatamaM yat phirUzIyamataM tadavalambI bhUtvAhaM kAlaM yApitavAn yE janA A bAlyakAlAn mAM jAnAnti tE EtAdRzaM sAkSyaM yadi dadAti tarhi dAtuM zaknuvanti|
2c1a060085	kintu hE AgripparAja IzvarO'smAkaM pUrvvapuruSANAM nikaTE yad aggIkRtavAn tasya pratyAzAhEtOraham idAnIM vicArasthAnE daNPAyamAnOsmi|
2c1a0700ac	tasyAggIkArasya phalaM prAptum asmAkaM dvAdazavaMzA divAnizaM mahAyatnAd IzvarasEvanaM kRtvA yAM pratyAzAM kurvvanti tasyAH pratyAzAyA hEtOrahaM yihUdIyairapavAditO'bhavam|
2c1a08004b	IzvarO mRtAn utthApayiSyatIti vAkyaM yuSmAkaM nikaTE'sambhavaM kutO bhavEt?
2c1a090065	nAsaratIyayIzO rnAmnO viruddhaM nAnAprakArapratikUlAcaraNam ucitam ityahaM manasi yathArthaM vijnjAya
2c1a0a00bd	yirUzAlamanagarE tadakaravaM phalataH pradhAnayAjakasya nikaTAt kSamatAM prApya bahUn pavitralOkAn kArAyAM baddhavAn vizESatastESAM hananasamayE tESAM viruddhAM nijAM sammatiM prakAzitavAn|
2c1a0b00aa	vAraM vAraM bhajanabhavanESu tEbhyO daNPaM pradattavAn balAt taM dharmmaM nindayitavAMzca punazca tAn prati mahAkrOdhAd unmattaH san vidEzIyanagarANi yAvat tAn tAPitavAn|
2c1a0c0057	itthaM pradhAnayAjakasya samIpAt zaktim AjnjApatranjca labdhvA dammESaknagaraM gatavAn|
2c1a0d0096	tadAhaM hE rAjan mArgamadhyE madhyAhnakAlE mama madIyasagginAM lOkAnAnjca catasRSu dikSu gagaNAt prakAzamAnAM bhAskaratOpi tEjasvatIM dIptiM dRSTavAn|
2c1a0e00b4	tasmAd asmAsu sarvvESu bhUmau patitESu satsu hE zaula hai zaula kutO mAM tAPayasi? kaNTakAnAM mukhE pAdAhananaM tava duHsAdhyam ibrIyabhASayA gadita EtAdRza EkaH zabdO mayA zrutaH|
2c1a0f0058	tadAhaM pRSTavAn hE prabhO kO bhavAn? tataH sa kathitavAn yaM yIzuM tvaM tAPayasi sOhaM,
2c1a100099	kintu samuttiSTha tvaM yad dRSTavAn itaH punanjca yadyat tvAM darzayiSyAmi tESAM sarvvESAM kAryyANAM tvAM sAkSiNaM mama sEvakanjca karttum darzanam adAm|
2c1a110062	vizESatO yihUdIyalOkEbhyO bhinnajAtIyEbhyazca tvAM manOnItaM kRtvA tESAM yathA pApamOcanaM bhavati
2c1a1200e5	yathA tE mayi vizvasya pavitrIkRtAnAM madhyE bhAgaM prApnuvanti tadabhiprAyENa tESAM jnjAnacakSUMSi prasannAni karttuM tathAndhakArAd dIptiM prati zaitAnAdhikArAcca IzvaraM prati matIH parAvarttayituM tESAM samIpaM tvAM prESyAmi|
2c1a13003e	hE AgripparAja EtAdRzaM svargIyapratyAdEzaM agrAhyam akRtvAhaM
2c1a1400db	prathamatO dammESaknagarE tatO yirUzAlami sarvvasmin yihUdIyadEzE anyESu dEzESu ca yEna lOkA matiM parAvarttya IzvaraM prati parAvarttayantE, manaHparAvarttanayOgyAni karmmANi ca kurvvanti tAdRzam upadEzaM pracAritavAn|
2c1a15003e	EtatkAraNAd yihUdIyA madhyEmandiraM mAM dhRtvA hantum udyatAH|
2c1a160080	tathApi khrISTO duHkhaM bhuktvA sarvvESAM pUrvvaM zmazAnAd utthAya nijadEzIyAnAM bhinnadEzIyAnAnjca samIpE dIptiM prakAzayiSyati
2c1a1700c5	bhaviSyadvAdigaNO mUsAzca bhAvikAryyasya yadidaM pramANam adadurEtad vinAnyAM kathAM na kathayitvA IzvarAd anugrahaM labdhvA mahatAM kSudrANAnjca sarvvESAM samIpE pramANaM dattvAdya yAvat tiSThAmi|
2c1a180079	tasyamAM kathAM nizamya phISTa uccaiH svarENa kathitavAn hE paula tvam unmattOsi bahuvidyAbhyAsEna tvaM hatajnjAnO jAtaH|
2c1a19005c	sa uktavAn hE mahAmahima phISTa nAham unmattaH kintu satyaM vivEcanIyanjca vAkyaM prastaumi|
2c1a1a0097	yasya sAkSAd akSObhaH san kathAM kathayAmi sa rAjA tadvRttAntaM jAnAti tasya samIpE kimapi guptaM nEti mayA nizcitaM budhyatE yatastad vijanE na kRtaM|
2c1a1b0062	hE AgripparAja bhavAn kiM bhaviSyadvAdigaNOktAni vAkyAni pratyEti? bhavAn pratyEti tadahaM jAnAmi|
2c1a1c005b	tata AgrippaH paulam abhihitavAn tvaM pravRttiM janayitvA prAyENa mAmapi khrISTIyaM karOSi|
2c1a1d00b2	tataH sO'vAdIt bhavAn yE yE lOkAzca mama kathAm adya zRNvanti prAyENa iti nahi kintvEtat zRgkhalabandhanaM vinA sarvvathA tE sarvvE mAdRzA bhavantvitIzvasya samIpE prArthayE'ham|
2c1a1e0058	EtasyAM kathAyAM kathitAyAM sa rAjA sO'dhipati rbarNIkI sabhAsthA lOkAzca tasmAd utthAya
2c1a1f0066	gOpanE parasparaM vivicya kathitavanta ESa janO bandhanArhaM prANahananArhaM vA kimapi karmma nAkarOt|
2c1a200081	tata AgrippaH phISTam avadat, yadyESa mAnuSaH kaisarasya nikaTE vicAritO bhavituM na prArthayiSyat tarhi muktO bhavitum azakSyat|
2c1b0100ac	jalapathEnAsmAkam itOliyAdEzaM prati yAtrAyAM nizcitAyAM satyAM tE yUliyanAmnO mahArAjasya saMghAtAntargatasya sEnApatEH samIpE paulaM tadanyAn katinayajanAMzca samArpayan|
2c1b0200c7	vayam AdrAmuttIyaM pOtamEkam Aruhya AziyAdEzasya taTasamIpEna yAtuM matiM kRtvA laggaram utthApya pOtam amOcayAma; mAkidaniyAdEzasthathiSalanIkInivAsyAristArkhanAmA kazcid janO'smAbhiH sArddham AsIt|
2c1b03009d	parasmin divasE 'smAbhiH sIdOnnagarE pOtE lAgitE tatra yUliyaH sEnApatiH paulaM prati saujanyaM pradarthya sAntvanArthaM bandhubAndhavAn upayAtum anujajnjau|
2c1b04005e	tasmAt pOtE mOcitE sati sammukhavAyOH sambhavAd vayaM kuprOpadvIpasya tIrasamIpEna gatavantaH|
2c1b05005f	kilikiyAyAH pAmphUliyAyAzca samudrasya pAraM gatvA lUkiyAdEzAntargataM murAnagaram upAtiSThAma|
2c1b060076	tatsthAnAd itAliyAdEzaM gacchati yaH sikandariyAnagarasya pOtastaM tatra prApya zatasEnApatistaM pOtam asmAn ArOhayat|
2c1b0700ad	tataH paraM bahUni dinAni zanaiH zanaiH rgatvA knIdapArzvOpasthtiH pUrvvaM pratikUlEna pavanEna vayaM salmOnyAH sammukham upasthAya krItyupadvIpasya tIrasamIpEna gatavantaH|
2c1b08004a	kaSTEna tamuttIryya lAsEyAnagarasyAdhaH sundaranAmakaM khAtam upAtiSThAma|
2c1b090075	itthaM bahutithaH kAlO yApita upavAsadinanjcAtItaM, tatkAraNAt nauvartmani bhayagkarE sati paulO vinayEna kathitavAn,
2c1b0a0097	hE mahEcchA ahaM nizcayaM jAnAmi yAtrAyAmasyAm asmAkaM klEzA bahUnAmapacayAzca bhaviSyanti, tE kEvalaM pOtasAmagryOriti nahi, kintvasmAkaM prANAnAmapi|
2c1b0b0053	tadA zatasEnApatiH paulOktavAkyatOpi karNadhArasya pOtavaNijazca vAkyaM bahumaMsta|
2c1b0c00ac	tat khAtaM zItakAlE vAsArhasthAnaM na tasmAd avAcIpratIcOrdizOH krItyAH phainIkiyakhAtaM yAtuM yadi zaknuvantastarhi tatra zItakAlaM yApayituM prAyENa sarvvE mantrayAmAsuH|
2c1b0d009d	tataH paraM dakSiNavAyu rmandaM vahatIti vilOkya nijAbhiprAyasya siddhEH suyOgO bhavatIti buddhvA pOtaM mOcayitvA krItyupadvIpasya tIrasamIpEna calitavantaH|
2c1b0e0051	kintvalpakSaNAt paramEva urakludOnnAmA pratikUlaH pracaNPO vAyu rvahan pOtE'lagIt
2c1b0f0041	tasyAbhimukhaM gantum pOtasyAzaktatvAd vayaM vAyunA svayaM nItAH|
2c1b100063	anantaraM klaudInAmna upadvIpasya kUlasamIpEna pOtaM gamayitvA bahunA kaSTEna kSudranAvam arakSAma|
2c1b11008b	tE tAmAruhya rajjcA pOtasyAdhObhAgam abadhnan tadanantaraM cEt pOtO saikatE lagatIti bhayAd vAtavasanAnyamOcayan tataH pOtO vAyunA cAlitaH|
2c1b120076	kintu kramazO vAyOH prabalatvAt pOtO dOlAyamAnO'bhavat parasmin divasE pOtasthAni katipayAni dravyANi tOyE nikSiptAni|
2c1b130041	tRtIyadivasE vayaM svahastaiH pOtasajjanadravyANi nikSiptavantaH|
2c1b14007b	tatO bahudinAni yAvat sUryyanakSatrAdIni samAcchannAni tatO 'tIva vAtyAgamAd asmAkaM prANarakSAyAH kApi pratyAzA nAtiSThat|
2c1b1500f0	bahudinESu lOkairanAhArENa yApitESu sarvvESAM sAkSat paulastiSThan akathayat, hE mahEcchAH krItyupadvIpAt pOtaM na mOcayitum ahaM pUrvvaM yad avadaM tadgrahaNaM yuSmAkam ucitam AsIt tathA kRtE yuSmAkam ESA vipad ESO'pacayazca nAghaTiSyEtAm|
2c1b160090	kintu sAmprataM yuSmAn vinIya bravImyahaM, yUyaM na kSubhyata yuSmAkam EkasyApi prANinO hAni rna bhaviSyati, kEvalasya pOtasya hAni rbhaviSyati|
2c1b170069	yatO yasyEzvarasya lOkO'haM yanjcAhaM paricarAmi tadIya EkO dUtO hyO rAtrau mamAntikE tiSThan kathitavAn,
2c1b18006a	hE paula mA bhaiSIH kaisarasya sammukhE tvayOpasthAtavyaM; tavaitAn sagginO lOkAn IzvarastubhyaM dattavAn|
2c1b19007a	ataEva hE mahEcchA yUyaM sthiramanasO bhavata mahyaM yA kathAkathi sAvazyaM ghaTiSyatE mamaitAdRzI vizvAsa IzvarE vidyatE,
2c1b1a0033	kintu kasyacid upadvIpasyOpari patitavyam asmAbhiH|
2c1b1b00b8	tataH param AdriyAsamudrE pOtastathaiva dOlAyamAnaH san itastatO gacchan caturdazadivasasya rAtrE rdvitIyapraharasamayE kasyacit sthalasya samIpamupatiSThatIti pOtIyalOkA anvamanyanta|
2c1b1c0099	tatastE jalaM parimAya tatra viMzati rvyAmA jalAnIti jnjAtavantaH| kinjciddUraM gatvA punarapi jalaM parimitavantaH| tatra panjcadaza vyAmA jalAni dRSTvA
2c1b1d0070	cEt pASANE lagatIti bhayAt pOtasya pazcAdbhAgatazcaturO laggarAn nikSipya divAkaram apEkSya sarvvE sthitavantaH|
2c1b1e006e	kintu pOtIyalOkAH pOtAgrabhAgE laggaranikSEpaM chalaM kRtvA jaladhau kSudranAvam avarOhya palAyitum acESTanta|
2c1b1f0077	tataH paulaH sEnApatayE sainyagaNAya ca kathitavAn, EtE yadi pOtamadhyE na tiSThanti tarhi yuSmAkaM rakSaNaM na zakyaM|
2c1b200036	tadA sEnAgaNO rajjUn chitvA nAvaM jalE patitum adadAt|
2c1b21009c	prabhAtasamayE paulaH sarvvAn janAn bhOjanArthaM prArthya vyAharat, adya caturdazadinAni yAvad yUyam apEkSamAnA anAhArAH kAlam ayApayata kimapi nAbhuMgdhaM|
2c1b22007d	atO vinayE'haM bhakSyaM bhujyatAM tatO yuSmAkaM maggalaM bhaviSyati, yuSmAkaM kasyacijjanasya zirasaH kEzaikOpi na naMkSyati|
2c1b23005a	iti vyAhRtya paulaM pUpaM gRhItvEzvaraM dhanyaM bhASamANastaM bhaMktvA bhOktum ArabdhavAn|
2c1b24003b	anantaraM sarvvE ca susthirAH santaH khAdyAni parpyagRhlan|
2c1b250030	asmAkaM pOtE SaTsaptatyadhikazatadvayalOkA Asan|
2c1b260069	sarvvESu lOkESu yathESTaM bhuktavatsu pOtasthan gOdhUmAn jaladhau nikSipya taiH pOtasya bhArO laghUkRtaH|
2c1b2700cd	dinE jAtE'pi sa kO dEza iti tadA na paryyacIyata; kintu tatra samataTam EkaM khAtaM dRSTvA yadi zaknumastarhi vayaM tasyAbhyantaraM pOtaM gamayAma iti matiM kRtvA tE laggarAn chittvA jaladhau tyaktavantaH|
2c1b280054	tathA karNabandhanaM mOcayitvA pradhAnaM vAtavasanam uttOlya tIrasamIpaM gatavantaH|
2c1b290085	kintu dvayOH samudrayOH saggamasthAnE saikatOpari pOtE nikSiptE 'grabhAgE bAdhitE pazcAdbhAgE prabalataraggO'lagat tEna pOtO bhagnaH|
2c1b2a0059	tasmAd bandayazcEd bAhubhistarantaH palAyantE ityAzagkayA sEnAgaNastAn hantum amantrayat;
2c1b2b00af	kintu zatasEnApatiH paulaM rakSituM prayatnaM kRtvA tAn taccESTAyA nivartya ityAdiSTavAn, yE bAhutaraNaM jAnanti tE'grE prOllampya samudrE patitvA bAhubhistIrttvA kUlaM yAntu|
2c1b2c0083	aparam avaziSTA janAH kASThaM pOtIyaM dravyaM vA yEna yat prApyatE tadavalambya yAntu; itthaM sarvvE bhUmiM prApya prANai rjIvitAH|
2c1c010051	itthaM sarvvESu rakSAM prAptESu tatratyOpadvIpasya nAma milItEti tE jnjAtavantaH|
2c1c020069	asabhyalOkA yathESTam anukampAM kRtvA varttamAnavRSTEH zItAcca vahniM prajjvAlyAsmAkam Atithyam akurvvan|
2c1c030081	kintu paula indhanAni saMgRhya yadA tasmin agrau nirakSipat, tadA vahnEH pratApAt EkaH kRSNasarpO nirgatya tasya hastE draSTavAn|
2c1c0400c4	tE'sabhyalOkAstasya hastE sarpam avalambamAnaM dRSTvA parasparam uktavanta ESa janO'vazyaM narahA bhaviSyati, yatO yadyapi jaladhE rakSAM prAptavAn tathApi pratiphaladAyaka EnaM jIvituM na dadAti|
2c1c05004f	kintu sa hastaM vidhunvan taM sarpam agnimadhyE nikSipya kAmapi pIPAM nAptavAn|
2c1c0600f3	tatO viSajvAlayA Etasya zarIraM sphItaM bhaviSyati yadvA haThAdayaM prANAn tyakSyatIti nizcitya lOkA bahukSaNAni yAvat tad draSTuM sthitavantaH kintu tasya kasyAzcid vipadO'ghaTanAt tE tadviparItaM vijnjAya bhASitavanta ESa kazcid dEvO bhavEt|
2c1c0700ab	publiyanAmA jana EkastasyOpadvIpasyAdhipatirAsIt tatra tasya bhUmyAdi ca sthitaM| sa janO'smAn nijagRhaM nItvA saujanyaM prakAzya dinatrayaM yAvad asmAkaM Atithyam akarOt|
2c1c0800a9	tadA tasya publiyasya pitA jvarAtisArENa pIPyamAnaH san zayyAyAm AsIt; tataH paulastasya samIpaM gatvA prArthanAM kRtvA tasya gAtrE hastaM samarpya taM svasthaM kRtavAn|
2c1c090046	itthaM bhUtE tadvIpanivAsina itarEpi rOgilOkA Agatya nirAmayA abhavan|
2c1c0a006c	tasmAttE'smAkam atIva satkAraM kRtavantaH, vizESataH prasthAnasamayE prayOjanIyAni nAnadravyANi dattavantaH|
2c1c0b00b3	itthaM tatra triSu mAsESu gatESu yasya cihnaM diyaskUrI tAdRza EkaH sikandarIyanagarasya pOtaH zItakAlaM yApayan tasmin upadvIpE 'tiSThat tamEva pOtaM vayam Aruhya yAtrAm akurmma|
2c1c0c004c	tataH prathamataH surAkUsanagaram upasthAya tatra trINi dinAni sthitavantaH|
2c1c0d0081	tasmAd AvRtya rIgiyanagaram upasthitAH dinaikasmAt paraM dakSiNavayau sAnukUlyE sati parasmin divasE patiyalInagaram upAtiSThAma|
2c1c0e008d	tatO'smAsu tatratyaM bhrAtRgaNaM prAptESu tE svaiH sArddham asmAn sapta dinAni sthApayitum ayatanta, itthaM vayaM rOmAnagaram pratyagacchAma|
2c1c0f00c0	tasmAt tatratyAH bhrAtarO'smAkam AgamanavArttAM zrutvA AppiyapharaM triSTAvarNInjca yAvad agrEsarAH santOsmAn sAkSAt karttum Agaman; tESAM darzanAt paula IzvaraM dhanyaM vadan AzvAsam AptavAn|
2c1c1000a1	asmAsu rOmAnagaraM gatESu zatasEnApatiH sarvvAn bandIn pradhAnasEnApatEH samIpE samArpayat kintu paulAya svarakSakapadAtinA saha pRthag vastum anumatiM dattavAn|
2c1c110115	dinatrayAt paraM paulastaddEzasthAn pradhAnayihUdina AhUtavAn tatastESu samupasthitESu sa kathitavAn, hE bhrAtRgaNa nijalOkAnAM pUrvvapuruSANAM vA rItE rviparItaM kinjcana karmmAhaM nAkaravaM tathApi yirUzAlamanivAsinO lOkA mAM bandiM kRtvA rOmilOkAnAM hastESu samarpitavantaH|
2c1c120056	rOmilOkA vicAryya mama prANahananArhaM kimapi kAraNaM na prApya mAM mOcayitum aicchan;
2c1c13008e	kintu yihUdilOkAnAm ApattyA mayA kaisararAjasya samIpE vicArasya prArthanA karttavyA jAtA nOcEt nijadEzIyalOkAn prati mama kOpyabhiyOgO nAsti|
2c1c140073	EtatkAraNAd ahaM yuSmAn draSTuM saMlapitunjcAhUyam isrAyElvazIyAnAM pratyAzAhEtOham EtEna zugkhalEna baddhO'bhavam|
2c1c1500a1	tadA tE tam avAdiSuH, yihUdIyadEzAd vayaM tvAmadhi kimapi patraM na prAptA yE bhrAtaraH samAyAtAstESAM kOpi tava kAmapi vArttAM nAvadat abhadramapi nAkathayacca|
2c1c160090	tava mataM kimiti vayaM tvattaH zrOtumicchAmaH| yad idaM navInaM matamutthitaM tat sarvvatra sarvvESAM nikaTE ninditaM jAtama iti vayaM jAnImaH|
2c1c170120	taistadartham Ekasmin dinE nirUpitE tasmin dinE bahava Ekatra militvA paulasya vAsagRham Agacchan tasmAt paula A prAtaHkAlAt sandhyAkAlaM yAvan mUsAvyavasthAgranthAd bhaviSyadvAdinAM granthEbhyazca yIzOH kathAm utthApya Izvarasya rAjyE pramANaM datvA tESAM pravRttiM janayituM cESTitavAn|
2c1c180034	kEcittu tasya kathAM pratyAyan kEcittu na pratyAyan;
2c1c1900d3	EtatkAraNAt tESAM parasparam anaikyAt sarvvE calitavantaH; tathApi paula EtAM kathAmEkAM kathitavAn pavitra AtmA yizayiyasya bhaviSyadvaktu rvadanAd asmAkaM pitRpuruSEbhya EtAM kathAM bhadraM kathayAmAsa, yathA,
2c1c1a009c	"upagatya janAnEtAn tvaM bhASasva vacastvidaM| karNaiH zrOSyatha yUyaM hi kintu yUyaM na bhOtsyatha| nEtrai rdrakSyatha yUyanjca jnjAtuM yUyaM na zakSyatha|
2c1c1b0122	tE mAnuSA yathA nEtraiH paripazyanti naiva hi| karNaiH ryathA na zRNvanti budhyantE na ca mAnasaiH| vyAvarttayatsu cittAni kAlE kutrApi tESu vai| mattastE manujAH svasthA yathA naiva bhavanti ca| tathA tESAM manuSyANAM santi sthUlA hi buddhayaH| badhirIbhUtakarNAzca jAtAzca mudritA dRzaH||
2c1c1c006d	ata IzvarAd yat paritrANaM tasya vArttA bhinnadEzIyAnAM samIpaM prESitA taEva tAM grahISyantIti yUyaM jAnIta|
2c1c1d005b	EtAdRzyAM kathAyAM kathitAyAM satyAM yihUdinaH parasparaM bahuvicAraM kurvvantO gatavantaH|
2c1c1e0082	itthaM paulaH sampUrNaM vatsaradvayaM yAvad bhATakIyE vAsagRhE vasan yE lOkAstasya sannidhim Agacchanti tAn sarvvAnEva parigRhlan,
2c1c1f0071	nirvighnam atizayaniHkSObham IzvarIyarAjatvasya kathAM pracArayan prabhau yIzau khrISTE kathAH samupAdizat| iti||
2d00000007	rOmiNaH
2d010100b5	IzvarO nijaputramadhi yaM susaMvAdaM bhaviSyadvAdibhi rdharmmagranthE pratizrutavAn taM susaMvAdaM pracArayituM pRthakkRta AhUtaH prEritazca prabhO ryIzukhrISTasya sEvakO yaH paulaH
2d0102004c	sa rOmAnagarasthAn IzvarapriyAn AhUtAMzca pavitralOkAn prati patraM likhati|
2d01030049	asmAkaM sa prabhu ryIzuH khrISTaH zArIrikasambandhEna dAyUdO vaMzOdbhavaH
2d01040061	pavitrasyAtmanaH sambandhEna cEzvarasya prabhAvavAn putra iti zmazAnAt tasyOtthAnEna pratipannaM|
2d01050076	aparaM yESAM madhyE yIzunA khrISTEna yUyamapyAhUtAstE 'nyadEzIyalOkAstasya nAmni vizvasya nidEzagrAhiNO yathA bhavanti
2d01060041	tadabhiprAyENa vayaM tasmAd anugrahaM prEritatvapadanjca prAptAH|
2d01070059	tAtEnAsmAkam IzvarENa prabhuNA yIzukhrISTEna ca yuSmabhyam anugrahaH zAntizca pradIyEtAM|
2d01080099	prathamataH sarvvasmin jagati yuSmAkaM vizvAsasya prakAzitatvAd ahaM yuSmAkaM sarvvESAM nimittaM yIzukhrISTasya nAma gRhlan Izvarasya dhanyavAdaM karOmi|
2d010900be	aparam Izvarasya prasAdAd bahukAlAt paraM sAmprataM yuSmAkaM samIpaM yAtuM kathamapi yat suyOgaM prApnOmi, EtadarthaM nirantaraM nAmAnyuccArayan nijAsu sarvvaprArthanAsu sarvvadA nivEdayAmi,
2d010a005e	Etasmin yamahaM tatputrIyasusaMvAdapracAraNEna manasA paricarAmi sa IzvarO mama sAkSI vidyatE|
2d010b0051	yatO yuSmAkaM mama ca vizvAsEna vayam ubhayE yathA zAntiyuktA bhavAma iti kAraNAd
2d010c006a	yuSmAkaM sthairyyakaraNArthaM yuSmabhyaM kinjcitparamArthadAnadAnAya yuSmAn sAkSAt karttuM madIyA vAnjchA|
2d010d0104	hE bhrAtRgaNa bhinnadEzIyalOkAnAM madhyE yadvat tadvad yuSmAkaM madhyEpi yathA phalaM bhunjjE tadabhiprAyENa muhurmuhu ryuSmAkaM samIpaM gantum udyatO'haM kintu yAvad adya tasmin gamanE mama vighnO jAta iti yUyaM yad ajnjAtAstiSThatha tadaham ucitaM na budhyE|
2d010e003c	ahaM sabhyAsabhyAnAM vidvadavidvatAnjca sarvvESAm RNI vidyE|
2d010f005a	ataEva rOmAnivAsinAM yuSmAkaM samIpE'pi yathAzakti susaMvAdaM pracArayitum aham udyatOsmi|
2d011000bc	yataH khrISTasya susaMvAdO mama lajjAspadaM nahi sa Izvarasya zaktisvarUpaH san A yihUdIyEbhyO 'nyajAtIyAn yAvat sarvvajAtIyAnAM madhyE yaH kazcid tatra vizvasiti tasyaiva trANaM janayati|
2d01110096	yataH pratyayasya samaparimANam IzvaradattaM puNyaM tatsusaMvAdE prakAzatE| tadadhi dharmmapustakEpi likhitamidaM "puNyavAn janO vizvAsEna jIviSyati"|
2d01120089	ataEva yE mAnavAH pApakarmmaNA satyatAM rundhanti tESAM sarvvasya durAcaraNasyAdharmmasya ca viruddhaM svargAd Izvarasya kOpaH prakAzatE|
2d01130065	yata Izvaramadhi yadyad jnjEyaM tad IzvaraH svayaM tAn prati prakAzitavAn tasmAt tESAm agOcaraM nahi|
2d0114008e	phalatastasyAnantazaktIzvaratvAdInyadRzyAnyapi sRSTikAlam Arabhya karmmasu prakAzamAnAni dRzyantE tasmAt tESAM dOSaprakSAlanasya panthA nAsti|
2d011500ae	aparam IzvaraM jnjAtvApi tE tam IzvarajnjAnEna nAdriyanta kRtajnjA vA na jAtAH; tasmAt tESAM sarvvE tarkA viphalIbhUtAH, aparanjca tESAM vivEkazUnyAni manAMsi timirE magnAni|
2d0116002b	tE svAn jnjAninO jnjAtvA jnjAnahInA abhavan
2d0117006b	anazvarasyEzvarasya gauravaM vihAya nazvaramanuSyapazupakSyurOgAmiprabhRtErAkRtiviziSTapratimAstairAzritAH|
2d01180088	itthaM ta Izvarasya satyatAM vihAya mRSAmatam AzritavantaH saccidAnandaM sRSTikarttAraM tyaktvA sRSTavastunaH pUjAM sEvAnjca kRtavantaH;
2d0119007b	iti hEtOrIzvarastAn kukriyAyAM samarpya nijanijakucintAbhilASAbhyAM svaM svaM zarIraM parasparam apamAnitaM karttum adadAt|
2d011a0068	IzvarENa tESu kvabhilASE samarpitESu tESAM yOSitaH svAbhAvikAcaraNam apahAya viparItakRtyE prAvarttanta;
2d011b00ac	tathA puruSA api svAbhAvikayOSitsaggamaM vihAya parasparaM kAmakRzAnunA dagdhAH santaH pumAMsaH puMbhiH sAkaM kukRtyE samAsajya nijanijabhrAntEH samucitaM phalam alabhanta|
2d011c007b	tE svESAM manaHsvIzvarAya sthAnaM dAtum anicchukAstatO hEtOrIzvarastAn prati duSTamanaskatvam avihitakriyatvanjca dattavAn|
2d011d0087	ataEva tE sarvvE 'nyAyO vyabhicArO duSTatvaM lObhO jighAMsA IrSyA vadhO vivAdazcAturI kumatirityAdibhi rduSkarmmabhiH paripUrNAH santaH
2d011e0067	karNEjapA apavAdina IzvaradvESakA hiMsakA ahagkAriNa AtmazlAghinaH kukarmmOtpAdakAH pitrOrAjnjAlagghakA
2d011f0042	avicArakA niyamalagghinaH snEharahitA atidvESiNO nirdayAzca jAtAH|
2d012000b4	yE janA EtAdRzaM karmma kurvvanti taEva mRtiyOgyA Izvarasya vicAramIdRzaM jnjAtvApi ta EtAdRzaM karmma svayaM kurvvanti kEvalamiti nahi kintu tAdRzakarmmakAriSu lOkESvapi prIyantE|
2d020100b6	hE paradUSaka manuSya yaH kazcana tvaM bhavasi tavOttaradAnAya panthA nAsti yatO yasmAt karmmaNaH parastvayA dUSyatE tasmAt tvamapi dUSyasE, yatastaM dUSayannapi tvaM tadvad Acarasi|
2d02020050	kintvEtAdRgAcAribhyO yaM daNPam IzvarO nizcinOti sa yathArtha iti vayaM jAnImaH|
2d0203007f	ataEva hE mAnuSa tvaM yAdRgAcAriNO dUSayasi svayaM yadi tAdRgAcarasi tarhi tvam IzvaradaNPAt palAyituM zakSyasIti kiM budhyasE?
2d0204008e	aparaM tava manasaH parivarttanaM karttum izvarasyAnugrahO bhavati tanna buddhvA tvaM kiM tadIyAnugrahakSamAcirasahiSNutvanidhiM tucchIkarOSi?
2d0205008b	tathA svAntaHkaraNasya kaThOratvAt khEdarAhityAccEzvarasya nyAyyavicAraprakAzanasya krOdhasya ca dinaM yAvat kiM svArthaM kOpaM sanjcinOSi?
2d0206003e	kintu sa EkaikamanujAya tatkarmmAnusArENa pratiphalaM dAsyati;
2d0207007a	vastutastu yE janA dhairyyaM dhRtvA satkarmma kurvvantO mahimA satkArO'maratvanjcaitAni mRgayantE tEbhyO'nantAyu rdAsyati|
2d02080071	aparaM yE janAH satyadharmmam agRhItvA viparItadharmmam gRhlanti tAdRzA virOdhijanAH kOpaM krOdhanjca bhOkSyantE|
2d02090071	A yihUdinO'nyadEzinaH paryyantaM yAvantaH kukarmmakAriNaH prANinaH santi tE sarvvE duHkhaM yAtanAnjca gamiSyanti;
2d020a0079	kintu A yihUdinO bhinnadEziparyyantA yAvantaH satkarmmakAriNO lOkAH santi tAn prati mahimA satkAraH zAntizca bhaviSyanti|
2d020b0021	Izvarasya vicArE pakSapAtO nAsti|
2d020c00be	alabdhavyavasthAzAstrai ryaiH pApAni kRtAni vyavasthAzAstrAlabdhatvAnurUpastESAM vinAzO bhaviSyati; kintu labdhavyavasthAzAstrA yE pApAnyakurvvan vyavasthAnusArAdEva tESAM vicArO bhaviSyati|
2d020d006b	vyavasthAzrOtAra Izvarasya samIpE niSpApA bhaviSyantIti nahi kintu vyavasthAcAriNa Eva sapuNyA bhaviSyanti|
2d020e00ad	yatO 'labdhavyavasthAzAstrA bhinnadEzIyalOkA yadi svabhAvatO vyavasthAnurUpAn AcArAn kurvvanti tarhyalabdhazAstrAH santO'pi tE svESAM vyavasthAzAstramiva svayamEva bhavanti|
2d020f00a0	tESAM manasi sAkSisvarUpE sati tESAM vitarkESu ca kadA tAn dOSiNaH kadA vA nirdOSAn kRtavatsu tE svAntarlikhitasya vyavasthAzAstrasya pramANaM svayamEva dadati|
2d021000a7	yasmin dinE mayA prakAzitasya susaMvAdasyAnusArAd IzvarO yIzukhrISTEna mAnuSANAm antaHkaraNAnAM gUPhAbhiprAyAn dhRtvA vicArayiSyati tasmin vicAradinE tat prakAziSyatE|
2d02110042	pazya tvaM svayaM yihUdIti vikhyAtO vyavasthOpari vizvAsaM karOSi,
2d02120077	Izvaramuddizya svaM zlAghasE, tathA vyavasthayA zikSitO bhUtvA tasyAbhimataM jAnAsi, sarvvAsAM kathAnAM sAraM viviMkSE,
2d02130065	aparaM jnjAnasya satyatAyAzcAkarasvarUpaM zAstraM mama samIpE vidyata atO 'ndhalOkAnAM mArgadarzayitA
2d02140064	timirasthitalOkAnAM madhyE dIptisvarUpO'jnjAnalOkEbhyO jnjAnadAtA zizUnAM zikSayitAhamEvEti manyasE|
2d02150075	parAn zikSayan svayaM svaM kiM na zikSayasi? vastutazcauryyaniSEdhavyavasthAM pracArayan tvaM kiM svayamEva cOrayasi?
2d02160083	tathA paradAragamanaM pratiSEdhan svayaM kiM paradArAn gacchasi? tathA tvaM svayaM pratimAdvESI san kiM mandirasya dravyANi harasi?
2d02170050	yastvaM vyavasthAM zlAghasE sa tvaM kiM vyavasthAm avamatya nEzvaraM sammanyasE?
2d02180059	zAstrE yathA likhati "bhinnadEzinAM samIpE yuSmAkaM dOSAd Izvarasya nAmnO nindA bhavati|"
2d02190087	yadi vyavasthAM pAlayasi tarhi tava tvakchEdakriyA saphalA bhavati; yati vyavasthAM lagghasE tarhi tava tvakchEdO'tvakchEdO bhaviSyati|
2d021a006b	yatO vyavasthAzAstrAdiSTadharmmakarmmAcArI pumAn atvakchEdI sannapi kiM tvakchEdinAM madhyE na gaNayiSyatE?
2d021b0091	kintu labdhazAstrazchinnatvak ca tvaM yadi vyavasthAlagghanaM karOSi tarhi vyavasthApAlakAH svAbhAvikAcchinnatvacO lOkAstvAM kiM na dUSayiSyanti?
2d021c0052	tasmAd yO bAhyE yihUdI sa yihUdI nahi tathAggasya yastvakchEdaH sa tvakchEdO nahi;
2d021d00bb	kintu yO jana AntarikO yihUdI sa Eva yihUdI aparanjca kEvalalikhitayA vyavasthayA na kintu mAnasikO yastvakchEdO yasya ca prazaMsA manuSyEbhyO na bhUtvA IzvarAd bhavati sa Eva tvakchEdaH|
2d03010046	aparanjca yihUdinaH kiM zrESThatvaM? tathA tvakchEdasya vA kiM phalaM?
2d03020049	sarvvathA bahUni phalAni santi, vizESata Izvarasya zAstraM tEbhyO'dIyata|
2d03030055	kaizcid avizvasanE kRtE tESAm avizvasanAt kim Izvarasya vizvAsyatAyA hAnirutpatsyatE?
2d030400c9	kEnApi prakArENa nahi| yadyapi sarvvE manuSyA mithyAvAdinastathApIzvaraH satyavAdI| zAstrE yathA likhitamAstE, atastvantu svavAkyEna nirddOSO hi bhaviSyasi| vicArE caiva niSpApO bhaviSyasi na saMzayaH|
2d030500a6	asmAkam anyAyEna yadIzvarasya nyAyaH prakAzatE tarhi kiM vadiSyAmaH? ahaM mAnuSANAM kathAmiva kathAM kathayAmi, IzvaraH samucitaM daNPaM dattvA kim anyAyI bhaviSyati?
2d03060048	itthaM na bhavatu, tathA satIzvaraH kathaM jagatO vicArayitA bhaviSyati?
2d0307007a	mama mithyAvAkyavadanAd yadIzvarasya satyatvEna tasya mahimA varddhatE tarhi kasmAdahaM vicArE'parAdhitvEna gaNyO bhavAmi?
2d030800cc	maggalArthaM pApamapi karaNIyamiti vAkyaM tvayA kutO nOcyatE? kintu yairucyatE tE nitAntaM daNPasya pAtrANi bhavanti; tathApi tadvAkyam asmAbhirapyucyata ityasmAkaM glAniM kurvvantaH kiyantO lOkA vadanti|
2d03090089	anyalOkEbhyO vayaM kiM zrESThAH? kadAcana nahi yatO yihUdinO 'nyadEzinazca sarvvaEva pApasyAyattA ityasya pramANaM vayaM pUrvvam adadAma|
2d030a0028	lipi ryathAstE, naikOpi dhArmmikO janaH|
2d030b002e	tathA jnjAnIzvarajnjAnI mAnavaH kOpi nAsti hi|
2d030c0059	vimArgagAminaH sarvvE sarvvE duSkarmmakAriNaH| EkO janOpi nO tESAM sAdhukarmma karOti ca|
2d030d008c	tathA tESAntu vai kaNThA anAvRtazmazAnavat| stutivAdaM prakurvvanti jihvAbhistE tu kEvalaM| tESAmOSThasya nimnE tu viSaM tiSThati sarppavat|
2d030e002c	mukhaM tESAM hi zApEna kapaTEna ca pUryyatE|
2d030f002a	raktapAtAya tESAM tu padAni kSipragAni ca|
2d0310002e	pathi tESAM manuSyANAM nAzaH klEzazca kEvalaH|
2d0311002c	tE janA nahi jAnanti panthAnaM sukhadAyinaM|
2d0312002c	paramEzAd bhayaM yattat taccakSuSOragOcaraM|
2d03130099	vyavasthAyAM yadyallikhati tad vyavasthAdhInAn lOkAn uddizya likhatIti vayaM jAnImaH| tatO manuSyamAtrO niruttaraH san Izvarasya sAkSAd aparAdhI bhavati|
2d0314008d	ataEva vyavasthAnurUpaiH karmmabhiH kazcidapi prANIzvarasya sAkSAt sapuNyIkRtO bhavituM na zakSyati yatO vyavasthayA pApajnjAnamAtraM jAyatE|
2d03150087	kintu vyavasthAyAH pRthag IzvarENa dEyaM yat puNyaM tad vyavasthAyA bhaviSyadvAdigaNasya ca vacanaiH pramANIkRtaM sad idAnIM prakAzatE|
2d03160070	yIzukhrISTE vizvAsakaraNAd IzvarENa dattaM tat puNyaM sakalESu prakAzitaM sat sarvvAn vizvAsinaH prati varttatE|
2d0317004c	tESAM kOpi prabhEdO nAsti, yataH sarvvaEva pApina IzvarIyatEjOhInAzca jAtAH|
2d03180050	ta IzvarasyAnugrahAd mUlyaM vinA khrISTakRtEna paritrANEna sapuNyIkRtA bhavanti|
2d031900b2	yasmAt svazONitEna vizvAsAt pApanAzakO balI bhavituM sa Eva pUrvvam IzvarENa nizcitaH, ittham IzvarIyasahiSNutvAt purAkRtapApAnAM mArjjanakaraNE svIyayAthArthyaM tEna prakAzyatE,
2d031a0078	varttamAnakAlIyamapi svayAthArthyaM tEna prakAzyatE, aparaM yIzau vizvAsinaM sapuNyIkurvvannapi sa yAthArthikastiSThati|
2d031b0090	tarhi kutrAtmazlAghA? sA dUrIkRtA; kayA vyavasthayA? kiM kriyArUpavyavasthayA? itthaM nahi kintu tat kEvalavizvAsarUpayA vyavasthayaiva bhavati|
2d031c0077	ataEva vyavasthAnurUpAH kriyA vinA kEvalEna vizvAsEna mAnavaH sapuNyIkRtO bhavituM zaknOtItyasya rAddhAntaM darzayAmaH|
2d031d0061	sa kiM kEvalayihUdinAm IzvarO bhavati? bhinnadEzinAm IzvarO na bhavati? bhinnadEzinAmapi bhavati;
2d031e0050	yasmAd Eka IzvarO vizvAsAt tvakchEdinO vizvAsEnAtvakchEdinazca sapuNyIkariSyati|
2d031f0063	tarhi vizvAsEna vayaM kiM vyavasthAM lumpAma? itthaM na bhavatu vayaM vyavasthAM saMsthApayAma Eva|
2d04010051	asmAkaM pUrvvapuruSa ibrAhIm kAyikakriyayA kiM labdhavAn Etadadhi kiM vadiSyAmaH?
2d04020078	sa yadi nijakriyAbhyaH sapuNyO bhavEt tarhi tasyAtmazlAghAM karttuM panthA bhavEditi satyaM, kintvIzvarasya samIpE nahi|
2d0403005a	zAstrE kiM likhati? ibrAhIm IzvarE vizvasanAt sa vizvAsastasmai puNyArthaM gaNitO babhUva|
2d04040052	karmmakAriNO yad vEtanaM tad anugrahasya phalaM nahi kintu tEnOpArjitaM mantavyam|
2d04050070	kintu yaH pApinaM sapuNyIkarOti tasmin vizvAsinaH karmmahInasya janasya yO vizvAsaH sa puNyArthaM gaNyO bhavati|
2d04060057	aparaM yaM kriyAhInam IzvaraH sapuNyIkarOti tasya dhanyavAdaM dAyUd varNayAmAsa, yathA,
2d0407002d	sa dhanyO'ghAni mRSTAni yasyAgAMsyAvRtAni ca|
2d0408002e	sa ca dhanyaH parEzEna pApaM yasya na gaNyatE|
2d04090076	ESa dhanyavAdastvakchEdinam atvakchEdinaM vA kaM prati bhavati? ibrAhImO vizvAsaH puNyArthaM gaNita iti vayaM vadAmaH|
2d040a009a	sa vizvAsastasya tvakchEditvAvasthAyAM kim atvakchEditvAvasthAyAM kasmin samayE puNyamiva gaNitaH? tvakchEditvAvasthAyAM nahi kintvatvakchEditvAvasthAyAM|
2d040b0063	aparanjca sa yat sarvvESAm atvakchEdinAM vizvAsinAm AdipuruSO bhavEt, tE ca puNyavattvEna gaNyEran;
2d040c0123	yE ca lOkAH kEvalaM chinnatvacO na santO 'smatpUrvvapuruSa ibrAhIm achinnatvak san yEna vizvAsamArgENa gatavAn tEnaiva tasya pAdacihnEna gacchanti tESAM tvakchEdinAmapyAdipuruSO bhavEt tadartham atvakchEdinO mAnavasya vizvAsAt puNyam utpadyata iti pramANasvarUpaM tvakchEdacihnaM sa prApnOt|
2d040d0093	ibrAhIm jagatO'dhikArI bhaviSyati yaiSA pratijnjA taM tasya vaMzanjca prati pUrvvam akriyata sA vyavasthAmUlikA nahi kintu vizvAsajanyapuNyamUlikA|
2d040e0065	yatO vyavasthAvalambinO yadyadhikAriNO bhavanti tarhi vizvAsO viphalO jAyatE sA pratijnjApi luptaiva|
2d040f0060	adhikantu vyavasthA kOpaM janayati yatO 'vidyamAnAyAM vyavasthAyAm AjnjAlagghanaM na sambhavati|
2d04100103	ataEva sA pratijnjA yad anugrahasya phalaM bhavEt tadarthaM vizvAsamUlikA yatastathAtvE tadvaMzasamudAyaM prati arthatO yE vyavasthayA tadvaMzasambhavAH kEvalaM tAn prati nahi kintu ya ibrAhImIyavizvAsEna tatsambhavAstAnapi prati sA pratijnjA sthAsnurbhavati|
2d041100d8	yO nirjIvAn sajIvAn avidyamAnAni vastUni ca vidyamAnAni karOti ibrAhImO vizvAsabhUmEstasyEzvarasya sAkSAt sO'smAkaM sarvvESAm AdipuruSa AstE, yathA likhitaM vidyatE, ahaM tvAM bahujAtInAm AdipuruSaM kRtvA niyuktavAn|
2d041200af	tvadIyastAdRzO vaMzO janiSyatE yadidaM vAkyaM pratizrutaM tadanusArAd ibrAhIm bahudEzIyalOkAnAm AdipuruSO yad bhavati tadarthaM sO'napEkSitavyamapyapEkSamANO vizvAsaM kRtavAn|
2d04130082	aparanjca kSINavizvAsO na bhUtvA zatavatsaravayaskatvAt svazarIrasya jarAM sArAnAmnaH svabhAryyAyA rajOnivRttinjca tRNAya na mEnE|
2d04140045	aparam avizvAsAd Izvarasya pratijnjAvacanE kamapi saMzayaM na cakAra;
2d04150083	kintvIzvarENa yat pratizrutaM tat sAdhayituM zakyata iti nizcitaM vijnjAya dRPhavizvAsaH san Izvarasya mahimAnaM prakAzayAnjcakAra|
2d04160038	iti hEtOstasya sa vizvAsastadIyapuNyamiva gaNayAnjcakrE|
2d04170051	puNyamivAgaNyata tat kEvalasya tasya nimittaM likhitaM nahi, asmAkaM nimittamapi,
2d0418007c	yatO'smAkaM pApanAzArthaM samarpitO'smAkaM puNyaprAptyarthanjcOtthApitO'bhavat yO'smAkaM prabhu ryIzustasyOtthApayitarIzvarE
2d0419004a	yadi vayaM vizvasAmastarhyasmAkamapi saEva vizvAsaH puNyamiva gaNayiSyatE|
2d0501005b	vizvAsEna sapuNyIkRtA vayam IzvarENa sArddhaM prabhuNAsmAkaM yIzukhrISTEna mElanaM prAptAH|
2d05020084	aparaM vayaM yasmin anugrahAzrayE tiSThAmastanmadhyaM vizvAsamArgENa tEnaivAnItA vayam IzvarIyavibhavaprAptipratyAzayA samAnandAmaH|
2d0503005d	tat kEvalaM nahi kintu klEzabhOgE'pyAnandAmO yataH klEzAd dhairyyaM jAyata iti vayaM jAnImaH,
2d05040040	dhairyyAcca parIkSitatvaM jAyatE, parIkSitatvAt pratyAzA jAyatE,
2d0505007a	pratyAzAtO vrIPitatvaM na jAyatE, yasmAd asmabhyaM dattEna pavitrENAtmanAsmAkam antaHkaraNAnIzvarasya prEmavAriNA siktAni|
2d05060057	asmAsu nirupAyESu satsu khrISTa upayuktE samayE pApinAM nimittaM svIyAn praNAn atyajat|
2d0507007c	hitakAriNO janasya kRtE kOpi praNAn tyaktuM sAhasaM karttuM zaknOti, kintu dhArmmikasya kRtE prAyENa kOpi prANAn na tyajati|
2d05080080	kintvasmAsu pApiSu satsvapi nimittamasmAkaM khrISTaH svaprANAn tyaktavAn, tata IzvarOsmAn prati nijaM paramaprEmANaM darzitavAn|
2d0509004e	ataEva tasya raktapAtEna sapuNyIkRtA vayaM nitAntaM tEna kOpAd uddhAriSyAmahE|
2d050a00a8	phalatO vayaM yadA ripava Asma tadEzvarasya putrasya maraNEna tEna sArddhaM yadyasmAkaM mElanaM jAtaM tarhi mElanaprAptAH santO'vazyaM tasya jIvanEna rakSAM lapsyAmahE|
2d050b0071	tat kEvalaM nahi kintu yEna mElanam alabhAmahi tEnAsmAkaM prabhuNA yIzukhrISTEna sAmpratam IzvarE samAnandAmazca|
2d050c0081	tathA sati, EkEna mAnuSENa pApaM pApEna ca maraNaM jagatIM prAvizat aparaM sarvvESAM pApitvAt sarvvE mAnuSA mRtE rnighnA abhavat|
2d050d0075	yatO vyavasthAdAnasamayaM yAvat jagati pApam AsIt kintu yatra vyavasthA na vidyatE tatra pApasyApi gaNanA na vidyatE|
2d050e009e	tathApyAdamA yAdRzaM pApaM kRtaM tAdRzaM pApaM yai rnAkAri Adamam Arabhya mUsAM yAvat tESAmapyupari mRtyU rAjatvam akarOt sa Adam bhAvyAdamO nidarzanamEvAstE|
2d050f00f3	kintu pApakarmmaNO yAdRzO bhAvastAdRg dAnakarmmaNO bhAvO na bhavati yata Ekasya janasyAparAdhEna yadi bahUnAM maraNam aghaTata tathApIzvarAnugrahastadanugrahamUlakaM dAnanjcaikEna janEnArthAd yIzunA khrISTEna bahuSu bAhulyAtibAhulyEna phalati|
2d051000c1	aparam Ekasya janasya pApakarmma yAdRk phalayuktaM dAnakarmma tAdRk na bhavati yatO vicArakarmmaikaM pApam Arabhya daNPajanakaM babhUva, kintu dAnakarmma bahupApAnyArabhya puNyajanakaM babhUva|
2d051100d0	yata Ekasya janasya pApakarmmatastEnaikEna yadi maraNasya rAjatvaM jAtaM tarhi yE janA anugrahasya bAhulyaM puNyadAnanjca prApnuvanti ta EkEna janEna, arthAt yIzukhrISTEna, jIvanE rAjatvam avazyaM kariSyanti|
2d05120081	EkO'parAdhO yadvat sarvvamAnavAnAM daNPagAmI mArgO 'bhavat tadvad EkaM puNyadAnaM sarvvamAnavAnAM jIvanayuktapuNyagAmI mArga Eva|
2d05130076	aparam Ekasya janasyAjnjAlagghanAd yathA bahavO 'parAdhinO jAtAstadvad EkasyAjnjAcaraNAd bahavaH sapuNyIkRtA bhavanti|
2d05140080	adhikantu vyavasthAgamanAd aparAdhasya bAhulyaM jAtaM kintu yatra pApasya bAhulyaM tatraiva tasmAd anugrahasya bAhulyam abhavat|
2d05150084	tEna mRtyunA yadvat pApasya rAjatvam abhavat tadvad asmAkaM prabhuyIzukhrISTadvArAnantajIvanadAyipuNyEnAnugrahasya rAjatvaM bhavati|
2d0601006e	prabhUtarUpENa yad anugrahaH prakAzatE tadarthaM pApE tiSThAma iti vAkyaM kiM vayaM vadiSyAmaH? tanna bhavatu|
2d06020035	pApaM prati mRtA vayaM punastasmin katham jIviSyAmaH?
2d0603006a	vayaM yAvantO lOkA yIzukhrISTE majjitA abhavAma tAvanta Eva tasya maraNE majjitA iti kiM yUyaM na jAnItha?
2d060400a3	tatO yathA pituH parAkramENa zmazAnAt khrISTa utthApitastathA vayamapi yat nUtanajIvina ivAcarAmastadarthaM majjanEna tEna sArddhaM mRtyurUpE zmazAnE saMsthApitAH|
2d0605006b	aparaM vayaM yadi tEna saMyuktAH santaH sa iva maraNabhAginO jAtAstarhi sa ivOtthAnabhAginO'pi bhaviSyAmaH|
2d06060099	vayaM yat pApasya dAsAH puna rna bhavAmastadartham asmAkaM pAparUpazarIrasya vinAzArtham asmAkaM purAtanapuruSastEna sAkaM kruzE'hanyatEti vayaM jAnImaH|
2d0607001c	yO hataH sa pApAt mukta Eva|
2d06080073	ataEva yadi vayaM khrISTEna sArddham ahanyAmahi tarhi punarapi tEna sahitA jIviSyAma ityatrAsmAkaM vizvAsO vidyatE|
2d06090067	yataH zmazAnAd utthApitaH khrISTO puna rna mriyata iti vayaM jAnImaH| tasmin kOpyadhikArO mRtyO rnAsti|
2d060a0061	aparanjca sa yad amriyata tEnaikadA pApam uddizyAmriyata, yacca jIvati tEnEzvaram uddizya jIvati;
2d060b0065	tadvad yUyamapi svAn pApam uddizya mRtAn asmAkaM prabhuNA yIzukhrISTEnEzvaram uddizya jIvantO jAnIta|
2d060c0055	aparanjca kutsitAbhilASAn pUrayituM yuSmAkaM martyadEhESu pApam AdhipatyaM na karOtu|
2d060d00bb	aparaM svaM svam aggam adharmmasyAstraM kRtvA pApasEvAyAM na samarpayata, kintu zmazAnAd utthitAniva svAn IzvarE samarpayata svAnyaggAni ca dharmmAstrasvarUpANIzvaram uddizya samarpayata|
2d060e0074	yuSmAkam upari pApasyAdhipatyaM puna rna bhaviSyati, yasmAd yUyaM vyavasthAyA anAyattA anugrahasya cAyattA abhavata|
2d060f006f	kintu vayaM vyavasthAyA anAyattA anugrahasya cAyattA abhavAma, iti kAraNAt kiM pApaM kariSyAmaH? tanna bhavatu|
2d061000ab	yatO mRtijanakaM pApaM puNyajanakaM nidEzAcaraNanjcaitayOrdvayO ryasmin AjnjApAlanArthaM bhRtyAniva svAn samarpayatha, tasyaiva bhRtyA bhavatha, Etat kiM yUyaM na jAnItha?
2d061100b4	aparanjca pUrvvaM yUyaM pApasya bhRtyA AstEti satyaM kintu yasyAM zikSArUpAyAM mUSAyAM nikSiptA abhavata tasyA AkRtiM manObhi rlabdhavanta iti kAraNAd Izvarasya dhanyavAdO bhavatu|
2d0612003d	itthaM yUyaM pApasEvAtO muktAH santO dharmmasya bhRtyA jAtAH|
2d061300ef	yuSmAkaM zArIrikyA durbbalatAyA hEtO rmAnavavad aham Etad bravImi; punaH punaradharmmakaraNArthaM yadvat pUrvvaM pApAmEdhyayO rbhRtyatvE nijAggAni samArpayata tadvad idAnIM sAdhukarmmakaraNArthaM dharmmasya bhRtyatvE nijAggAni samarpayata|
2d0614003c	yadA yUyaM pApasya bhRtyA Asta tadA dharmmasya nAyattA Asta|
2d06150081	tarhi yAni karmmANi yUyam idAnIM lajjAjanakAni budhyadhvE pUrvvaM tai ryuSmAkaM kO lAbha AsIt? tESAM karmmaNAM phalaM maraNamEva|
2d06160090	kintu sAmprataM yUyaM pApasEvAtO muktAH santa Izvarasya bhRtyA'bhavata tasmAd yuSmAkaM pavitratvarUpaM labhyam anantajIvanarUpanjca phalam AstE|
2d0617006c	yataH pApasya vEtanaM maraNaM kintvasmAkaM prabhuNA yIzukhrISTEnAnantajIvanam IzvaradattaM pAritOSikam AstE|
2d07010086	hE bhrAtRgaNa vyavasthAvidaH prati mamEdaM nivEdanaM| vidhiH kEvalaM yAvajjIvaM mAnavOparyyadhipatitvaM karOtIti yUyaM kiM na jAnItha?
2d07020095	yAvatkAlaM pati rjIvati tAvatkAlam UPhA bhAryyA vyavasthayA tasmin baddhA tiSThati kintu yadi pati rmriyatE tarhi sA nArI patyu rvyavasthAtO mucyatE|
2d070300cc	EtatkAraNAt patyurjIvanakAlE nArI yadyanyaM puruSaM vivahati tarhi sA vyabhicAriNI bhavati kintu yadi sa pati rmriyatE tarhi sA tasyA vyavasthAyA muktA satI puruSAntarENa vyUPhApi vyabhicAriNI na bhavati|
2d070400c4	hE mama bhrAtRgaNa, IzvaranimittaM yadasmAkaM phalaM jAyatE tadarthaM zmazAnAd utthApitEna puruSENa saha yuSmAkaM vivAhO yad bhavEt tadarthaM khrISTasya zarIrENa yUyaM vyavasthAM prati mRtavantaH|
2d0705007c	yatO'smAkaM zArIrikAcaraNasamayE maraNanimittaM phalam utpAdayituM vyavasthayA dUSitaH pApAbhilASO'smAkam aggESu jIvan AsIt|
2d070600c4	kintu tadA yasyA vyavasthAyA vazE Asmahi sAmprataM tAM prati mRtatvAd vayaM tasyA adhInatvAt muktA iti hEtOrIzvarO'smAbhiH purAtanalikhitAnusArAt na sEvitavyaH kintu navInasvabhAvEnaiva sEvitavyaH
2d070700ed	tarhi vayaM kiM brUmaH? vyavasthA kiM pApajanikA bhavati? nEtthaM bhavatu| vyavasthAm avidyamAnAyAM pApaM kim ityahaM nAvEdaM; kinjca lObhaM mA kArSIriti cEd vyavasthAgranthE likhitaM nAbhaviSyat tarhi lObhaH kimbhUtastadahaM nAjnjAsyaM|
2d07080086	kintu vyavasthayA pApaM chidraM prApyAsmAkam antaH sarvvavidhaM kutsitAbhilASam ajanayat; yatO vyavasthAyAm avidyamAnAyAM pApaM mRtaM|
2d07090074	aparaM pUrvvaM vyavasthAyAm avidyamAnAyAm aham ajIvaM tataH param AjnjAyAm upasthitAyAm pApam ajIvat tadAham amriyE|
2d070a003b	itthaM sati jIvananimittA yAjnjA sA mama mRtyujanikAbhavat|
2d070b004b	yataH pApaM chidraM prApya vyavasthitAdEzEna mAM vanjcayitvA tEna mAm ahan|
2d070c0046	ataEva vyavasthA pavitrA, AdEzazca pavitrO nyAyyO hitakArI ca bhavati|
2d070d00d0	tarhi yat svayaM hitakRt tat kiM mama mRtyujanakam abhavat? nEtthaM bhavatu; kintu pApaM yat pAtakamiva prakAzatE tathA nidEzEna pApaM yadatIva pAtakamiva prakAzatE tadarthaM hitOpAyEna mama maraNam ajanayat|
2d070e0056	vyavasthAtmabOdhikEti vayaM jAnImaH kintvahaM zArIratAcArI pApasya krItakigkarO vidyE|
2d070f007a	yatO yat karmma karOmi tat mama manO'bhimataM nahi; aparaM yan mama manO'bhimataM tanna karOmi kintu yad RtIyE tat karOmi|
2d07100050	tathAtvE yan mamAnabhimataM tad yadi karOmi tarhi vyavasthA sUttamEti svIkarOmi|
2d0711005b	ataEva samprati tat karmma mayA kriyata iti nahi kintu mama zarIrasthEna pApEnaiva kriyatE|
2d07120096	yatO mayi, arthatO mama zarIrE, kimapyuttamaM na vasati, Etad ahaM jAnAmi; mamEcchukatAyAM tiSThantyAmapyaham uttamakarmmasAdhanE samarthO na bhavAmi|
2d07130079	yatO yAmuttamAM kriyAM karttumahaM vAnjchAmi tAM na karOmi kintu yat kutsitaM karmma karttum anicchukO'smi tadEva karOmi|
2d0714007f	ataEva yadyat karmma karttuM mamEcchA na bhavati tad yadi karOmi tarhi tat mayA na kriyatE, mamAntarvarttinA pApEnaiva kriyatE|
2d07150062	bhadraM karttum icchukaM mAM yO 'bhadraM karttuM pravarttayati tAdRzaM svabhAvamEkaM mayi pazyAmi|
2d07160034	aham AntarikapuruSENEzvaravyavasthAyAM santuSTa AsE;
2d0717008e	kintu tadviparItaM yudhyantaM tadanyamEkaM svabhAvaM madIyAggasthitaM prapazyAmi, sa madIyAggasthitapApasvabhAvasyAyattaM mAM karttuM cESTatE|
2d0718004e	hA hA yO'haM durbhAgyO manujastaM mAm EtasmAn mRtAccharIrAt kO nistArayiSyati?
2d07190092	asmAkaM prabhuNA yIzukhrISTEna nistArayitAram IzvaraM dhanyaM vadAmi| ataEva zarIrENa pApavyavasthAyA manasA tu IzvaravyavasthAyAH sEvanaM karOmi|
2d08010062	yE janAH khrISTaM yIzum Azritya zArIrikaM nAcaranta AtmikamAcaranti tE'dhunA daNPArhA na bhavanti|
2d08020053	jIvanadAyakasyAtmanO vyavasthA khrISTayIzunA pApamaraNayO rvyavasthAtO mAmamOcayat|
2d080300b5	yasmAcchArIrasya durbbalatvAd vyavasthayA yat karmmAsAdhyam IzvarO nijaputraM pApizarIrarUpaM pApanAzakabalirUpanjca prESya tasya zarIrE pApasya daNPaM kurvvan tatkarmma sAdhitavAn|
2d08040070	tataH zArIrikaM nAcaritvAsmAbhirAtmikam AcaradbhirvyavasthAgranthE nirddiSTAni puNyakarmmANi sarvvANi sAdhyantE|
2d08050060	yE zArIrikAcAriNastE zArIrikAn viSayAn bhAvayanti yE cAtmikAcAriNastE AtmanO viSayAn bhAvayanti|
2d0806004a	zArIrikabhAvasya phalaM mRtyuH kinjcAtmikabhAvasya phalE jIvanaM zAntizca|
2d0807007b	yataH zArIrikabhAva Izvarasya viruddhaH zatrutAbhAva Eva sa Izvarasya vyavasthAyA adhInO na bhavati bhavitunjca na zaknOti|
2d08080031	EtasmAt zArIrikAcAriSu tOSTum IzvarENa na zakyaM|
2d080900a1	kintvIzvarasyAtmA yadi yuSmAkaM madhyE vasati tarhi yUyaM zArIrikAcAriNO na santa AtmikAcAriNO bhavathaH| yasmin tu khrISTasyAtmA na vidyatE sa tatsambhavO nahi|
2d080a0061	yadi khrISTO yuSmAn adhitiSThati tarhi pApam uddizya zarIraM mRtaM kintu puNyamuddizyAtmA jIvati|
2d080b00b1	mRtagaNAd yIzu ryEnOtthApitastasyAtmA yadi yuSmanmadhyE vasati tarhi mRtagaNAt khrISTasya sa utthApayitA yuSmanmadhyavAsinA svakIyAtmanA yuSmAkaM mRtadEhAnapi puna rjIvayiSyati|
2d080c0059	hE bhrAtRgaNa zarIrasya vayamadhamarNA na bhavAmO'taH zArIrikAcArO'smAbhi rna karttavyaH|
2d080d007b	yadi yUyaM zarIrikAcAriNO bhavEta tarhi yuSmAbhi rmarttavyamEva kintvAtmanA yadi zarIrakarmmANi ghAtayEta tarhi jIviSyatha|
2d080e004e	yatO yAvantO lOkA IzvarasyAtmanAkRSyantE tE sarvva Izvarasya santAnA bhavanti|
2d080f0097	yUyaM punarapi bhayajanakaM dAsyabhAvaM na prAptAH kintu yEna bhAvEnEzvaraM pitaH pitariti prOcya sambOdhayatha tAdRzaM dattakaputratvabhAvam prApnuta|
2d08100068	aparanjca vayam Izvarasya santAnA Etasmin pavitra AtmA svayam asmAkam AtmAbhiH sArddhaM pramANaM dadAti|
2d081100d1	ataEva vayaM yadi santAnAstarhyadhikAriNaH, arthAd Izvarasya svattvAdhikAriNaH khrISTEna sahAdhikAriNazca bhavAmaH; aparaM tEna sArddhaM yadi duHkhabhAginO bhavAmastarhi tasya vibhavasyApi bhAginO bhaviSyAmaH|
2d08120062	kintvasmAsu yO bhAvIvibhavaH prakAziSyatE tasya samIpE varttamAnakAlInaM duHkhamahaM tRNAya manyE|
2d0813004f	yataH prANigaNa Izvarasya santAnAnAM vibhavaprAptim AkAgkSan nitAntam apEkSatE|
2d08140038	aparanjca prANigaNaH svairam alIkatAyA vazIkRtO nAbhavat
2d0815007f	kintu prANigaNO'pi nazvaratAdhInatvAt muktaH san Izvarasya santAnAnAM paramamuktiM prApsyatItyabhiprAyENa vazIkartrA vazIcakrE|
2d08160069	aparanjca prasUyamAnAvad vyathitaH san idAnIM yAvat kRtsnaH prANigaNa ArttasvaraM karOtIti vayaM jAnImaH|
2d081700ab	kEvalaH sa iti nahi kintu prathamajAtaphalasvarUpam AtmAnaM prAptA vayamapi dattakaputratvapadaprAptim arthAt zarIrasya muktiM pratIkSamANAstadvad antarArttarAvaM kurmmaH|
2d08180093	vayaM pratyAzayA trANam alabhAmahi kintu pratyakSavastunO yA pratyAzA sA pratyAzA nahi, yatO manuSyO yat samIkSatE tasya pratyAzAM kutaH kariSyati?
2d0819005d	yad apratyakSaM tasya pratyAzAM yadi vayaM kurvvImahi tarhi dhairyyam avalambya pratIkSAmahE|
2d081a00b1	tata AtmApi svayam asmAkaM durbbalatAyAH sahAyatvaM karOti; yataH kiM prArthitavyaM tad bOddhuM vayaM na zaknumaH, kintvaspaSTairArttarAvairAtmA svayam asmannimittaM nivEdayati|
2d081b0065	aparam IzvarAbhimatarUpENa pavitralOkAnAM kRtE nivEdayati ya AtmA tasyAbhiprAyO'ntaryyAminA jnjAyatE|
2d081c007d	aparam IzvarIyanirUpaNAnusArENAhUtAH santO yE tasmin prIyantE sarvvANi militvA tESAM maggalaM sAdhayanti, Etad vayaM jAnImaH|
2d081d0092	yata IzvarO bahubhrAtRNAM madhyE svaputraM jyESThaM karttum icchan yAn pUrvvaM lakSyIkRtavAn tAn tasya pratimUrtyAH sAdRzyaprAptyarthaM nyayuMkta|
2d081e006f	aparanjca tEna yE niyuktAsta AhUtA api yE ca tEnAhUtAstE sapuNyIkRtAH, yE ca tEna sapuNyIkRtAstE vibhavayuktAH|
2d081f0055	ityatra vayaM kiM brUmaH? IzvarO yadyasmAkaM sapakSO bhavati tarhi kO vipakSO'smAkaM?
2d08200074	AtmaputraM na rakSitvA yO'smAkaM sarvvESAM kRtE taM pradattavAn sa kiM tEna sahAsmabhyam anyAni sarvvANi na dAsyati?
2d0821005b	IzvarasyAbhirucitESu kEna dOSa ArOpayiSyatE? ya IzvarastAn puNyavata iva gaNayati kiM tEna?
2d082200e7	aparaM tEbhyO daNPadAnAjnjA vA kEna kariSyatE? yO'smannimittaM prANAn tyaktavAn kEvalaM tanna kintu mRtagaNamadhyAd utthitavAn, api cEzvarasya dakSiNE pArzvE tiSThan adyApyasmAkaM nimittaM prArthata EvambhUtO yaH khrISTaH kiM tEna?
2d082300a9	asmAbhiH saha khrISTasya prEmavicchEdaM janayituM kaH zaknOti? klEzO vyasanaM vA tAPanA vA durbhikSaM vA vastrahInatvaM vA prANasaMzayO vA khaggO vA kimEtAni zaknuvanti?
2d08240079	kintu likhitam AstE, yathA, vayaM tava nimittaM smO mRtyuvaktrE'khilaM dinaM| balirdEyO yathA mESO vayaM gaNyAmahE tathA|
2d08250042	aparaM yO'smAsu prIyatE tEnaitAsu vipatsu vayaM samyag vijayAmahE|
2d082600df	yatO'smAkaM prabhunA yIzukhrISTEnEzvarasya yat prEma tasmAd asmAkaM vicchEdaM janayituM mRtyu rjIvanaM vA divyadUtA vA balavantO mukhyadUtA vA varttamAnO vA bhaviSyan kAlO vA uccapadaM vA nIcapadaM vAparaM kimapi sRSTavastu
2d08270037	vaitESAM kEnApi na zakyamityasmin dRPhavizvAsO mamAstE|
2d09010088	ahaM kAnjcid kalpitAM kathAM na kathayAmi, khrISTasya sAkSAt satyamEva bravImi pavitrasyAtmanaH sAkSAn madIyaM mana Etat sAkSyaM dadAti|
2d0902002a	mamAntaratizayaduHkhaM nirantaraM khEdazca
2d09030054	tasmAd ahaM svajAtIyabhrAtRNAM nimittAt svayaM khrISTAcchApAkrAntO bhavitum aiccham|
2d0904009c	yatasta isrAyElasya vaMzA api ca dattakaputratvaM tEjO niyamO vyavasthAdAnaM mandirE bhajanaM pratijnjAH pitRpuruSagaNazcaitESu sarvvESu tESAm adhikArO'sti|
2d0905007f	tat kEvalaM nahi kintu sarvvAdhyakSaH sarvvadA saccidAnanda IzvarO yaH khrISTaH sO'pi zArIrikasambandhEna tESAM vaMzasambhavaH|
2d09060074	Izvarasya vAkyaM viphalaM jAtam iti nahi yatkAraNAd isrAyElO vaMzE yE jAtAstE sarvvE vastuta isrAyElIyA na bhavanti|
2d09070075	aparam ibrAhImO vaMzE jAtA api sarvvE tasyaiva santAnA na bhavanti kintu ishAkO nAmnA tava vaMzO vikhyAtO bhaviSyati|
2d0908008e	arthAt zArIrikasaMsargAt jAtAH santAnA yAvantastAvanta EvEzvarasya santAnA na bhavanti kintu pratizravaNAd yE jAyantE taEvEzvaravaMzO gaNyatE|
2d0909006b	yatastatpratizrutE rvAkyamEtat, EtAdRzE samayE 'haM punarAgamiSyAmi tatpUrvvaM sArAyAH putra EkO janiSyatE|
2d090a0073	aparamapi vadAmi svamanO'bhilASata IzvarENa yannirUpitaM tat karmmatO nahi kintvAhvayitu rjAtamEtad yathA siddhyati
2d090b00b0	tadarthaM ribkAnAmikayA yOSitA janaikasmAd arthAd asmAkam ishAkaH pUrvvapuruSAd garbhE dhRtE tasyAH santAnayOH prasavAt pUrvvaM kinjca tayOH zubhAzubhakarmmaNaH karaNAt pUrvvaM
2d090c0038	tAM pratIdaM vAkyam uktaM, jyESThaH kaniSThaM sEviSyatE,
2d090d0041	yathA likhitam AstE, tathApyESAvi na prItvA yAkUbi prItavAn ahaM|
2d090e0041	tarhi vayaM kiM brUmaH? IzvaraH kim anyAyakArI? tathA na bhavatu|
2d090f0072	yataH sa svayaM mUsAm avadat; ahaM yasmin anugrahaM cikIrSAmi tamEvAnugRhlAmi, yanjca dayitum icchAmi tamEva dayE|
2d09100051	ataEvEcchatA yatamAnEna vA mAnavEna tanna sAdhyatE dayAkAriNEzvarENaiva sAdhyatE|
2d0911007b	phirauNi zAstrE likhati, ahaM tvaddvArA matparAkramaM darzayituM sarvvapRthivyAM nijanAma prakAzayitunjca tvAM sthApitavAn|
2d09120059	ataH sa yam anugrahItum icchati tamEvAnugRhlAti, yanjca nigrahItum icchati taM nigRhlAti|
2d0913006a	yadi vadasi tarhi sa dOSaM kutO gRhlAti? tadIyEcchAyAH pratibandhakatvaM karttaM kasya sAmarthyaM vidyatE?
2d09140075	hE Izvarasya pratipakSa martya tvaM kaH? EtAdRzaM mAM kutaH sRSTavAn? iti kathAM sRSTavastu sraSTrE kiM kathayiSyati?
2d0915005b	EkasmAn mRtpiNPAd utkRSTApakRSTau dvividhau kalazau karttuM kiM kulAlasya sAmarthyaM nAsti?
2d0916008b	IzvaraH kOpaM prakAzayituM nijazaktiM jnjApayitunjcEcchan yadi vinAzasya yOgyAni krOdhabhAjanAni prati bahukAlaM dIrghasahiSNutAm Azrayati;
2d09170097	aparanjca vibhavaprAptyarthaM pUrvvaM niyuktAnyanugrahapAtrANi prati nijavibhavasya bAhulyaM prakAzayituM kEvalayihUdinAM nahi bhinnadEzinAmapi madhyAd
2d09180025	asmAniva tAnyAhvayati tatra tava kiM?
2d09190080	hOzEyagranthE yathA likhitam AstE, yO lOkO mama nAsIt taM vadiSyAmi madIyakaM| yA jAti rmE'priyA cAsIt tAM vadiSyAmyahaM priyAM|
2d091a0056	yUyaM madIyalOkA na yatrEti vAkyamaucyata| amarEzasya santAnA iti khyAsyanti tatra tE|
2d091b00b7	isrAyElIyalOkESu yizAyiyO'pi vAcamEtAM prAcArayat, isrAyElIyavaMzAnAM yA saMkhyA sA tu nizcitaM| samudrasikatAsaMkhyAsamAnA yadi jAyatE| tathApi kEvalaM lOkairalpaistrANaM vrajiSyatE|
2d091c005a	yatO nyAyEna svaM karmma parEzaH sAdhayiSyati| dEzE saEva saMkSEpAnnijaM karmma kariSyati|
2d091d009f	yizAyiyO'paramapi kathayAmAsa, sainyAdhyakSaparEzEna cEt kinjcinnOdaziSyata| tadA vayaM sidOmEvAbhaviSyAma vinizcitaM| yadvA vayam amOrAyA agamiSyAma tulyatAM|
2d091e0060	tarhi vayaM kiM vakSyAmaH? itaradEzIyA lOkA api puNyArtham ayatamAnA vizvAsEna puNyam alabhanta;
2d091f0046	kintvisrAyEllOkA vyavasthApAlanEna puNyArthaM yatamAnAstan nAlabhanta|
2d0920007c	tasya kiM kAraNaM? tE vizvAsEna nahi kintu vyavasthAyAH kriyayA cESTitvA tasmin skhalanajanakE pASANE pAdaskhalanaM prAptAH|
2d0921009e	likhitaM yAdRzam AstE, pazya pAdaskhalArthaM hi sIyOni prastarantathA| bAdhAkAranjca pASANaM paristhApitavAnaham| vizvasiSyati yastatra sa janO na trapiSyatE|
2d0a010068	hE bhrAtara isrAyElIyalOkA yat paritrANaM prApnuvanti tadahaM manasAbhilaSan Izvarasya samIpE prArthayE|
2d0a020059	yata IzvarE tESAM cESTA vidyata ityatrAhaM sAkSyasmi; kintu tESAM sA cESTA sajnjAnA nahi,
2d0a03007d	yatasta IzvaradattaM puNyam avijnjAya svakRtapuNyaM sthApayitum cESTamAnA Izvaradattasya puNyasya nighnatvaM na svIkurvvanti|
2d0a04004b	khrISTa EkaikavizvAsijanAya puNyaM dAtuM vyavasthAyAH phalasvarUpO bhavati|
2d0a050068	vyavasthApAlanEna yat puNyaM tat mUsA varNayAmAsa, yathA, yO janastAM pAlayiSyati sa taddvArA jIviSyati|
2d0a060063	kintu pratyayEna yat puNyaM tad EtAdRzaM vAkyaM vadati, kaH svargam Aruhya khrISTam avarOhayiSyati?
2d0a07005c	kO vA prEtalOkam avaruhya khrISTaM mRtagaNamadhyAd AnESyatIti vAk manasi tvayA na gaditavyA|
2d0a08008a	tarhi kiM bravIti? tad vAkyaM tava samIpastham arthAt tava vadanE manasi cAstE, tacca vAkyam asmAbhiH pracAryyamANaM vizvAsasya vAkyamEva|
2d0a09008f	vastutaH prabhuM yIzuM yadi vadanEna svIkarOSi, tathEzvarastaM zmazAnAd udasthApayad iti yadyantaHkaraNEna vizvasiSi tarhi paritrANaM lapsyasE|
2d0a0a005e	yasmAt puNyaprAptyartham antaHkaraNEna vizvasitavyaM paritrANArthanjca vadanEna svIkarttavyaM|
2d0a0b0043	zAstrE yAdRzaM likhati vizvasiSyati yastatra sa janO na trapiSyatE|
2d0a0c0087	ityatra yihUdini tadanyalOkE ca kOpi vizESO nAsti yasmAd yaH sarvvESAm advitIyaH prabhuH sa nijayAcakAna sarvvAn prati vadAnyO bhavati|
2d0a0d0060	yataH, yaH kazcit paramEzasya nAmnA hi prArthayiSyatE| sa Eva manujO nUnaM paritrAtO bhaviSyati|
2d0a0e00c3	yaM yE janA na pratyAyan tE tamuddizya kathaM prArthayiSyantE? yE vA yasyAkhyAnaM kadApi na zrutavantastE taM kathaM pratyESyanti? aparaM yadi pracArayitArO na tiSThanti tadA kathaM tE zrOSyanti?
2d0a0f00da	yadi vA prEritA na bhavanti tadA kathaM pracArayiSyanti? yAdRzaM likhitam AstE, yathA, mAggalikaM susaMvAdaM dadatyAnIya yE narAH| pracArayanti zAntEzca susaMvAdaM janAstu yE| tESAM caraNapadmAni kIdRk zObhAnvitAni hi|
2d0a100076	kintu tE sarvvE taM susaMvAdaM na gRhItavantaH| yizAyiyO yathA likhitavAn| asmatpracAritE vAkyE vizvAsamakarOddhi kaH|
2d0a110041	ataEva zravaNAd vizvAsa aizvaravAkyapracArAt zravaNanjca bhavati|
2d0a12006e	tarhyahaM bravImi taiH kiM nAzrAvi? avazyam azrAvi, yasmAt tESAM zabdO mahIM vyApnOd vAkyanjca nikhilaM jagat|
2d0a1300bc	aparamapi vadAmi, isrAyElIyalOkAH kim EtAM kathAM na budhyantE? prathamatO mUsA idaM vAkyaM prOvAca, ahamuttApayiSyE tAn agaNyamAnavairapi| klEkSyAmi jAtim EtAnjca prOnmattabhinnajAtibhiH|
2d0a14009e	aparanjca yizAyiyO'tizayAkSObhENa kathayAmAsa, yathA, adhi mAM yaistu nAcESTi samprAptastai rjanairahaM| adhi mAM yai rna sampRSTaM vijnjAtastai rjanairahaM||
2d0a150091	kintvisrAyElIyalOkAn adhi kathayAnjcakAra, yairAjnjAlagghibhi rlOkai rviruddhaM vAkyamucyatE| tAn pratyEva dinaM kRtsnaM hastau vistArayAmyahaM||
2d0b01008d	IzvarENa svIkIyalOkA apasAritA ahaM kim IdRzaM vAkyaM bravImi? tanna bhavatu yatO'hamapi binyAmInagOtrIya ibrAhImavaMzIya isrAyElIyalOkO'smi|
2d0b020086	IzvarENa pUrvvaM yE pradRSTAstE svakIyalOkA apasAritA iti nahi| aparam EliyOpAkhyAnE zAstrE yallikhitam AstE tad yUyaM kiM na jAnItha?
2d0b0300ea	hE paramEzvara lOkAstvadIyAH sarvvA yajnjavEdIrabhanjjan tathA tava bhaviSyadvAdinaH sarvvAn aghnan kEvala EkO'ham avaziSTa AsE tE mamApi prANAn nAzayituM cESTanatE, EtAM kathAm isrAyElIyalOkAnAM viruddham Eliya IzvarAya nivEdayAmAsa|
2d0b040084	tatastaM pratIzvarasyOttaraM kiM jAtaM? bAlnAmnO dEvasya sAkSAt yai rjAnUni na pAtitAni tAdRzAH sapta sahasrANi lOkA avazESitA mayA|
2d0b05005a	tadvad Etasmin varttamAnakAlE'pi anugrahENAbhirucitAstESAm avaziSTAH katipayA lOkAH santi|
2d0b0600ae	ataEva tad yadyanugrahENa bhavati tarhi kriyayA na bhavati nO cEd anugrahO'nanugraha Eva, yadi vA kriyayA bhavati tarhyanugrahENa na bhavati nO cEt kriyA kriyaiva na bhavati|
2d0b070070	tarhi kiM? isrAyElIyalOkA yad amRgayanta tanna prApuH| kintvabhirucitalOkAstat prApustadanyE sarvva andhIbhUtAH|
2d0b08006f	yathA likhitam AstE, ghOranidrAlutAbhAvaM dRSTihInE ca lOcanE| karNau zrutivihInau ca pradadau tEbhya IzvaraH||
2d0b090081	EtEsmin dAyUdapi likhitavAn yathA, atO bhuktyAsanaM tESAm unmAthavad bhaviSyati| vA vaMzayantravad bAdhA daNPavad vA bhaviSyati||
2d0b0a0062	bhaviSyanti tathAndhAstE nEtraiH pazyanti nO yathA| vEpathuH kaTidEzasya tESAM nityaM bhaviSyati||
2d0b0b0094	patanArthaM tE skhalitavanta iti vAcaM kimahaM vadAmi? tanna bhavatu kintu tAn udyOginaH karttuM tESAM patanAd itaradEzIyalOkaiH paritrANaM prAptaM|
2d0b0c009c	tESAM patanaM yadi jagatO lOkAnAM lAbhajanakam abhavat tESAM hrAsO'pi yadi bhinnadEzinAM lAbhajanakO'bhavat tarhi tESAM vRddhiH kati lAbhajanikA bhaviSyati?
2d0b0d0092	atO hE anyadEzinO yuSmAn sambOdhya kathayAmi nijAnAM jnjAtibandhUnAM manaHsUdyOgaM janayan tESAM madhyE kiyatAM lOkAnAM yathA paritrANaM sAdhayAmi
2d0b0e0052	tannimittam anyadEzinAM nikaTE prEritaH san ahaM svapadasya mahimAnaM prakAzayAmi|
2d0b0f008c	tESAM nigrahENa yadIzvarENa saha jagatO janAnAM mElanaM jAtaM tarhi tESAm anugRhItatvaM mRtadEhE yathA jIvanalAbhastadvat kiM na bhaviSyati?
2d0b1000a6	aparaM prathamajAtaM phalaM yadi pavitraM bhavati tarhi sarvvamEva phalaM pavitraM bhaviSyati; tathA mUlaM yadi pavitraM bhavati tarhi zAkhA api tathaiva bhaviSyanti|
2d0b11008a	kiyatInAM zAkhAnAM chEdanE kRtE tvaM vanyajitavRkSasya zAkhA bhUtvA yadi tacchAkhAnAM sthAnE rOpitA sati jitavRkSIyamUlasya rasaM bhuMkSE,
2d0b120087	tarhi tAsAM bhinnazAkhAnAM viruddhaM mAM garvvIH; yadi garvvasi tarhi tvaM mUlaM yanna dhArayasi kintu mUlaM tvAM dhArayatIti saMsmara|
2d0b13003f	aparanjca yadi vadasi mAM rOpayituM tAH zAkhA vibhannA abhavan;
2d0b14007a	bhadram, apratyayakAraNAt tE vibhinnA jAtAstathA vizvAsakAraNAt tvaM rOpitO jAtastasmAd ahagkAram akRtvA sasAdhvasO bhava|
2d0b15005e	yata IzvarO yadi svAbhAvikIH zAkhA na rakSati tarhi sAvadhAnO bhava cEt tvAmapi na sthApayati|
2d0b1600e3	ityatrEzvarasya yAdRzI kRpA tAdRzaM bhayAnakatvamapi tvayA dRzyatAM; yE patitAstAn prati tasya bhayAnakatvaM dRzyatAM, tvanjca yadi tatkRpAzritastiSThasi tarhi tvAM prati kRpA drakSyatE; nO cEt tvamapi tadvat chinnO bhaviSyasi|
2d0b170077	aparanjca tE yadyapratyayE na tiSThanti tarhi punarapi rOpayiSyantE yasmAt tAn punarapi rOpayitum izvarasya zaktirAstE|
2d0b1800b1	vanyajitavRkSasya zAkhA san tvaM yadi tatazchinnO rItivyatyayEnOttamajitavRkSE rOpitO'bhavastarhi tasya vRkSasya svIyA yAH zAkhAstAH kiM punaH svavRkSE saMlagituM na zaknuvanti?
2d0b190104	hE bhrAtarO yuSmAkam AtmAbhimAnO yanna jAyatE tadarthaM mamEdRzI vAnjchA bhavati yUyaM EtannigUPhatattvam ajAnantO yanna tiSThatha; vastutO yAvatkAlaM sampUrNarUpENa bhinnadEzinAM saMgrahO na bhaviSyati tAvatkAlam aMzatvEna isrAyElIyalOkAnAm andhatA sthAsyati;
2d0b1a008e	pazcAt tE sarvvE paritrAsyantE; EtAdRzaM likhitamapyAstE, AgamiSyati sIyOnAd EkO yastrANadAyakaH| adharmmaM yAkubO vaMzAt sa tu dUrIkariSyati|
2d0b1b005a	tathA dUrIkariSyAmi tESAM pApAnyahaM yadA| tadA tairEva sArddhaM mE niyamO'yaM bhaviSyati|
2d0b1c0065	susaMvAdAt tE yuSmAkaM vipakSA abhavan kintvabhirucitatvAt tE pitRlOkAnAM kRtE priyapAtrANi bhavanti|
2d0b1d0036	yata Izvarasya dAnAd AhvAnAnjca pazcAttApO na bhavati|
2d0b1e0077	ataEva pUrvvam IzvarE'vizvAsinaH santO'pi yUyaM yadvat samprati tESAm avizvAsakAraNAd Izvarasya kRpApAtrANi jAtAstadvad
2d0b1f0053	idAnIM tE'vizvAsinaH santi kintu yuSmAbhi rlabdhakRpAkAraNAt tairapi kRpA lapsyatE|
2d0b200048	IzvaraH sarvvAn prati kRpAM prakAzayituM sarvvAn avizvAsitvEna gaNayati|
2d0b21008b	ahO Izvarasya jnjAnabuddhirUpayO rdhanayOH kIdRk prAcuryyaM| tasya rAjazAsanasya tattvaM kIdRg aprApyaM| tasya mArgAzca kIdRg anupalakSyAH|
2d0b220041	paramEzvarasya sagkalpaM kO jnjAtavAn? tasya mantrI vA kO'bhavat?
2d0b230039	kO vA tasyOpakArI bhRtvA tatkRtE tEna pratyupakarttavyaH?
2d0b24005e	yatO vastumAtramEva tasmAt tEna tasmai cAbhavat tadIyO mahimA sarvvadA prakAzitO bhavatu| iti|
2d0c010099	hE bhrAtara Izvarasya kRpayAhaM yuSmAn vinayE yUyaM svaM svaM zarIraM sajIvaM pavitraM grAhyaM balim Izvaramuddizya samutsRjata, ESA sEvA yuSmAkaM yOgyA|
2d0c0200b4	aparaM yUyaM sAMsArikA iva mAcarata, kintu svaM svaM svabhAvaM parAvartya nUtanAcAriNO bhavata, tata Izvarasya nidEzaH kIdRg uttamO grahaNIyaH sampUrNazcEti yuSmAbhiranubhAviSyatE|
2d0c0300d2	kazcidapi janO yOgyatvAdadhikaM svaM na manyatAM kintu IzvarO yasmai pratyayasya yatparimANam adadAt sa tadanusAratO yOgyarUpaM svaM manutAm, IzvarAd anugrahaM prAptaH san yuSmAkam EkaikaM janam ityAjnjApayAmi|
2d0c040061	yatO yadvadasmAkam Ekasmin zarIrE bahUnyaggAni santi kintu sarvvESAmaggAnAM kAryyaM samAnaM nahi;
2d0c050060	tadvadasmAkaM bahutvE'pi sarvvE vayaM khrISTE EkazarIrAH parasparam aggapratyaggatvEna bhavAmaH|
2d0c060095	asmAd IzvarAnugrahENa vizESaM vizESaM dAnam asmAsu prAptESu satsu kOpi yadi bhaviSyadvAkyaM vadati tarhi pratyayasya parimANAnusArataH sa tad vadatu;
2d0c07007c	yadvA yadi kazcit sEvanakArI bhavati tarhi sa tatsEvanaM karOtu; athavA yadi kazcid adhyApayitA bhavati tarhi sO'dhyApayatu;
2d0c080098	tathA ya upadESTA bhavati sa upadizatu yazca dAtA sa saralatayA dadAtu yastvadhipatiH sa yatnEnAdhipatitvaM karOtu yazca dayAluH sa hRSTamanasA dayatAm|
2d0c090070	aparanjca yuSmAkaM prEma kApaTyavarjitaM bhavatu yad abhadraM tad RtIyadhvaM yacca bhadraM tasmin anurajyadhvam|
2d0c0a0058	aparaM bhrAtRtvaprEmnA parasparaM prIyadhvaM samAdarAd EkO'parajanaM zrESThaM jAnIdhvam|
2d0c0b0043	tathA kAryyE nirAlasyA manasi ca sOdyOgAH santaH prabhuM sEvadhvam|
2d0c0c0067	aparaM pratyAzAyAm AnanditA duHkhasamayE ca dhairyyayuktA bhavata; prArthanAyAM satataM pravarttadhvaM|
2d0c0d003d	pavitrANAM dInatAM dUrIkurudhvam atithisEvAyAm anurajyadhvam|
2d0c0e0048	yE janA yuSmAn tAPayanti tAn AziSaM vadata zApam adattvA daddhvamAziSam|
2d0c0f0048	yE janA Anandanti taiH sArddham Anandata yE ca rudanti taiH saha rudita|
2d0c100094	aparanjca yuSmAkaM manasAM parasparam EkObhAvO bhavatu; aparam uccapadam anAkAgkSya nIcalOkaiH sahApi mArdavam Acarata; svAn jnjAninO na manyadhvaM|
2d0c11005e	parasmAd apakAraM prApyApi paraM nApakuruta| sarvvESAM dRSTitO yat karmmOttamaM tadEva kuruta|
2d0c120056	yadi bhavituM zakyatE tarhi yathAzakti sarvvalOkaiH saha nirvvirOdhEna kAlaM yApayata|
2d0c1300ca	hE priyabandhavaH, kasmaicid apakArasya samucitaM daNPaM svayaM na daddhvaM, kintvIzvarIyakrOdhAya sthAnaM datta yatO likhitamAstE paramEzvaraH kathayati, dAnaM phalasya matkarmma sUcitaM pradadAmyahaM|
2d0c14009e	itikAraNAd ripu ryadi kSudhArttastE tarhi taM tvaM prabhOjaya| tathA yadi tRSArttaH syAt tarhi taM paripAyaya| tEna tvaM mastakE tasya jvaladagniM nidhAsyasi|
2d0c15003e	kukriyayA parAjitA na santa uttamakriyayA kukriyAM parAjayata|
2d0d010096	yuSmAkam EkaikajanaH zAsanapadasya nighnO bhavatu yatO yAni zAsanapadAni santi tAni sarvvANIzvarENa sthApitAni; IzvaraM vinA padasthApanaM na bhavati|
2d0d02009f	iti hEtOH zAsanapadasya yat prAtikUlyaM tad IzvarIyanirUpaNasya prAtikUlyamEva; aparaM yE prAtikUlyam Acaranti tE svESAM samucitaM daNPaM svayamEva ghaTayantE|
2d0d03009a	zAstA sadAcAriNAM bhayapradO nahi durAcAriNAmEva bhayapradO bhavati; tvaM kiM tasmAn nirbhayO bhavitum icchasi? tarhi satkarmmAcara, tasmAd yazO lapsyasE,
2d0d0400cd	yatastava sadAcaraNAya sa Izvarasya bhRtyO'sti| kintu yadi kukarmmAcarasi tarhi tvaM zagkasva yataH sa nirarthakaM khaggaM na dhArayati; kukarmmAcAriNaM samucitaM daNPayitum sa Izvarasya daNPadabhRtya Eva|
2d0d05004e	ataEva kEvaladaNPabhayAnnahi kintu sadasadbOdhAdapi tasya vazyEna bhavitavyaM|
2d0d060088	EtasmAd yuSmAkaM rAjakaradAnamapyucitaM yasmAd yE karaM gRhlanti ta Izvarasya kigkarA bhUtvA satatam Etasmin karmmaNi niviSTAstiSThanti|
2d0d0700b9	asmAt karagrAhiNE karaM datta, tathA zulkagrAhiNE zulkaM datta, aparaM yasmAd bhEtavyaM tasmAd bibhIta, yazca samAdaraNIyastaM samAdriyadhvam; itthaM yasya yat prApyaM tat tasmai datta|
2d0d08007a	yuSmAkaM parasparaM prEma vinA 'nyat kimapi dEyam RNaM na bhavatu, yatO yaH parasmin prEma karOti tEna vyavasthA sidhyati|
2d0d0900e4	vastutaH paradArAn mA gaccha, narahatyAM mA kArSIH, cairyyaM mA kArSIH, mithyAsAkSyaM mA dEhi, lObhaM mA kArSIH, EtAH sarvvA AjnjA EtAbhyO bhinnA yA kAcid AjnjAsti sApi svasamIpavAsini svavat prEma kurvvityanEna vacanEna vEditA|
2d0d0a0053	yataH prEma samIpavAsinO'zubhaM na janayati tasmAt prEmnA sarvvA vyavasthA pAlyatE|
2d0d0b009a	pratyayIbhavanakAlE'smAkaM paritrANasya sAmIpyAd idAnIM tasya sAmIpyam avyavahitaM; ataH samayaM vivicyAsmAbhiH sAmpratam avazyamEva nidrAtO jAgarttavyaM|
2d0d0c0077	bahutarA yAminI gatA prabhAtaM sannidhiM prAptaM tasmAt tAmasIyAH kriyAH parityajyAsmAbhi rvAsarIyA sajjA paridhAtavyA|
2d0d0d0085	atO hEtO rvayaM divA vihitaM sadAcaraNam AcariSyAmaH| raggarasO mattatvaM lampaTatvaM kAmukatvaM vivAda IrSyA caitAni parityakSyAmaH|
2d0d0e0065	yUyaM prabhuyIzukhrISTarUpaM paricchadaM paridhaddhvaM sukhAbhilASapUraNAya zArIrikAcaraNaM mAcarata|
2d0e010050	yO janO'dRPhavizvAsastaM yuSmAkaM sagginaM kuruta kintu sandEhavicArArthaM nahi|
2d0e020091	yatO niSiddhaM kimapi khAdyadravyaM nAsti, kasyacijjanasya pratyaya EtAdRzO vidyatE kintvadRPhavizvAsaH kazcidaparO janaH kEvalaM zAkaM bhugktaM|
2d0e0300b1	tarhi yO janaH sAdhAraNaM dravyaM bhugktE sa vizESadravyabhOktAraM nAvajAnIyAt tathA vizESadravyabhOktApi sAdhAraNadravyabhOktAraM dOSiNaM na kuryyAt, yasmAd Izvarastam agRhlAt|
2d0e0400a8	hE paradAsasya dUSayitastvaM kaH? nijaprabhOH samIpE tEna padasthEna padacyutEna vA bhavitavyaM sa ca padastha Eva bhaviSyati yata IzvarastaM padasthaM karttuM zaknOti|
2d0e050087	aparanjca kazcijjanO dinAd dinaM vizESaM manyatE kazcittu sarvvANi dinAni samAnAni manyatE, EkaikO janaH svIyamanasi vivicya nizcinOtu|
2d0e06014e	yO janaH kinjcana dinaM vizESaM manyatE sa prabhubhaktyA tan manyatE, yazca janaH kimapi dinaM vizESaM na manyatE sO'pi prabhubhaktyA tanna manyatE; aparanjca yaH sarvvANi bhakSyadravyANi bhugktE sa prabhubhaktayA tAni bhugktE yataH sa IzvaraM dhanyaM vakti, yazca na bhugktE sO'pi prabhubhaktyaiva na bhunjjAna IzvaraM dhanyaM brUtE|
2d0e070052	aparam asmAkaM kazcit nijanimittaM prANAn dhArayati nijanimittaM mriyatE vA tanna;
2d0e0800aa	kintu yadi vayaM prANAn dhArayAmastarhi prabhunimittaM dhArayAmaH, yadi ca prANAn tyajAmastarhyapi prabhunimittaM tyajAmaH, ataEva jIvanE maraNE vA vayaM prabhOrEvAsmahE|
2d0e090063	yatO jIvantO mRtAzcEtyubhayESAM lOkAnAM prabhutvaprAptyarthaM khrISTO mRta utthitaH punarjIvitazca|
2d0e0a009f	kintu tvaM nijaM bhrAtaraM kutO dUSayasi? tathA tvaM nijaM bhrAtaraM kutastucchaM jAnAsi? khrISTasya vicArasiMhAsanasya sammukhE sarvvairasmAbhirupasthAtavyaM;
2d0e0b00a1	yAdRzaM likhitam AstE, parEzaH zapathaM kurvvan vAkyamEtat purAvadat| sarvvO janaH samIpE mE jAnupAtaM kariSyati| jihvaikaikA tathEzasya nighnatvaM svIkariSyati|
2d0e0c0040	ataEva IzvarasamIpE'smAkam EkaikajanEna nijA kathA kathayitavyA|
2d0e0d0076	itthaM sati vayam adyArabhya parasparaM na dUSayantaH svabhrAtu rvighnO vyAghAtO vA yanna jAyEta tAdRzImIhAM kurmmahE|
2d0e0e00a9	kimapi vastu svabhAvatO nAzuci bhavatItyahaM jAnE tathA prabhunA yIzukhrISTEnApi nizcitaM jAnE, kintu yO janO yad dravyam apavitraM jAnItE tasya kRtE tad apavitram AstE|
2d0e0f00b8	ataEva tava bhakSyadravyENa tava bhrAtA zOkAnvitO bhavati tarhi tvaM bhrAtaraM prati prEmnA nAcarasi| khrISTO yasya kRtE svaprANAn vyayitavAn tvaM nijEna bhakSyadravyENa taM na nAzaya|
2d0e100033	aparaM yuSmAkam uttamaM karmma ninditaM na bhavatu|
2d0e11005e	bhakSyaM pEyanjcEzvararAjyasya sArO nahi, kintu puNyaM zAntizca pavitrENAtmanA jAta Anandazca|
2d0e12004f	Etai ryO janaH khrISTaM sEvatE, sa EvEzvarasya tuSTikarO manuSyaizca sukhyAtaH|
2d0e130058	ataEva yEnAsmAkaM sarvvESAM parasparam aikyaM niSThA ca jAyatE tadEvAsmAbhi ryatitavyaM|
2d0e14009b	bhakSyArtham Izvarasya karmmaNO hAniM mA janayata; sarvvaM vastu pavitramiti satyaM tathApi yO janO yad bhuktvA vighnaM labhatE tadarthaM tad bhadraM nahi|
2d0e15008f	tava mAMsabhakSaNasurApAnAdibhiH kriyAbhi ryadi tava bhrAtuH pAdaskhalanaM vighnO vA cAnjcalyaM vA jAyatE tarhi tadbhOjanapAnayOstyAgO bhadraH|
2d0e16007f	yadi tava pratyayastiSThati tarhIzvarasya gOcarE svAntarE taM gOpaya; yO janaH svamatEna svaM dOSiNaM na karOti sa Eva dhanyaH|
2d0e170092	kintu yaH kazcit saMzayya bhugktE'rthAt na pratItya bhugktE, sa EvAvazyaM daNPArhO bhaviSyati, yatO yat pratyayajaM nahi tadEva pApamayaM bhavati|
2d0f010058	balavadbhirasmAbhi rdurbbalAnAM daurbbalyaM sOPhavyaM na ca svESAm iSTAcAra AcaritavyaH|
2d0f020057	asmAkam EkaikO janaH svasamIpavAsinO hitArthaM niSThArthanjca tasyaivESTAcAram Acaratu|
2d0f030070	yataH khrISTO'pi nijESTAcAraM nAcaritavAn, yathA likhitam AstE, tvannindakagaNasyaiva nindAbhi rninditO'smyahaM|
2d0f0400a0	aparanjca vayaM yat sahiSNutAsAntvanayO rjanakEna zAstrENa pratyAzAM labhEmahi tannimittaM pUrvvakAlE likhitAni sarvvavacanAnyasmAkam upadEzArthamEva lilikhirE|
2d0f050089	sahiSNutAsAntvanayOrAkarO ya IzvaraH sa EvaM karOtu yat prabhu ryIzukhrISTa iva yuSmAkam EkajanO'nyajanEna sArddhaM manasa aikyam AcarEt;
2d0f060065	yUyanjca sarvva EkacittA bhUtvA mukhaikEnEvAsmatprabhuyIzukhrISTasya piturIzvarasya guNAn kIrttayEta|
2d0f070079	aparam Izvarasya mahimnaH prakAzArthaM khrISTO yathA yuSmAn pratyagRhlAt tathA yuSmAkamapyEkO janO'nyajanaM pratigRhlAtu|
2d0f080071	yathA likhitam AstE, atO'haM sammukhE tiSThan bhinnadEzanivAsinAM| stuvaMstvAM parigAsyAmi tava nAmni parEzvara||
2d0f0900f9	tasya dayAlutvAcca bhinnajAtIyA yad Izvarasya guNAn kIrttayEyustadarthaM yIzuH khrISTastvakchEdaniyamasya nighnO'bhavad ityahaM vadAmi| yathA likhitam AstE, atO'haM sammukhE tiSThan bhinnadEzanivAsinAM| stuvaMstvAM parigAsyAmi tava nAmni parEzvara||
2d0f0a0045	aparamapi likhitam AstE, hE anyajAtayO yUyaM samaM nandata tajjanaiH|
2d0f0b0075	punazca likhitam AstE, hE sarvvadEzinO yUyaM dhanyaM brUta parEzvaraM| hE tadIyanarA yUyaM kurudhvaM tatprazaMsanaM||
2d0f0c009f	apara yIzAyiyO'pi lilEkha, yIzayasya tu yat mUlaM tat prakAziSyatE tadA| sarvvajAtIyanRNAnjca zAsakaH samudESyati| tatrAnyadEzilOkaizca pratyAzA prakariSyatE||
2d0f0d00a3	ataEva yUyaM pavitrasyAtmanaH prabhAvAd yat sampUrNAM pratyAzAM lapsyadhvE tadarthaM tatpratyAzAjanaka IzvaraH pratyayEna yuSmAn zAntyAnandAbhyAM sampUrNAn karOtu|
2d0f0e007a	hE bhrAtarO yUyaM sadbhAvayuktAH sarvvaprakArENa jnjAnEna ca sampUrNAH parasparOpadEzE ca tatparA ityahaM nizcitaM jAnAmi,
2d0f0f004f	tathApyahaM yat pragalbhatarO bhavan yuSmAn prabOdhayAmi tasyaikaM kAraNamidaM|
2d0f1000c9	bhinnajAtIyAH pavitrENAtmanA pAvitanaivEdyarUpA bhUtvA yad grAhyA bhavEyustannimittamaham Izvarasya susaMvAdaM pracArayituM bhinnajAtIyAnAM madhyE yIzukhrISTasya sEvakatvaM dAnaM IzvarAt labdhavAnasmi|
2d0f11003e	IzvaraM prati yIzukhrISTEna mama zlAghAkaraNasya kAraNam AstE|
2d0f12009c	bhinnadEzina AjnjAgrAhiNaH karttuM khrISTO vAkyEna kriyayA ca, AzcaryyalakSaNaizcitrakriyAbhiH pavitrasyAtmanaH prabhAvEna ca yAni karmmANi mayA sAdhitavAn,
2d0f1300a3	kEvalaM tAnyEva vinAnyasya kasyacit karmmaNO varNanAM karttuM pragalbhO na bhavAmi| tasmAt A yirUzAlama illUrikaM yAvat sarvvatra khrISTasya susaMvAdaM prAcArayaM|
2d0f1400a4	anyEna nicitAyAM bhittAvahaM yanna nicinOmi tannimittaM yatra yatra sthAnE khrISTasya nAma kadApi kEnApi na jnjApitaM tatra tatra susaMvAdaM pracArayitum ahaM yatE|
2d0f150085	yAdRzaM likhitam AstE, yai rvArttA tasya na prAptA darzanaM taistu lapsyatE| yaizca naiva zrutaM kinjcit bOddhuM zakSyanti tE janAH||
2d0f16003b	tasmAd yuSmatsamIpagamanAd ahaM muhurmuhu rnivAritO'bhavaM|
2d0f170090	kintvidAnIm atra pradEzESu mayA na gataM sthAnaM kimapi nAvaziSyatE yuSmatsamIpaM gantuM bahuvatsarAnArabhya mAmakInAkAgkSA ca vidyata iti hEtOH
2d0f1800bc	spAniyAdEzagamanakAlE'haM yuSmanmadhyEna gacchan yuSmAn AlOkiSyE, tataH paraM yuSmatsambhASaNEna tRptiM parilabhya taddEzagamanArthaM yuSmAbhi rvisarjayiSyE, IdRzI madIyA pratyAzA vidyatE|
2d0f190041	kintu sAmprataM pavitralOkAnAM sEvanAya yirUzAlamnagaraM vrajAmi|
2d0f1a0081	yatO yirUzAlamasthapavitralOkAnAM madhyE yE daridrA arthavizrANanEna tAnupakarttuM mAkidaniyAdEzIyA AkhAyAdEzIyAzca lOkA aicchan|
2d0f1b008e	ESA tESAM sadicchA yatastE tESAm RNinaH santi yatO hEtO rbhinnajAtIyA yESAM paramArthasyAMzinO jAtA aihikaviSayE tESAmupakArastaiH karttavyaH|
2d0f1c0063	atO mayA tat karmma sAdhayitvA tasmin phalE tEbhyaH samarpitE yuSmanmadhyEna spAniyAdEzO gamiSyatE|
2d0f1d0073	yuSmatsamIpE mamAgamanasamayE khrISTasya susaMvAdasya pUrNavarENa sambalitaH san aham AgamiSyAmi iti mayA jnjAyatE|
2d0f1e0050	hE bhrAtRgaNa prabhO ryIzukhrISTasya nAmnA pavitrasyAtmAnaH prEmnA ca vinayE'haM
2d0f1f0089	yihUdAdEzasthAnAm avizvAsilOkAnAM karEbhyO yadahaM rakSAM labhEya madIyaitEna sEvanakarmmaNA ca yad yirUzAlamasthAH pavitralOkAstuSyEyuH,
2d0f20009a	tadarthaM yUyaM matkRta IzvarAya prArthayamANA yatadhvaM tEnAham IzvarEcchayA sAnandaM yuSmatsamIpaM gatvA yuSmAbhiH sahitaH prANAn ApyAyituM pArayiSyAmi|
2d0f210038	zAntidAyaka IzvarO yuSmAkaM sarvvESAM saggI bhUyAt| iti|
2d10010073	kiMkrIyAnagarIyadharmmasamAjasya paricArikA yA phaibInAmikAsmAkaM dharmmabhaginI tasyAH kRtE'haM yuSmAn nivEdayAmi,
2d100200af	yUyaM tAM prabhumAzritAM vijnjAya tasyA AtithyaM pavitralOkArhaM kurudhvaM, yuSmattastasyA ya upakArO bhavituM zaknOti taM kurudhvaM, yasmAt tayA bahUnAM mama cOpakAraH kRtaH|
2d1003009c	aparanjca khrISTasya yIzOH karmmaNi mama sahakAriNau mama prANarakSArthanjca svaprANAn paNIkRtavantau yau priSkillAkkilau tau mama namaskAraM jnjApayadhvaM|
2d1004005d	tAbhyAm upakArAptiH kEvalaM mayA svIkarttavyEti nahi bhinnadEzIyaiH sarvvadharmmasamAjairapi|
2d100500cf	aparanjca tayO rgRhE sthitAn dharmmasamAjalOkAn mama namaskAraM jnjApayadhvaM| tadvat AziyAdEzE khrISTasya pakSE prathamajAtaphalasvarUpO ya ipEnitanAmA mama priyabandhustamapi mama namaskAraM jnjApayadhvaM|
2d1006004a	aparaM bahuzramENAsmAn asEvata yA mariyam tAmapi namaskAraM jnjApayadhvaM|
2d1007008d	aparanjca prEritESu khyAtakIrttI madagrE khrISTAzritau mama svajAtIyau sahabandinau ca yAvAndranIkayUniyau tau mama namaskAraM jnjApayadhvaM|
2d10080046	tathA prabhau matpriyatamam Ampliyamapi mama namaskAraM jnjApayadhvaM|
2d10090069	aparaM khrISTasEvAyAM mama sahakAriNam UrbbANaM mama priyatamaM stAkhunjca mama namaskAraM jnjApayadhvaM|
2d100a0075	aparaM khrISTEna parIkSitam ApilliM mama namaskAraM vadata, AriSTabUlasya parijanAMzca mama namaskAraM jnjApayadhvaM|
2d100b0088	aparaM mama jnjAtiM hErOdiyOnaM mama namaskAraM vadata, tathA nArkisasya parivArANAM madhyE yE prabhumAzritAstAn mama namaskAraM vadata|
2d100c00ad	aparaM prabhOH sEvAyAM parizramakAriNyau truphEnAtruphOSE mama namaskAraM vadata, tathA prabhOH sEvAyAm atyantaM parizramakAriNI yA priyA parSistAM namaskAraM jnjApayadhvaM|
2d100d0059	aparaM prabhOrabhirucitaM rUphaM mama dharmmamAtA yA tasya mAtA tAmapi namaskAraM vadata|
2d100e0068	aparam asuMkRtaM phligOnaM harmmaM pAtrabaM harmmim EtESAM saggibhrAtRgaNanjca namaskAraM jnjApayadhvaM|
2d100f0084	aparaM philalagO yUliyA nIriyastasya bhaginyalumpA caitAn EtaiH sArddhaM yAvantaH pavitralOkA AsatE tAnapi namaskAraM jnjApayadhvaM|
2d10100062	yUyaM parasparaM pavitracumbanEna namaskurudhvaM| khrISTasya dharmmasamAjagaNO yuSmAn namaskurutE|
2d10110090	hE bhrAtarO yuSmAn vinayE'haM yuSmAbhi ryA zikSA labdhA tAm atikramya yE vicchEdAn vighnAMzca kurvvanti tAn nizcinuta tESAM saggaM varjayata ca|
2d101200a1	yatastAdRzA lOkA asmAkaM prabhO ryIzukhrISTasya dAsA iti nahi kintu svOdarasyaiva dAsAH; aparaM praNayavacanai rmadhuravAkyaizca saralalOkAnAM manAMsi mOhayanti|
2d101300a5	yuSmAkam AjnjAgrAhitvaM sarvvatra sarvvai rjnjAtaM tatO'haM yuSmAsu sAnandO'bhavaM tathApi yUyaM yat satjnjAnEna jnjAninaH kujnjAnE cAtatparA bhavEtEti mamAbhilASaH|
2d1014008d	adhikantu zAntidAyaka IzvaraH zaitAnam avilambaM yuSmAkaM padAnAm adhO marddiSyati| asmAkaM prabhu ryIzukhrISTO yuSmAsu prasAdaM kriyAt| iti|
2d10150058	mama sahakArI tImathiyO mama jnjAtayO lUkiyO yAsOn sOsipAtrazcEmE yuSmAn namaskurvvantE|
2d1016004c	aparam EtatpatralEkhakastarttiyanAmAhamapi prabhO rnAmnA yuSmAn namaskarOmi|
2d101700a8	tathA kRtsnadharmmasamAjasya mama cAtithyakArI gAyO yuSmAn namaskarOti| aparam Etannagarasya dhanarakSaka irAstaH kkArttanAmakazcaikO bhrAtA tAvapi yuSmAn namaskurutaH|
2d10180042	asmAkaM prabhu ryIzukhrISTA yuSmAsu sarvvESu prasAdaM kriyAt| iti|
2d101900b9	pUrvvakAlikayugESu pracchannA yA mantraNAdhunA prakAzitA bhUtvA bhaviSyadvAdilikhitagranthagaNasya pramANAd vizvAsEna grahaNArthaM sadAtanasyEzvarasyAjnjayA sarvvadEzIyalOkAn jnjApyatE,
2d101a0093	tasyA mantraNAyA jnjAnaM labdhvA mayA yaH susaMvAdO yIzukhrISTamadhi pracAryyatE, tadanusArAd yuSmAn dharmmE susthirAn karttuM samarthO yO'dvitIyaH
2d101b0046	sarvvajnja Izvarastasya dhanyavAdO yIzukhrISTEna santataM bhUyAt| iti|
2e0000000d	1 karinthinaH
2e010100d4	yAvantaH pavitrA lOkAH svESAm asmAkanjca vasatisthAnESvasmAkaM prabhO ryIzOH khrISTasya nAmnA prArthayantE taiH sahAhUtAnAM khrISTEna yIzunA pavitrIkRtAnAM lOkAnAM ya IzvarIyadharmmasamAjaH karinthanagarE vidyatE
2e01020061	taM pratIzvarasyEcchayAhUtO yIzukhrISTasya prEritaH paulaH sOsthininAmA bhrAtA ca patraM likhati|
2e01030054	asmAkaM pitrEzvarENa prabhunA yIzukhrISTEna ca prasAdaH zAntizca yuSmabhyaM dIyatAM|
2e01040078	IzvarO yIzukhrISTEna yuSmAn prati prasAdaM prakAzitavAn, tasmAdahaM yuSmannimittaM sarvvadA madIyEzvaraM dhanyaM vadAmi|
2e0105004d	khrISTasambandhIyaM sAkSyaM yuSmAkaM madhyE yEna prakArENa sapramANam abhavat
2e0106004c	tEna yUyaM khrISTAt sarvvavidhavaktRtAjnjAnAdIni sarvvadhanAni labdhavantaH|
2e01070067	tatO'smatprabhO ryIzukhrISTasya punarAgamanaM pratIkSamANAnAM yuSmAkaM kasyApi varasyAbhAvO na bhavati|
2e0108007d	aparam asmAkaM prabhO ryIzukhrISTasya divasE yUyaM yannirddOSA bhavEta tadarthaM saEva yAvadantaM yuSmAn susthirAn kariSyati|
2e0109005f	ya IzvaraH svaputrasyAsmatprabhO ryIzukhrISTasyAMzinaH karttuM yuSmAn AhUtavAn sa vizvasanIyaH|
2e010a00cb	hE bhrAtaraH, asmAkaM prabhuyIzukhrISTasya nAmnA yuSmAn vinayE'haM sarvvai ryuSmAbhirEkarUpANi vAkyAni kathyantAM yuSmanmadhyE bhinnasagghAtA na bhavantu manOvicArayOraikyEna yuSmAkaM siddhatvaM bhavatu|
2e010b0057	hE mama bhrAtarO yuSmanmadhyE vivAdA jAtA iti vArttAmahaM klOyyAH parijanai rjnjApitaH|
2e010c0082	mamAbhiprEtamidaM yuSmAkaM kazcit kazcid vadati paulasya ziSyO'ham ApallOH ziSyO'haM kaiphAH ziSyO'haM khrISTasya ziSyO'hamiti ca|
2e010d0067	khrISTasya kiM vibhEdaH kRtaH? paulaH kiM yuSmatkRtE kruzE hataH? paulasya nAmnA vA yUyaM kiM majjitAH?
2e010e0061	kriSpagAyau vinA yuSmAkaM madhyE'nyaH kO'pi mayA na majjita iti hEtOraham IzvaraM dhanyaM vadAmi|
2e010f0042	EtEna mama nAmnA mAnavA mayA majjitA iti vaktuM kEnApi na zakyatE|
2e0110005a	aparaM stiphAnasya parijanA mayA majjitAstadanyaH kazcid yanmayA majjitastadahaM na vEdmi|
2e011100b5	khrISTEnAhaM majjanArthaM na prEritaH kintu susaMvAdasya pracArArthamEva; sO'pi vAkpaTutayA mayA na pracAritavyaH, yatastathA pracAritE khrISTasya kruzE mRtyuH phalahInO bhaviSyati|
2e01120082	yatO hEtO ryE vinazyanti tE tAM kruzasya vArttAM pralApamiva manyantE kinjca paritrANaM labhamAnESvasmAsu sA IzvarIyazaktisvarUpA|
2e01130079	tasmAditthaM likhitamAstE, jnjAnavatAntu yat jnjAnaM tanmayA nAzayiSyatE| vilOpayiSyatE tadvad buddhi rbaddhimatAM mayA||
2e01140070	jnjAnI kutra? zAstrI vA kutra? ihalOkasya vicAratatparO vA kutra? ihalOkasya jnjAnaM kimIzvarENa mOhIkRtaM nahi?
2e0115009c	Izvarasya jnjAnAd ihalOkasya mAnavAH svajnjAnEnEzvarasya tattvabOdhaM na prAptavantastasmAd IzvaraH pracArarUpiNA pralApEna vizvAsinaH paritrAtuM rOcitavAn|
2e01160047	yihUdIyalOkA lakSaNAni didRkSanti bhinnadEzIyalOkAstu vidyAM mRgayantE,
2e01170075	vayanjca kruzE hataM khrISTaM pracArayAmaH| tasya pracArO yihUdIyai rvighna iva bhinnadEzIyaizca pralApa iva manyatE,
2e01180075	kintu yihUdIyAnAM bhinnadEzIyAnAnjca madhyE yE AhUtAstESu sa khrISTa IzvarIyazaktirivEzvarIyajnjAnamiva ca prakAzatE|
2e0119007c	yata IzvarE yaH pralApa ArOpyatE sa mAnavAtiriktaM jnjAnamEva yacca daurbbalyam Izvara ArOpyatE tat mAnavAtiriktaM balamEva|
2e011a0086	hE bhrAtaraH, AhUtayuSmadgaNO yaSmAbhirAlOkyatAM tanmadhyE sAMsArikajnjAnEna jnjAnavantaH parAkramiNO vA kulInA vA bahavO na vidyantE|
2e011b0068	yata IzvarO jnjAnavatastrapayituM mUrkhalOkAn rOcitavAn balAni ca trapayitum IzvarO durbbalAn rOcitavAn|
2e011c0069	tathA varttamAnalOkAn saMsthitibhraSTAn karttum IzvarO jagatO'pakRSTAn hEyAn avarttamAnAMzcAbhirOcitavAn|
2e011d0034	tata Izvarasya sAkSAt kEnApyAtmazlAghA na karttavyA|
2e011e0073	yUyanjca tasmAt khrISTE yIzau saMsthitiM prAptavantaH sa IzvarAd yuSmAkaM jnjAnaM puNyaM pavitratvaM muktizca jAtA|
2e011f0058	ataEva yadvad likhitamAstE tadvat, yaH kazcit zlAghamAnaH syAt zlAghatAM prabhunA sa hi|
2e02010071	hE bhrAtarO yuSmatsamIpE mamAgamanakAlE'haM vaktRtAyA vidyAyA vA naipuNyEnEzvarasya sAkSyaM pracAritavAn tannahi;
2e02020068	yatO yIzukhrISTaM tasya kruzE hatatvanjca vinA nAnyat kimapi yuSmanmadhyE jnjApayituM vihitaM buddhavAn|
2e0203003f	aparanjcAtIva daurbbalyabhItikampayuktO yuSmAbhiH sArddhamAsaM|
2e02040061	aparaM yuSmAkaM vizvAsO yat mAnuSikajnjAnasya phalaM na bhavEt kintvIzvarIyazaktEH phalaM bhavEt,
2e02050081	tadarthaM mama vaktRtA madIyapracArazca mAnuSikajnjAnasya madhuravAkyasambalitau nAstAM kintvAtmanaH zaktEzca pramANayuktAvAstAM|
2e0206008d	vayaM jnjAnaM bhASAmahE tacca siddhalOkai rjnjAnamiva manyatE, tadihalOkasya jnjAnaM nahi, ihalOkasya nazvarANAm adhipatInAM vA jnjAnaM nahi;
2e02070087	kintu kAlAvasthAyAH pUrvvasmAd yat jnjAnam asmAkaM vibhavArtham IzvarENa nizcitya pracchannaM tannigUPham IzvarIyajnjAnaM prabhASAmahE|
2e0208006d	ihalOkasyAdhipatInAM kEnApi tat jnjAnaM na labdhaM, labdhE sati tE prabhAvaviziSTaM prabhuM kruzE nAhaniSyan|
2e0209009e	tadvallikhitamAstE, nEtrENa kkApi nO dRSTaM karNEnApi ca na zrutaM| manOmadhyE tu kasyApi na praviSTaM kadApi yat|IzvarE prIyamANAnAM kRtE tat tEna sanjcitaM|
2e020a007f	aparamIzvaraH svAtmanA tadasmAkaM sAkSAt prAkAzayat; yata AtmA sarvvamEvAnusandhattE tEna cEzvarasya marmmatattvamapi budhyatE|
2e020b008d	manujasyAntaHsthamAtmAnaM vinA kEna manujEna tasya manujasya tattvaM budhyatE? tadvadIzvarasyAtmAnaM vinA kEnApIzvarasya tattvaM na budhyatE|
2e020c00ae	vayanjcEhalOkasyAtmAnaM labdhavantastannahi kintvIzvarasyaivAtmAnaM labdhavantaH, tatO hEtOrIzvarENa svaprasAdAd asmabhyaM yad yad dattaM tatsarvvam asmAbhi rjnjAtuM zakyatE|
2e020d0094	taccAsmAbhi rmAnuSikajnjAnasya vAkyAni zikSitvA kathyata iti nahi kintvAtmatO vAkyAni zikSitvAtmikai rvAkyairAtmikaM bhAvaM prakAzayadbhiH kathyatE|
2e020e0088	prANI manuSya IzvarIyAtmanaH zikSAM na gRhlAti yata AtmikavicArENa sA vicAryyEti hEtOH sa tAM pralApamiva manyatE bOddhunjca na zaknOti|
2e020f0045	AtmikO mAnavaH sarvvANi vicArayati kintu svayaM kEnApi na vicAryyatE|
2e0210005c	yata Izvarasya manO jnjAtvA tamupadESTuM kaH zaknOti? kintu khrISTasya manO'smAbhi rlabdhaM|
2e0301009c	hE bhrAtaraH, ahamAtmikairiva yuSmAbhiH samaM sambhASituM nAzaknavaM kintu zArIrikAcAribhiH khrISTadharmmE zizutulyaizca janairiva yuSmAbhiH saha samabhASE|
2e0302009f	yuSmAn kaThinabhakSyaM na bhOjayan dugdham apAyayaM yatO yUyaM bhakSyaM grahItuM tadA nAzaknuta idAnImapi na zaknutha, yatO hEtOradhunApi zArIrikAcAriNa AdhvE|
2e03030069	yuSmanmadhyE mAtsaryyavivAdabhEdA bhavanti tataH kiM zArIrikAcAriNO nAdhvE mAnuSikamArgENa ca na caratha?
2e03040074	paulasyAhamityApallOrahamiti vA yadvAkyaM yuSmAkaM kaizcit kaizcit kathyatE tasmAd yUyaM zArIrikAcAriNa na bhavatha?
2e03050087	paulaH kaH? ApallO rvA kaH? tau paricArakamAtrau tayOrEkaikasmai ca prabhu ryAdRk phalamadadAt tadvat tayOrdvArA yUyaM vizvAsinO jAtAH|
2e03060038	ahaM rOpitavAn ApallOzca niSiktavAn IzvarazcAvarddhayat|
2e03070036	atO rOpayitRsEktArAvasArau varddhayitEzvara Eva sAraH|
2e0308004c	rOpayitRsEktArau ca samau tayOrEkaikazca svazramayOgyaM svavEtanaM lapsyatE|
2e0309005a	AvAmIzvarENa saha karmmakAriNau, Izvarasya yat kSEtram Izvarasya yA nirmmitiH sA yUyamEva|
2e030a00a8	Izvarasya prasAdAt mayA yat padaM labdhaM tasmAt jnjAninA gRhakAriNEva mayA bhittimUlaM sthApitaM tadupari cAnyEna nicIyatE| kintu yEna yannicIyatE tat tEna vivicyatAM|
2e030b006a	yatO yIzukhrISTarUpaM yad bhittimUlaM sthApitaM tadanyat kimapi bhittimUlaM sthApayituM kEnApi na zakyatE|
2e030c004b	EtadbhittimUlasyOpari yadi kEcit svarNarUpyamaNikASThatRNanalAn nicinvanti,
2e030d00b2	tarhyEkaikasya karmma prakAziSyatE yataH sa divasastat prakAzayiSyati| yatO hatOstana divasEna vahnimayEnOdEtavyaM tata Ekaikasya karmma kIdRzamEtasya parIkSA bahninA bhaviSyati|
2e030e0042	yasya nicayanarUpaM karmma sthAsnu bhaviSyati sa vEtanaM lapsyatE|
2e030f006e	yasya ca karmma dhakSyatE tasya kSati rbhaviSyati kintu vahnE rnirgatajana iva sa svayaM paritrANaM prApsyati|
2e0310004e	yUyam Izvarasya mandiraM yuSmanmadhyE cEzvarasyAtmA nivasatIti kiM na jAnItha?
2e0311007c	Izvarasya mandiraM yEna vinAzyatE sO'pIzvarENa vinAzayiSyatE yata Izvarasya mandiraM pavitramEva yUyaM tu tanmandiram AdhvE|
2e0312008f	kOpi svaM na vanjcayatAM| yuSmAkaM kazcana cEdihalOkasya jnjAnEna jnjAnavAnahamiti budhyatE tarhi sa yat jnjAnI bhavEt tadarthaM mUPhO bhavatu|
2e03130083	yasmAdihalOkasya jnjAnam Izvarasya sAkSAt mUPhatvamEva| Etasmin likhitamapyAstE, tIkSNA yA jnjAninAM buddhistayA tAn dharatIzvaraH|
2e03140036	punazca| jnjAninAM kalpanA vEtti paramEzO nirarthakAH|
2e03150045	ataEva kO'pi manujairAtmAnaM na zlAghatAM yataH sarvvANi yuSmAkamEva,
2e0316006d	paula vA ApallO rvA kaiphA vA jagad vA jIvanaM vA maraNaM vA varttamAnaM vA bhaviSyadvA sarvvANyEva yuSmAkaM,
2e03170028	yUyanjca khrISTasya, khrISTazcEzvarasya|
2e04010056	lOkA asmAn khrISTasya paricArakAn Izvarasya nigUThavAkyadhanasyAdhyakSAMzca manyantAM|
2e04020046	kinjca dhanAdhyakSENa vizvasanIyEna bhavitavyamEtadEva lOkai ryAcyatE|
2e0403007a	atO vicArayadbhi ryuSmAbhiranyaiH kaizcin manujai rvA mama parIkSaNaM mayAtIva laghu manyatE 'hamapyAtmAnaM na vicArayAmi|
2e04040071	mayA kimapyaparAddhamityahaM na vEdmi kintvEtEna mama niraparAdhatvaM na nizcIyatE prabhurEva mama vicArayitAsti|
2e040500eb	ata upayuktasamayAt pUrvvam arthataH prabhOrAgamanAt pUrvvaM yuSmAbhi rvicArO na kriyatAM| prabhurAgatya timirENa pracchannAni sarvvANi dIpayiSyati manasAM mantraNAzca prakAzayiSyati tasmin samaya IzvarAd Ekaikasya prazaMsA bhaviSyati|
2e040600f3	hE bhrAtaraH sarvvANyEtAni mayAtmAnam ApallavanjcOddizya kathitAni tasyaitat kAraNaM yuyaM yathA zAstrIyavidhimatikramya mAnavam atIva nAdariSyadhba ItthanjcaikEna vaiparItyAd aparENa na zlAghiSyadhba EtAdRzIM zikSAmAvayOrdRSTAntAt lapsyadhvE|
2e04070070	aparAt kastvAM vizESayati? tubhyaM yanna datta tAdRzaM kiM dhArayasi? adattEnEva dattEna vastunA kutaH zlAghasE?
2e040800b7	idAnImEva yUyaM kiM tRptA labdhadhanA vA? asmAsvavidyamAnESu yUyaM kiM rAjatvapadaM prAptAH? yuSmAkaM rAjatvaM mayAbhilaSitaM yatastEna yuSmAbhiH saha vayamapi rAjyAMzinO bhaviSyAmaH|
2e04090088	prEritA vayaM zESA hantavyAzcEvEzvarENa nidarzitAH| yatO vayaM sarvvalOkAnAm arthataH svargIyadUtAnAM mAnavAnAnjca kautukAspadAni jAtAH|
2e040a0081	khrISTasya kRtE vayaM mUPhAH kintu yUyaM khrISTEna jnjAninaH, vayaM durbbalA yUyanjca sabalAH, yUyaM sammAnitA vayanjcApamAnitAH|
2e040b0049	vayamadyApi kSudhArttAstRSNArttA vastrahInAstAPitA AzramarahitAzca santaH
2e040c0083	karmmaNi svakarAn vyApArayantazca duHkhaiH kAlaM yApayAmaH| garhitairasmAbhirAzIH kathyatE dUrIkRtaiH sahyatE ninditaiH prasAdyatE|
2e040d0043	vayamadyApi jagataH sammArjanIyOgyA avakarA iva sarvvai rmanyAmahE|
2e040e0053	yuSmAn trapayitumahamEtAni likhAmIti nahi kintu priyAtmajAniva yuSmAn prabOdhayAmi|
2e040f009c	yataH khrISTadharmmE yadyapi yuSmAkaM dazasahasrANi vinEtArO bhavanti tathApi bahavO janakA na bhavanti yatO'hamEva susaMvAdEna yIzukhrISTE yuSmAn ajanayaM|
2e04100031	atO yuSmAn vinayE'haM yUyaM madanugAminO bhavata|
2e041100db	ityarthaM sarvvESu dharmmasamAjESu sarvvatra khrISTadharmmayOgyA yE vidhayO mayOpadizyantE tAn yO yuSmAn smArayiSyatyEvambhUtaM prabhOH kRtE priyaM vizvAsinanjca madIyatanayaM tImathiyaM yuSmAkaM samIpaM prESitavAnahaM|
2e04120053	aparamahaM yuSmAkaM samIpaM na gamiSyAmIti buddhvA yuSmAkaM kiyantO lOkA garvvanti|
2e04130096	kintu yadi prabhEricchA bhavati tarhyahamavilambaM yuSmatsamIpamupasthAya tESAM darpadhmAtAnAM lOkAnAM vAcaM jnjAsyAmIti nahi sAmarthyamEva jnjAsyAmi|
2e0414003e	yasmAdIzvarasya rAjatvaM vAgyuktaM nahi kintu sAmarthyayuktaM|
2e0415005e	yuSmAkaM kA vAnjchA? yuSmatsamIpE mayA kiM daNPapANinA gantavyamuta prEmanamratAtmayuktEna vA?
2e050100bc	aparaM yuSmAkaM madhyE vyabhicArO vidyatE sa ca vyabhicArastAdRzO yad dEvapUjakAnAM madhyE'pi tattulyO na vidyatE phalatO yuSmAkamEkO janO vimAtRgamanaM kRruta iti vArttA sarvvatra vyAptA|
2e05020083	tathAca yUyaM darpadhmAtA AdhbE, tat karmma yEna kRtaM sa yathA yuSmanmadhyAd dUrIkriyatE tathA zOkO yuSmAbhi rna kriyatE kim Etat?
2e0503006e	avidyamAnE madIyazarIrE mamAtmA yuSmanmadhyE vidyatE atO'haM vidyamAna iva tatkarmmakAriNO vicAraM nizcitavAn,
2e05040072	asmatprabhO ryIzukhrISTasya nAmnA yuSmAkaM madIyAtmanazca milanE jAtE 'smatprabhO ryIzukhrISTasya zaktEH sAhAyyEna
2e05050080	sa naraH zarIranAzArthamasmAbhiH zayatAnO hastE samarpayitavyastatO'smAkaM prabhO ryIzO rdivasE tasyAtmA rakSAM gantuM zakSyati|
2e05060067	yuSmAkaM darpO na bhadrAya yUyaM kimEtanna jAnItha, yathA, vikAraH kRtsnazaktUnAM svalpakiNvEna jAyatE|
2e050700c9	yUyaM yat navInazaktusvarUpA bhavEta tadarthaM purAtanaM kiNvam avamArjjata yatO yuSmAbhiH kiNvazUnyai rbhavitavyaM| aparam asmAkaM nistArOtsavIyamESazAvakO yaH khrISTaH sO'smadarthaM balIkRtO 'bhavat|
2e05080085	ataH purAtanakiNvEnArthatO duSTatAjighAMsArUpENa kiNvEna tannahi kintu sAralyasatyatvarUpayA kiNvazUnyatayAsmAbhirutsavaH karttavyaH|
2e05090043	vyAbhicAriNAM saMsargO yuSmAbhi rvihAtavya iti mayA patrE likhitaM|
2e050a00a9	kintvaihikalOkAnAM madhyE yE vyabhicAriNO lObhina upadrAviNO dEvapUjakA vA tESAM saMsargaH sarvvathA vihAtavya iti nahi, vihAtavyE sati yuSmAbhi rjagatO nirgantavyamEva|
2e050b00c6	kintu bhrAtRtvEna vikhyAtaH kazcijjanO yadi vyabhicArI lObhI dEvapUjakO nindakO madyapa upadrAvI vA bhavEt tarhi tAdRzEna mAnavEna saha bhOjanapAnE'pi yuSmAbhi rna karttavyE ityadhunA mayA likhitaM|
2e050c007f	samAjabahiHsthitAnAM lOkAnAM vicArakaraNE mama kO'dhikAraH? kintu tadantargatAnAM vicAraNaM yuSmAbhiH kiM na karttavyaM bhavEt?
2e050d005c	bahiHsthAnAM tu vicAra IzvarENa kAriSyatE| atO yuSmAbhiH sa pAtakI svamadhyAd bahiSkriyatAM|
2e0601007b	yuSmAkamEkasya janasyAparENa saha vivAdE jAtE sa pavitralOkai rvicAramakArayan kim adhArmmikalOkai rvicArayituM prOtsahatE?
2e0602009c	jagatO'pi vicAraNaM pavitralOkaiH kAriSyata Etad yUyaM kiM na jAnItha? atO jagad yadi yuSmAbhi rvicArayitavyaM tarhi kSudratamavicArESu yUyaM kimasamarthAH?
2e0603006d	dUtA apyasmAbhi rvicArayiSyanta iti kiM na jAnItha? ata aihikaviSayAH kim asmAbhi rna vicArayitavyA bhavEyuH?
2e0604005a	aihikaviSayasya vicArE yuSmAbhiH karttavyE yE lOkAH samitau kSudratamAsta Eva niyujyantAM|
2e0605007e	ahaM yuSmAn trapayitumicchan vadAmi yRSmanmadhyE kimEkO'pi manuSyastAdRg buddhimAnnahi yO bhrAtRvivAdavicAraNE samarthaH syAt?
2e0606007e	kinjcaikO bhrAtA bhrAtrAnyEna kimavizvAsinAM vicArakANAM sAkSAd vivadatE? yaSmanmadhyE vivAdA vidyanta Etadapi yuSmAkaM dOSaH|
2e0607003b	yUyaM kutO'nyAyasahanaM kSatisahanaM vA zrEyO na manyadhvE?
2e06080041	kintu yUyamapi bhrAtRnEva pratyanyAyaM kSatinjca kurutha kimEtat?
2e060900af	Izvarasya rAjyE'nyAyakAriNAM lOkAnAmadhikArO nAstyEtad yUyaM kiM na jAnItha? mA vanjcyadhvaM, yE vyabhicAriNO dEvArccinaH pAradArikAH strIvadAcAriNaH puMmaithunakAriNastaskarA
2e060a004f	lObhinO madyapA nindakA upadrAviNO vA ta Izvarasya rAjyabhAginO na bhaviSyanti|
2e060b0074	yUyanjcaivaMvidhA lOkA Asta kintu prabhO ryIzO rnAmnAsmadIzvarasyAtmanA ca yUyaM prakSAlitAH pAvitAH sapuNyIkRtAzca|
2e060c0099	madarthaM sarvvaM dravyam apratiSiddhaM kintu na sarvvaM hitajanakaM|madarthaM sarvvamapratiSiddhaM tathApyahaM kasyApi dravyasya vazIkRtO na bhaviSyAmi|
2e060d008b	udarAya bhakSyANi bhakSyEbhyazcOdaraM, kintu bhakSyOdarE IzvarENa nAzayiSyEtE; aparaM dEhO na vyabhicArAya kintu prabhavE prabhuzca dEhAya|
2e060e0042	yazcEzvaraH prabhumutthApitavAn sa svazaktyAsmAnapyutthApayiSyati|
2e060f009d	yuSmAkaM yAni zarIrANi tAni khrISTasyAggAnIti kiM yUyaM na jAnItha? ataH khrISTasya yAnyaggAni tAni mayApahRtya vEzyAyA aggAni kiM kAriSyantE? tanna bhavatu|
2e0610008e	yaH kazcid vEzyAyAm AsajyatE sa tayA sahaikadEhO bhavati kiM yUyamEtanna jAnItha? yatO likhitamAstE, yathA, tau dvau janAvEkAggau bhaviSyataH|
2e0611007a	mAnavA yAnyanyAni kaluSANi kurvvatE tAni vapu rna samAvizanti kintu vyabhicAriNA svavigrahasya viruddhaM kalmaSaM kriyatE|
2e0612007a	mAnavA yAnyanyAni kaluSANi kurvvatE tAni vapu rna samAvizanti kintu vyabhicAriNA svavigrahasya viruddhaM kalmaSaM kriyatE|
2e06130096	yuSmAkaM yAni vapUMsi tAni yuSmadantaHsthitasyEzvarAllabdhasya pavitrasyAtmanO mandirANi yUyanjca svESAM svAminO nAdhvE kimEtad yuSmAbhi rna jnjAyatE?
2e0614005d	yUyaM mUlyEna krItA atO vapurmanObhyAm IzvarO yuSmAbhiH pUjyatAM yata Izvara Eva tayOH svAmI|
2e07010061	aparanjca yuSmAbhi rmAM prati yat patramalEkhi tasyOttaramEtat, yOSitO'sparzanaM manujasya varaM;
2e07020072	kintu vyabhicArabhayAd Ekaikasya puMsaH svakIyabhAryyA bhavatu tadvad EkaikasyA yOSitO 'pi svakIyabharttA bhavatu|
2e0703006a	bhAryyAyai bhartrA yadyad vitaraNIyaM tad vitIryyatAM tadvad bhartrE'pi bhAryyayA vitaraNIyaM vitIryyatAM|
2e07040065	bhAryyAyAH svadEhE svatvaM nAsti bhartturEva, tadvad bhartturapi svadEhE svatvaM nAsti bhAryyAyA Eva|
2e070500f0	upOSaNaprArthanayOH sEvanArtham EkamantraNAnAM yuSmAkaM kiyatkAlaM yAvad yA pRthaksthiti rbhavati tadanyO vicchEdO yuSmanmadhyE na bhavatu, tataH param indriyANAm adhairyyAt zayatAn yad yuSmAn parIkSAM na nayEt tadarthaM punarEkatra milata|
2e07060033	Etad AdEzatO nahi kintvanujnjAta Eva mayA kathyatE,
2e07070090	yatO mamAvasthEva sarvvamAnavAnAmavasthA bhavatviti mama vAnjchA kintvIzvarAd EkEnaikO varO'nyEna cAnyO vara itthamEkaikEna svakIyavarO labdhaH|
2e07080055	aparam akRtavivAhAn vidhavAzca prati mamaitannivEdanaM mamEva tESAmavasthiti rbhadrA;
2e0709006b	kinjca yadi tairindriyANi niyantuM na zakyantE tarhi vivAhaH kriyatAM yataH kAmadahanAd vyUPhatvaM bhadraM|
2e070a003a	yE ca kRtavivAhAstE mayA nahi prabhunaivaitad AjnjApyantE|
2e070b0090	bhAryyA bharttRtaH pRthak na bhavatu| yadi vA pRthagbhUtA syAt tarhi nirvivAhA tiSThatu svIyapatinA vA sandadhAtu bharttApi bhAryyAM na tyajatu|
2e070c0098	itarAn janAn prati prabhu rna bravIti kintvahaM bravImi; kasyacid bhrAturyOSid avizvAsinI satyapi yadi tEna sahavAsE tuSyati tarhi sA tEna na tyajyatAM|
2e070d0065	tadvat kasyAzcid yOSitaH patiravizvAsI sannapi yadi tayA sahavAsE tuSyati tarhi sa tayA na tyajyatAM|
2e070e00a6	yatO'vizvAsI bharttA bhAryyayA pavitrIbhUtaH, tadvadavizvAsinI bhAryyA bhartrA pavitrIbhUtA; nOcEd yuSmAkamapatyAnyazucInyabhaviSyan kintvadhunA tAni pavitrANi santi|
2e070f0089	avizvAsI janO yadi vA pRthag bhavati tarhi pRthag bhavatu; EtEna bhrAtA bhaginI vA na nibadhyatE tathApi vayamIzvarENa zAntayE samAhUtAH|
2e0710009c	hE nAri tava bharttuH paritrANaM tvattO bhaviSyati na vEti tvayA kiM jnjAyatE? hE nara tava jAyAyAH paritrANaM tvattE bhaviSyati na vEti tvayA kiM jnjAyatE?
2e07110086	EkaikO janaH paramEzvarAllabdhaM yad bhajatE yasyAnjcAvasthAyAm IzvarENAhvAyi tadanusArENaivAcaratu tadahaM sarvvasamAjasthAn AdizAmi|
2e07120075	chinnatvag bhRtvA ya AhUtaH sa prakRSTatvak na bhavatu, tadvad achinnatvag bhUtvA ya AhUtaH sa chinnatvak na bhavatu|
2e07130054	tvakchEdaH sArO nahi tadvadatvakchEdO'pi sArO nahi kintvIzvarasyAjnjAnAM pAlanamEva|
2e07140037	yO janO yasyAmavasthAyAmAhvAyi sa tasyAmEvAvatiSThatAM|
2e07150065	dAsaH san tvaM kimAhUtO'si? tanmA cintaya, tathAca yadi svatantrO bhavituM zaknuyAstarhi tadEva vRNu|
2e0716006b	yataH prabhunAhUtO yO dAsaH sa prabhO rmOcitajanaH| tadvad tEnAhUtaH svatantrO janO'pi khrISTasya dAsa Eva|
2e07170038	yUyaM mUlyEna krItA atO hEtO rmAnavAnAM dAsA mA bhavata|
2e07180052	hE bhrAtarO yasyAmavasthAyAM yasyAhvAnamabhavat tayA sa Izvarasya sAkSAt tiSThatu|
2e0719008b	aparam akRtavivAhAn janAn prati prabhOH kO'pyAdEzO mayA na labdhaH kintu prabhOranukampayA vizvAsyO bhUtO'haM yad bhadraM manyE tad vadAmi|
2e071a0046	varttamAnAt klEzasamayAt manuSyasyAnUPhatvaM bhadramiti mayA budhyatE|
2e071b006e	tvaM kiM yOSiti nibaddhO'si tarhi mOcanaM prAptuM mA yatasva| kiM vA yOSitO muktO'si? tarhi jAyAM mA gavESaya|
2e071c00b9	vivAhaM kurvvatA tvayA kimapi nApArAdhyatE tadvad vyUhyamAnayA yuvatyApi kimapi nAparAdhyatE tathAca tAdRzau dvau janau zArIrikaM klEzaM lapsyEtE kintu yuSmAn prati mama karuNA vidyatE|
2e071d003f	hE bhrAtarO'hamidaM bravImi, itaH paraM samayO'tIva saMkSiptaH,
2e071e0072	ataH kRtadArairakRtadArairiva rudadbhizcArudadbhiriva sAnandaizca nirAnandairiva krEtRbhizcAbhAgibhirivAcaritavyaM
2e071f004b	yE ca saMsArE caranti tai rnAticaritavyaM yata ihalEkasya kautukO vicalati|
2e07200073	kintu yUyaM yannizcintA bhavEtEti mama vAnjchA| akRtavivAhO janO yathA prabhuM paritOSayEt tathA prabhuM cintayati,
2e0721004a	kintu kRtavivAhO janO yathA bhAryyAM paritOSayEt tathA saMsAraM cintayati|
2e072200aa	tadvad UPhayOSitO 'nUPhA viziSyatE| yAnUPhA sA yathA kAyamanasOH pavitrA bhavEt tathA prabhuM cintayati yA cOPhA sA yathA bharttAraM paritOSayEt tathA saMsAraM cintayati|
2e072300b5	ahaM yad yuSmAn mRgabandhinyA parikSipEyaM tadarthaM nahi kintu yUyaM yadaninditA bhUtvA prabhOH sEvanE'bAdham AsaktA bhavEta tadarthamEtAni sarvvANi yuSmAkaM hitAya mayA kathyantE|
2e072400b1	kasyacit kanyAyAM yauvanaprAptAyAM yadi sa tasyA anUPhatvaM nindanIyaM vivAhazca sAdhayitavya iti manyatE tarhi yathAbhilASaM karOtu, EtEna kimapi nAparAtsyati vivAhaH kriyatAM|
2e072500af	kintu duHkhEnAkliSTaH kazcit pitA yadi sthiramanOgataH svamanO'bhilASasAdhanE samarthazca syAt mama kanyA mayA rakSitavyEti manasi nizcinOti ca tarhi sa bhadraM karmma karOti|
2e07260064	atO yO vivAhaM karOti sa bhadraM karmma karOti yazca vivAhaM na karOti sa bhadrataraM karmma karOti|
2e072700cf	yAvatkAlaM pati rjIvati tAvad bhAryyA vyavasthayA nibaddhA tiSThati kintu patyau mahAnidrAM gatE sA muktIbhUya yamabhilaSati tEna saha tasyA vivAhO bhavituM zaknOti, kintvEtat kEvalaM prabhubhaktAnAM madhyE|
2e0728008b	tathAca sA yadi niSpatikA tiSThati tarhi tasyAH kSEmaM bhaviSyatIti mama bhAvaH| aparam IzvarasyAtmA mamApyanta rvidyata iti mayA budhyatE|
2e08010078	dEvaprasAdE sarvvESAm asmAkaM jnjAnamAstE tadvayaM vidmaH| tathApi jnjAnaM garvvaM janayati kintu prEmatO niSThA jAyatE|
2e0802007e	ataH kazcana yadi manyatE mama jnjAnamAsta iti tarhi tEna yAdRzaM jnjAnaM cESTitavyaM tAdRzaM kimapi jnjAnamadyApi na labdhaM|
2e0803002f	kintu ya IzvarE prIyatE sa IzvarENApi jnjAyatE|
2e0804006d	dEvatAbaliprasAdabhakSaNE vayamidaM vidmO yat jaganmadhyE kO'pi dEvO na vidyatE, EkazcEzvarO dvitIyO nAstIti|
2e0805006e	svargE pRthivyAM vA yadyapi kESucid Izvara iti nAmArOpyatE tAdRzAzca bahava IzvarA bahavazca prabhavO vidyantE
2e080600b2	tathApyasmAkamadvitIya IzvaraH sa pitA yasmAt sarvvESAM yadarthanjcAsmAkaM sRSTi rjAtA, asmAkanjcAdvitIyaH prabhuH sa yIzuH khrISTO yEna sarvvavastUnAM yEnAsmAkamapi sRSTiH kRtA|
2e080700a1	adhikantu jnjAnaM sarvvESAM nAsti yataH kEcidadyApi dEvatAM sammanya dEvaprasAdamiva tad bhakSyaM bhunjjatE tEna durbbalatayA tESAM svAntAni malImasAni bhavanti|
2e08080087	kintu bhakSyadravyAd vayam IzvarENa grAhyA bhavAmastannahi yatO bhugktvA vayamutkRSTA na bhavAmastadvadabhugktvApyapakRSTA na bhavAmaH|
2e0809005f	atO yuSmAkaM yA kSamatA sA durbbalAnAm unmAthasvarUpA yanna bhavEt tadarthaM sAvadhAnA bhavata|
2e080a0086	yatO jnjAnaviziSTastvaM yadi dEvAlayE upaviSTaH kEnApi dRzyasE tarhi tasya durbbalasya manasi kiM prasAdabhakSaNa utsAhO na janiSyatE?
2e080b005d	tathA sati yasya kRtE khrISTO mamAra tava sa durbbalO bhrAtA tava jnjAnAt kiM na vinaMkSyati?
2e080c008c	ityanEna prakArENa bhrAtRNAM viruddham aparAdhyadbhistESAM durbbalAni manAMsi vyAghAtayadbhizca yuSmAbhiH khrISTasya vaiparItyEnAparAdhyatE|
2e080d009a	atO hEtOH pizitAzanaM yadi mama bhrAtu rvighnasvarUpaM bhavEt tarhyahaM yat svabhrAtu rvighnajanakO na bhavEyaM tadarthaM yAvajjIvanaM pizitaM na bhOkSyE|
2e090100a1	ahaM kim EkaH prEritO nAsmi? kimahaM svatantrO nAsmi? asmAkaM prabhu ryIzuH khrISTaH kiM mayA nAdarzi? yUyamapi kiM prabhunA madIyazramaphalasvarUpA na bhavatha?
2e09020090	anyalOkAnAM kRtE yadyapyahaM prEritO na bhavEyaM tathAca yuSmatkRtE prEritO'smi yataH prabhunA mama prEritatvapadasya mudrAsvarUpA yUyamEvAdhvE|
2e0903003d	yE lOkA mayi dOSamArOpayanti tAn prati mama pratyuttaramEtat|
2e09040028	bhOjanapAnayOH kimasmAkaM kSamatA nAsti?
2e0905008e	anyE prEritAH prabhO rbhrAtarau kaiphAzca yat kurvvanti tadvat kAnjcit dharmmabhaginIM vyUhya tayA sArddhaM paryyaTituM vayaM kiM na zaknumaH?
2e09060043	sAMsArikazramasya parityAgAt kiM kEvalamahaM barNabbAzca nivAritau?
2e09070083	nijadhanavyayEna kaH saMgrAmaM karOti? kO vA drAkSAkSEtraM kRtvA tatphalAni na bhugktE? kO vA pazuvrajaM pAlayan tatpayO na pivati?
2e09080054	kimahaM kEvalAM mAnuSikAM vAcaM vadAmi? vyavasthAyAM kimEtAdRzaM vacanaM na vidyatE?
2e0909007e	mUsAvyavasthAgranthE likhitamAstE, tvaM zasyamarddakavRSasyAsyaM na bhaMtsyasIti| IzvarENa balIvarddAnAmEva cintA kiM kriyatE?
2e090a00c3	kiM vA sarvvathAsmAkaM kRtE tadvacanaM tEnOktaM? asmAkamEva kRtE tallikhitaM| yaH kSEtraM karSati tEna pratyAzAyuktEna karSTavyaM, yazca zasyAni marddayati tEna lAbhapratyAzAyuktEna mardditavyaM|
2e090b0079	yuSmatkRtE'smAbhiH pAratrikANi bIjAni rOpitAni, atO yuSmAkamaihikaphalAnAM vayam aMzinO bhaviSyAmaH kimEtat mahat karmma?
2e090c00fa	yuSmAsu yO'dhikArastasya bhAginO yadyanyE bhavEyustarhyasmAbhistatO'dhikaM kiM tasya bhAgibhi rna bhavitavyaM? adhikantu vayaM tEnAdhikArENa na vyavahRtavantaH kintu khrISTIyasusaMvAdasya kO'pi vyAghAtO'smAbhiryanna jAyEta tadarthaM sarvvaM sahAmahE|
2e090d00b3	aparaM yE pavitravastUnAM paricaryyAM kurvvanti tE pavitravastutO bhakSyANi labhantE, yE ca vEdyAH paricaryyAM kurvvanti tE vEdisthavastUnAm aMzinO bhavantyEtad yUyaM kiM na vida?
2e090e004e	tadvad yE susaMvAdaM ghOSayanti taiH susaMvAdEna jIvitavyamiti prabhunAdiSTaM|
2e090f00b1	ahamEtESAM sarvvESAM kimapi nAzritavAn mAM prati tadanusArAt AcaritavyamityAzayEnApi patramidaM mayA na likhyatE yataH kEnApi janEna mama yazasO mudhAkaraNAt mama maraNaM varaM|
2e09100075	susaMvAdaghESaNAt mama yazO na jAyatE yatastadghOSaNaM mamAvazyakaM yadyahaM susaMvAdaM na ghOSayEyaM tarhi mAM dhik|
2e0911005f	icchukEna tat kurvvatA mayA phalaM lapsyatE kintvanicchukE'pi mayi tatkarmmaNO bhArO'rpitO'sti|
2e091200bc	EtEna mayA labhyaM phalaM kiM? susaMvAdEna mama yO'dhikAra AstE taM yadabhadrabhAvEna nAcarEyaM tadarthaM susaMvAdaghOSaNasamayE tasya khrISTIyasusaMvAdasya nirvyayIkaraNamEva mama phalaM|
2e0913005c	sarvvESAm anAyattO'haM yad bhUrizO lOkAn pratipadyE tadarthaM sarvvESAM dAsatvamaggIkRtavAn|
2e091400c7	yihUdIyAn yat pratipadyE tadarthaM yihUdIyAnAM kRtE yihUdIyaivAbhavaM| yE ca vyavasthAyattAstAn yat pratipadyE tadarthaM vyavasthAnAyattO yO'haM sO'haM vyavasthAyattAnAM kRtE vyavasthAyattaivAbhavaM|
2e091500b9	yE cAlabdhavyavasthAstAn yat pratipadyE tadartham Izvarasya sAkSAd alabdhavyavasthO na bhUtvA khrISTEna labdhavyavasthO yO'haM sO'ham alabdhavyavasthAnAM kRtE'labdhavyavastha ivAbhavaM|
2e091600c6	durbbalAn yat pratipadyE tadarthamahaM durbbalAnAM kRtE durbbalaivAbhavaM| itthaM kEnApi prakArENa katipayA lOkA yanmayA paritrANaM prApnuyustadarthaM yO yAdRza AsIt tasya kRtE 'haM tAdRzaivAbhavaM|
2e0917005b	idRza AcAraH susaMvAdArthaM mayA kriyatE yatO'haM tasya phalAnAM sahabhAgI bhavitumicchAmi|
2e091800a1	paNyalAbhArthaM yE dhAvanti dhAvatAM tESAM sarvvESAM kEvala EkaH paNyaM labhatE yuSmAbhiH kimEtanna jnjAyatE? atO yUyaM yathA paNyaM lapsyadhvE tathaiva dhAvata|
2e0919006a	mallA api sarvvabhOgE parimitabhOginO bhavanti tE tu mlAnAM srajaM lipsantE kintu vayam amlAnAM lipsAmahE|
2e091a0084	tasmAd ahamapi dhAvAmi kintu lakSyamanuddizya dhAvAmi tannahi| ahaM mallaiva yudhyAmi ca kintu chAyAmAghAtayanniva yudhyAmi tannahi|
2e091b0068	itarAn prati susaMvAdaM ghOSayitvAhaM yat svayamagrAhyO na bhavAmi tadarthaM dEham Ahanmi vazIkurvvE ca|
2e0a010093	hE bhrAtaraH, asmatpitRpuruSAnadhi yUyaM yadajnjAtA na tiSThatEti mama vAnjchA, tE sarvvE mEghAdhaHsthitA babhUvuH sarvvE samudramadhyEna vavrajuH,
2e0a020034	sarvvE mUsAmuddizya mEghasamudrayO rmajjitA babhUvuH
2e0a030041	sarvva Ekam AtmikaM bhakSyaM bubhujira Ekam AtmikaM pEyaM papuzca
2e0a040048	yatastE'nucarata AtmikAd acalAt labdhaM tOyaM papuH sO'calaH khrISTaEva|
2e0a05005a	tathA satyapi tESAM madhyE'dhikESu lOkESvIzvarO na santutOSEti hEtOstE prantarE nipAtitAH|
2e0a060084	Etasmin tE 'smAkaM nidarzanasvarUpA babhUvuH; atastE yathA kutsitAbhilASiNO babhUvurasmAbhistathA kutsitAbhilASibhi rna bhavitavyaM|
2e0a070095	likhitamAstE, lOkA bhOktuM pAtunjcOpavivizustataH krIPitumutthitA itayanEna prakArENa tESAM kaizcid yadvad dEvapUjA kRtA yuSmAbhistadvat na kriyatAM|
2e0a08008e	aparaM tESAM kaizcid yadvad vyabhicAraH kRtastEna caikasmin dinE trayOviMzatisahasrANi lOkA nipAtitAstadvad asmAbhi rvyabhicArO na karttavyaH|
2e0a09006f	tESAM kEcid yadvat khrISTaM parIkSitavantastasmAd bhujaggai rnaSTAzca tadvad asmAbhiH khrISTO na parIkSitavyaH|
2e0a0a006b	tESAM kEcid yathA vAkkalahaM kRtavantastatkAraNAt hantrA vinAzitAzca yuSmAbhistadvad vAkkalahO na kriyatAM|
2e0a0b007e	tAn prati yAnyEtAni jaghaTirE tAnyasmAkaM nidarzanAni jagataH zESayugE varttamAnAnAm asmAkaM zikSArthaM likhitAni ca babhUvuH|
2e0a0c0049	ataEva yaH kazcid susthiraMmanyaH sa yanna patEt tatra sAvadhAnO bhavatu|
2e0a0d00db	mAnuSikaparIkSAtiriktA kApi parIkSA yuSmAn nAkrAmat, Izvarazca vizvAsyaH sO'tizaktyAM parIkSAyAM patanAt yuSmAn rakSiSyati, parIkSA ca yad yuSmAbhiH sOPhuM zakyatE tadarthaM tayA saha nistArasya panthAnaM nirUpayiSyati|
2e0a0e002e	hE priyabhrAtaraH, dEvapUjAtO dUram apasarata|
2e0a0f004e	ahaM yuSmAn vijnjAn matvA prabhASE mayA yat kathyatE tad yuSmAbhi rvivicyatAM|
2e0a1000a8	yad dhanyavAdapAtram asmAbhi rdhanyaM gadyatE tat kiM khrISTasya zONitasya sahabhAgitvaM nahi? yazca pUpO'smAbhi rbhajyatE sa kiM khrISTasya vapuSaH sahabhAgitvaM nahi?
2e0a11006c	vayaM bahavaH santO'pyEkapUpasvarUpA EkavapuHsvarUpAzca bhavAmaH, yatO vayaM sarvva EkapUpasya sahabhAginaH|
2e0a120078	yUyaM zArIrikam isrAyElIyavaMzaM nirIkSadhvaM| yE balInAM mAMsAni bhunjjatE tE kiM yajnjavEdyAH sahabhAginO na bhavanti?
2e0a13005a	ityanEna mayA kiM kathyatE? dEvatA vAstavikI dEvatAyai balidAnaM vA vAstavikaM kiM bhavEt?
2e0a140099	tannahi kintu bhinnajAtibhi ryE balayO dIyantE ta IzvarAya tannahi bhUtEbhyaEva dIyantE tasmAd yUyaM yad bhUtAnAM sahabhAginO bhavathEtyahaM nAbhilaSAmi|
2e0a15008c	prabhOH kaMsEna bhUtAnAmapi kaMsEna pAnaM yuSmAbhirasAdhyaM; yUyaM prabhO rbhOjyasya bhUtAnAmapi bhOjyasya sahabhAginO bhavituM na zaknutha|
2e0a16003f	vayaM kiM prabhuM sparddhiSyAmahE? vayaM kiM tasmAd balavantaH?
2e0a170077	mAM prati sarvvaM karmmApratiSiddhaM kintu na sarvvaM hitajanakaM sarvvam apratiSiddhaM kintu na sarvvaM niSThAjanakaM|
2e0a180044	AtmahitaH kEnApi na cESTitavyaH kintu sarvvaiH parahitazcESTitavyaH|
2e0a19004a	ApaNE yat krayyaM tad yuSmAbhiH saMvEdasyArthaM kimapi na pRSTvA bhujyatAM
2e0a1a0037	yataH pRthivI tanmadhyasthanjca sarvvaM paramEzvarasya|
2e0a1b00a0	aparam avizvAsilOkAnAM kEnacit nimantritA yUyaM yadi tatra jigamiSatha tarhi tEna yad yad upasthApyatE tad yuSmAbhiH saMvEdasyArthaM kimapi na pRSTvA bhujyatAM|
2e0a1c00ca	kintu tatra yadi kazcid yuSmAn vadEt bhakSyamEtad dEvatAyAH prasAda iti tarhi tasya jnjApayituranurOdhAt saMvEdasyArthanjca tad yuSmAbhi rna bhOktavyaM| pRthivI tanmadhyasthanjca sarvvaM paramEzvarasya,
2e0a1d0047	satyamEtat, kintu mayA yaH saMvEdO nirddizyatE sa tava nahi parasyaiva|
2e0a1e0052	anugrahapAtrENa mayA dhanyavAdaM kRtvA yad bhujyatE tatkAraNAd ahaM kutO nindiSyE?
2e0a1f006d	tasmAd bhOjanaM pAnam anyadvA karmma kurvvadbhi ryuSmAbhiH sarvvamEvEzvarasya mahimnaH prakAzArthaM kriyatAM|
2e0a20005b	yihUdIyAnAM bhinnajAtIyAnAm Izvarasya samAjasya vA vighnajanakai ryuSmAbhi rna bhavitavyaM|
2e0a2100b7	ahamapyAtmahitam acESTamAnO bahUnAM paritrANArthaM tESAM hitaM cESTamAnaH sarvvaviSayE sarvvESAM tuSTikarO bhavAmItyanEnAhaM yadvat khrISTasyAnugAmI tadvad yUyaM mamAnugAminO bhavata|
2e0b01007a	hE bhrAtaraH, yUyaM sarvvasmin kAryyE mAM smaratha mayA ca yAdRgupadiSTAstAdRgAcarathaitatkAraNAt mayA prazaMsanIyA AdhbE|
2e0b020037	tathApi mamaiSA vAnjchA yad yUyamidam avagatA bhavatha,
2e0b030074	Ekaikasya puruSasyOttamAggasvarUpaH khrISTaH, yOSitazcOttamAggasvarUpaH pumAn, khrISTasya cOttamAggasvarUpa IzvaraH|
2e0b040071	aparam AcchAditOttamAggEna yEna puMsA prArthanA kriyata IzvarIyavANI kathyatE vA tEna svIyOttamAggam avajnjAyatE|
2e0b05008e	anAcchAditOttamAggayA yayA yOSitA ca prArthanA kriyata IzvarIyavANI kathyatE vA tayApi svIyOttamAggam avajnjAyatE yataH sA muNPitaziraHsadRzA|
2e0b06009b	anAcchAditamastakA yA yOSit tasyAH ziraH muNPanIyamEva kintu yOSitaH kEzacchEdanaM zirOmuNPanaM vA yadi lajjAjanakaM bhavEt tarhi tayA svazira AcchAdyatAM|
2e0b07007a	pumAn Izvarasya pratimUrttiH pratitEjaHsvarUpazca tasmAt tEna zirO nAcchAdanIyaM kintu sImantinI puMsaH pratibimbasvarUpA|
2e0b080036	yatO yOSAtaH pumAn nOdapAdi kintu puMsO yOSid udapAdi|
2e0b090059	adhikantu yOSitaH kRtE puMsaH sRSTi rna babhUva kintu puMsaH kRtE yOSitaH sRSTi rbabhUva|
2e0b0a004b	iti hEtO rdUtAnAm AdarAd yOSitA zirasyadhInatAsUcakam AvaraNaM dharttavyaM|
2e0b0b0055	tathApi prabhO rvidhinA pumAMsaM vinA yOSinna jAyatE yOSitanjca vinA pumAn na jAyatE|
2e0b0c005d	yatO yathA puMsO yOSid udapAdi tathA yOSitaH pumAn jAyatE, sarvvavastUni cEzvarAd utpadyantE|
2e0b0d004d	yuSmAbhirEvaitad vivicyatAM, anAvRtayA yOSitA prArthanaM kiM sudRzyaM bhavEt?
2e0b0e005d	puruSasya dIrghakEzatvaM tasya lajjAjanakaM, kintu yOSitO dIrghakEzatvaM tasyA gauravajanakaM
2e0b0f004c	yata AcchAdanAya tasyai kEzA dattA iti kiM yuSmAbhiH svabhAvatO na zikSyatE?
2e0b10005c	atra yadi kazcid vivaditum icchEt tarhyasmAkam IzvarIyasamitInAnjca tAdRzI rIti rna vidyatE|
2e0b110067	yuSmAbhi rna bhadrAya kintu kutsitAya samAgamyatE tasmAd EtAni bhASamANEna mayA yUyaM na prazaMsanIyAH|
2e0b120077	prathamataH samitau samAgatAnAM yuSmAkaM madhyE bhEdAH santIti vArttA mayA zrUyatE tanmadhyE kinjcit satyaM manyatE ca|
2e0b130059	yatO hEtO ryuSmanmadhyE yE parIkSitAstE yat prakAzyantE tadarthaM bhEdai rbhavitavyamEva|
2e0b140040	Ekatra samAgatai ryuSmAbhiH prabhAvaM bhEjyaM bhujyata iti nahi;
2e0b150083	yatO bhOjanakAlE yuSmAkamEkaikEna svakIyaM bhakSyaM tUrNaM grasyatE tasmAd EkO janO bubhukSitastiSThati, anyazca paritRptO bhavati|
2e0b1600d1	bhOjanapAnArthaM yuSmAkaM kiM vEzmAni na santi? yuSmAbhi rvA kim Izvarasya samitiM tucchIkRtya dInA lOkA avajnjAyantE? ityanEna mayA kiM vaktavyaM? yUyaM kiM mayA prazaMsanIyAH? Etasmin yUyaM na prazaMsanIyAH|
2e0b17003d	prabhutO ya upadEzO mayA labdhO yuSmAsu samarpitazca sa ESaH|
2e0b1800d4	parakarasamarpaNakSapAyAM prabhu ryIzuH pUpamAdAyEzvaraM dhanyaM vyAhRtya taM bhagktvA bhASitavAn yuSmAbhirEtad gRhyatAM bhujyatAnjca tad yuSmatkRtE bhagnaM mama zarIraM; mama smaraNArthaM yuSmAbhirEtat kriyatAM|
2e0b1900a9	punazca bhEjanAt paraM tathaiva kaMsam AdAya tEnOktaM kaMsO'yaM mama zONitEna sthApitO nUtananiyamaH; yativAraM yuSmAbhirEtat pIyatE tativAraM mama smaraNArthaM pIyatAM|
2e0b1a0075	yativAraM yuSmAbhirESa pUpO bhujyatE bhAjanEnAnEna pIyatE ca tativAraM prabhOrAgamanaM yAvat tasya mRtyuH prakAzyatE|
2e0b1b0087	aparanjca yaH kazcid ayOgyatvEna prabhOrimaM pUpam aznAti tasyAnEna bhAjanEna pivati ca sa prabhOH kAyarudhirayO rdaNPadAyI bhaviSyati|
2e0b1c0054	tasmAt mAnavEnAgra AtmAna parIkSya pazcAd ESa pUpO bhujyatAM kaMsEnAnEna ca pIyatAM|
2e0b1d0063	yEna cAnarhatvEna bhujyatE pIyatE ca prabhOH kAyam avimRzatA tEna daNPaprAptayE bhujyatE pIyatE ca|
2e0b1e0056	EtatkAraNAd yuSmAkaM bhUrizO lOkA durbbalA rOgiNazca santi bahavazca mahAnidrAM gatAH|
2e0b1f0039	asmAbhi ryadyAtmavicArO'kAriSyata tarhi daNPO nAlapsyata;
2e0b20007b	kintu yadAsmAkaM vicArO bhavati tadA vayaM jagatO janaiH samaM yad daNPaM na labhAmahE tadarthaM prabhunA zAstiM bhuMjmahE|
2e0b210048	hE mama bhrAtaraH, bhOjanArthaM militAnAM yuSmAkam EkEnEtarO'nugRhyatAM|
2e0b220093	yazca bubhukSitaH sa svagRhE bhugktAM| daNPaprAptayE yuSmAbhi rna samAgamyatAM| EtadbhinnaM yad AdESTavyaM tad yuSmatsamIpAgamanakAlE mayAdEkSyatE|
2e0c01004e	hE bhrAtaraH, yUyaM yad AtmikAn dAyAn anavagatAstiSThatha tadahaM nAbhilaSAmi|
2e0c02005c	pUrvvaM bhinnajAtIyA yUyaM yadvad vinItAstadvad avAkpratimAnAm anugAmina Adhbam iti jAnItha|
2e0c0300b8	iti hEtOrahaM yuSmabhyaM nivEdayAmi, IzvarasyAtmanA bhASamANaH kO'pi yIzuM zapta iti na vyAharati, punazca pavitrENAtmanA vinItaM vinAnyaH kO'pi yIzuM prabhuriti vyAharttuM na zaknOti|
2e0c04001d	dAyA bahuvidhAH kintvEka AtmA
2e0c05002b	paricaryyAzca bahuvidhAH kintvEkaH prabhuH|
2e0c06003f	sAdhanAni bahuvidhAni kintu sarvvESu sarvvasAdhaka Izvara EkaH|
2e0c070034	Ekaikasmai tasyAtmanO darzanaM parahitArthaM dIyatE|
2e0c08004f	Ekasmai tEnAtmanA jnjAnavAkyaM dIyatE, anyasmai tEnaivAtmanAdiSTaM vidyAvAkyam,
2e0c090049	anyasmai tEnaivAtmanA vizvAsaH, anyasmai tEnaivAtmanA svAsthyadAnazaktiH,
2e0c0a00b5	anyasmai duHsAdhyasAdhanazaktiranyasmai cEzvarIyAdEzaH, anyasmai cAtimAnuSikasyAdEzasya vicArasAmarthyam, anyasmai parabhASAbhASaNazaktiranyasmai ca bhASArthabhASaNasAmaryaM dIyatE|
2e0c0b0062	EkEnAdvitIyEnAtmanA yathAbhilASam Ekaikasmai janAyaikaikaM dAnaM vitaratA tAni sarvvANi sAdhyantE|
2e0c0c0080	dEha EkaH sannapi yadvad bahvaggayuktO bhavati, tasyaikasya vapuSO 'ggAnAM bahutvEna yadvad EkaM vapu rbhavati, tadvat khrISTaH|
2e0c0d0077	yatO hEtO ryihUdibhinnajAtIyadAsasvatantrA vayaM sarvvE majjanEnaikEnAtmanaikadEhIkRtAH sarvvE caikAtmabhuktA abhavAma|
2e0c0e002b	EkEnAggEna vapu rna bhavati kintu bahubhiH|
2e0c0f006f	tatra caraNaM yadi vadEt nAhaM hastastasmAt zarIrasya bhAgO nAsmIti tarhyanEna zarIrAt tasya viyOgO na bhavati|
2e0c10006b	zrOtraM vA yadi vadEt nAhaM nayanaM tasmAt zarIrasyAMzO nAsmIti tarhyanEna zarIrAt tasya viyOgO na bhavati|
2e0c11009f	kRtsnaM zarIraM yadi darzanEndriyaM bhavEt tarhi zravaNEndriyaM kutra sthAsyati? tat kRtsnaM yadi vA zravaNEndriyaM bhavEt tarhi ghraNEndriyaM kutra sthAsyati?
2e0c120056	kintvidAnIm IzvarENa yathAbhilaSitaM tathaivAggapratyaggAnAm EkaikaM zarIrE sthApitaM|
2e0c13003f	tat kRtsnaM yadyEkAggarUpi bhavEt tarhi zarIrE kutra sthAsyati?
2e0c14002d	tasmAd aggAni bahUni santi zarIraM tvEkamEva|
2e0c150099	ataEva tvayA mama prayOjanaM nAstIti vAcaM pANiM vadituM nayanaM na zaknOti, tathA yuvAbhyAM mama prayOjanaM nAstIti mUrddhA caraNau vadituM na zaknOtiH;
2e0c16005a	vastutastu vigrahasya yAnyaggAnyasmAbhi rdurbbalAni budhyantE tAnyEva saprayOjanAni santi|
2e0c170074	yAni ca zarIramadhyE'vamanyAni budhyatE tAnyasmAbhiradhikaM zObhyantE| yAni ca kudRzyAni tAni sudRzyatarANi kriyantE
2e0c180039	kintu yAni svayaM sudRzyAni tESAM zObhanam niSprayOjanaM|
2e0c1900a1	zarIramadhyE yad bhEdO na bhavEt kintu sarvvANyaggAni yad aikyabhAvEna sarvvESAM hitaM cintayanti tadartham IzvarENApradhAnam AdaraNIyaM kRtvA zarIraM viracitaM|
2e0c1a007e	tasmAd EkasyAggasya pIPAyAM jAtAyAM sarvvANyaggAni tEna saha pIPyantE, Ekasya samAdarE jAtE ca sarvvANi tEna saha saMhRSyanti|
2e0c1b0043	yUyanjca khrISTasya zarIraM, yuSmAkam Ekaikazca tasyaikaikam aggaM|
2e0c1c00fe	kEcit kEcit samitAvIzvarENa prathamataH prEritA dvitIyata IzvarIyAdEzavaktArastRtIyata upadESTArO niyuktAH, tataH paraM kEbhyO'pi citrakAryyasAdhanasAmarthyam anAmayakaraNazaktirupakRtau lOkazAsanE vA naipuNyaM nAnAbhASAbhASaNasAmarthyaM vA tEna vyatAri|
2e0c1d006d	sarvvE kiM prEritAH? sarvvE kim IzvarIyAdEzavaktAraH? sarvvE kim upadESTAraH? sarvvE kiM citrakAryyasAdhakAH?
2e0c1e0068	sarvvE kim anAmayakaraNazaktiyuktAH? sarvvE kiM parabhASAvAdinaH? sarvvE vA kiM parabhASArthaprakAzakAH?
2e0c1f0057	yUyaM zrESThadAyAn labdhuM yatadhvaM| anEna yUyaM mayA sarvvOttamamArgaM darzayitavyAH|
2e0d010078	martyasvargIyANAM bhASA bhASamANO'haM yadi prEmahInO bhavEyaM tarhi vAdakatAlasvarUpO ninAdakAribhErIsvarUpazca bhavAmi|
2e0d0200c9	aparanjca yadyaham IzvarIyAdEzAPhyaH syAM sarvvANi guptavAkyAni sarvvavidyAnjca jAnIyAM pUrNavizvAsaH san zailAn sthAnAntarIkarttuM zaknuyAnjca kintu yadi prEmahInO bhavEyaM tarhyagaNanIya Eva bhavAmi|
2e0d03009e	aparaM yadyaham annadAnEna sarvvasvaM tyajEyaM dAhanAya svazarIraM samarpayEyanjca kintu yadi prEmahInO bhavEyaM tarhi tatsarvvaM madarthaM niSphalaM bhavati|
2e0d040044	prEma cirasahiSNu hitaiSi ca, prEma nirdvESam azaThaM nirgarvvanjca|
2e0d05005f	aparaM tat kutsitaM nAcarati, AtmacESTAM na kurutE sahasA na krudhyati parAniSTaM na cintayati,
2e0d060029	adharmmE na tuSyati satya Eva santuSyati|
2e0d070059	tat sarvvaM titikSatE sarvvatra vizvasiti sarvvatra bhadraM pratIkSatE sarvvaM sahatE ca|
2e0d08007a	prEmnO lOpaH kadApi na bhaviSyati, IzvarIyAdEzakathanaM lOpsyatE parabhASAbhASaNaM nivarttiSyatE jnjAnamapi lOpaM yAsyati|
2e0d090046	yatO'smAkaM jnjAnaM khaNPamAtram IzvarIyAdEzakathanamapi khaNPamAtraM|
2e0d0a003f	kintvasmAsu siddhatAM gatESu tAni khaNPamAtrANi lOpaM yAsyantE|
2e0d0b0069	bAlyakAlE'haM bAla ivAbhASE bAla ivAcintayanjca kintu yauvanE jAtE tatsarvvaM bAlyAcaraNaM parityaktavAn|
2e0d0c00af	idAnIm abhramadhyEnAspaSTaM darzanam asmAbhi rlabhyatE kintu tadA sAkSAt darzanaM lapsyatE| adhunA mama jnjAnam alpiSThaM kintu tadAhaM yathAvagamyastathaivAvagatO bhaviSyAmi|
2e0d0d0057	idAnIM pratyayaH pratyAzA prEma ca trINyEtAni tiSThanti tESAM madhyE ca prEma zrESThaM|
2e0e01006a	yUyaM prEmAcaraNE prayatadhvam AtmikAn dAyAnapi vizESata IzvarIyAdEzakathanasAmarthyaM prAptuM cESTadhvaM|
2e0e020089	yO janaH parabhASAM bhASatE sa mAnuSAn na sambhASatE kintvIzvaramEva yataH kEnApi kimapi na budhyatE sa cAtmanA nigUPhavAkyAni kathayati;
2e0e03005f	kintu yO jana IzvarIyAdEzaM kathayati sa parESAM niSThAyai hitOpadEzAya sAntvanAyai ca bhASatE|
2e0e040058	parabhASAvAdyAtmana Eva niSThAM janayati kintvIzvarIyAdEzavAdI samitE rniSThAM janayati|
2e0e0500c6	yuSmAkaM sarvvESAM parabhASAbhASaNam icchAmyahaM kintvIzvarIyAdEzakathanam adhikamapIcchAmi| yataH samitE rniSThAyai yEna svavAkyAnAm arthO na kriyatE tasmAt parabhASAvAdita IzvarIyAdEzavAdI zrEyAn|
2e0e0600bd	hE bhrAtaraH, idAnIM mayA yadi yuSmatsamIpaM gamyatE tarhIzvarIyadarzanasya jnjAnasya vEzvarIyAdEzasya vA zikSAyA vA vAkyAni na bhASitvA parabhASAM bhASamANEna mayA yUyaM kimupakAriSyadhvE?
2e0e070093	aparaM vaMzIvallakyAdiSu niSprANiSu vAdyayantrESu vAditESu yadi kkaNA na viziSyantE tarhi kiM vAdyaM kiM vA gAnaM bhavati tat kEna bOddhuM zakyatE?
2e0e08004b	aparaM raNatUryyA nisvaNO yadyavyaktO bhavEt tarhi yuddhAya kaH sajjiSyatE?
2e0e090086	tadvat jihvAbhi ryadi sugamyA vAk yuSmAbhi rna gadyEta tarhi yad gadyatE tat kEna bhOtsyatE? vastutO yUyaM digAlApina iva bhaviSyatha|
2e0e0a003f	jagati katiprakArA uktayO vidyantE? tAsAmEkApi nirarthikA nahi;
2e0e0b006b	kintUktErarthO yadi mayA na budhyatE tarhyahaM vaktrA mlEccha iva maMsyE vaktApi mayA mlEccha iva maMsyatE|
2e0e0c0055	tasmAd AtmikadAyalipsavO yUyaM samitE rniSThArthaM prAptabahuvarA bhavituM yatadhvaM,
2e0e0d003e	ataEva parabhASAvAdI yad arthakarO'pi bhavEt tat prArthayatAM|
2e0e0e006c	yadyahaM parabhASayA prarthanAM kuryyAM tarhi madIya AtmA prArthayatE, kintu mama buddhi rniSphalA tiSThati|
2e0e0f0071	ityanEna kiM karaNIyaM? aham AtmanA prArthayiSyE buddhyApi prArthayiSyE; aparaM AtmanA gAsyAmi buddhyApi gAsyAmi|
2e0e1000a6	tvaM yadAtmanA dhanyavAdaM karOSi tadA yad vadasi tad yadi ziSyEnEvOpasthitEna janEna na buddhyatE tarhi tava dhanyavAdasyAntE tathAstviti tEna vaktaM kathaM zakyatE?
2e0e110054	tvaM samyag IzvaraM dhanyaM vadasIti satyaM tathApi tatra parasya niSThA na bhavati|
2e0e120057	yuSmAkaM sarvvEbhyO'haM parabhASAbhASaNE samarthO'smIti kAraNAd IzvaraM dhanyaM vadAmi;
2e0e130067	tathApi samitau parOpadEzArthaM mayA kathitAni panjca vAkyAni varaM na ca lakSaM parabhASIyAni vAkyAni|
2e0e140069	hE bhrAtaraH, yUyaM buddhyA bAlakAiva mA bhUta parantu duSTatayA zizavaiva bhUtvA buddhyA siddhA bhavata|
2e0e1500aa	zAstra idaM likhitamAstE, yathA, ityavOcat parEzO'ham AbhASiSya imAn janAn| bhASAbhiH parakIyAbhi rvaktraizca paradEzibhiH| tathA mayA kRtE'pImE na grahISyanti madvacaH||
2e0e16009f	ataEva tat parabhASAbhASaNaM avizcAsinaH prati cihnarUpaM bhavati na ca vizvAsinaH prati; kintvIzvarIyAdEzakathanaM nAvizvAsinaH prati tad vizvAsinaH pratyEva|
2e0e17009d	samitibhuktESu sarvvESu Ekasmin sthAnE militvA parabhASAM bhASamANESu yadi jnjAnAkAgkSiNO'vizvAsinO vA tatrAgacchEyustarhi yuSmAn unmattAn kiM na vadiSyanti?
2e0e180091	kintu sarvvESvIzvarIyAdEzaM prakAzayatsu yadyavizvAsI jnjAnAkAgkSI vA kazcit tatrAgacchati tarhi sarvvairEva tasya pApajnjAnaM parIkSA ca jAyatE,
2e0e190096	tatastasyAntaHkaraNasya guptakalpanAsu vyaktIbhUtAsu sO'dhOmukhaH patan IzvaramArAdhya yuSmanmadhya IzvarO vidyatE iti satyaM kathAmEtAM kathayiSyati|
2e0e1a00be	hE bhrAtaraH, sammilitAnAM yuSmAkam EkEna gItam anyEnOpadEzO'nyEna parabhASAnyEna aizvarikadarzanam anyEnArthabOdhakaM vAkyaM labhyatE kimEtat? sarvvamEva paraniSThArthaM yuSmAbhiH kriyatAM|
2e0e1b00b6	yadi kazcid bhASAntaraM vivakSati tarhyEkasmin dinE dvijanEna trijanEna vA parabhASA kathyatAM tadadhikairna kathyatAM tairapi paryyAyAnusArAt kathyatAM, EkEna ca tadarthO bOdhyatAM|
2e0e1c0070	kintvarthAbhidhAyakaH kO'pi yadi na vidyatE tarhi sa samitau vAcaMyamaH sthitvEzvarAyAtmanE ca kathAM kathayatu|
2e0e1d005e	aparaM dvau trayO vEzvarIyAdEzavaktAraH svaM svamAdEzaM kathayantu tadanyE ca taM vicArayantu|
2e0e1e0056	kintu tatrAparENa kEnacit janEnEzvarIyAdEzE labdhE prathamEna kathanAt nivarttitavyaM|
2e0e1f006a	sarvvE yat zikSAM sAntvanAnjca labhantE tadarthaM yUyaM sarvvE paryyAyENEzvarIyAdEzaM kathayituM zaknutha|
2e0e200035	IzvarIyAdEzavaktRNAM manAMsi tESAm adhInAni bhavanti|
2e0e21005e	yata IzvaraH kuzAsanajanakO nahi suzAsanajanaka EvEti pavitralOkAnAM sarvvasamitiSu prakAzatE|
2e0e220093	aparanjca yuSmAkaM vanitAH samitiSu tUSNImbhUtAstiSThantu yataH zAstralikhitEna vidhinA tAH kathApracAraNAt nivAritAstAbhi rnighrAbhi rbhavitavyaM|
2e0e230070	atastA yadi kimapi jijnjAsantE tarhi gEhESu patIn pRcchantu yataH samitimadhyE yOSitAM kathAkathanaM nindanIyaM|
2e0e24004b	aizvaraM vacaH kiM yuSmattO niragamata? kEvalaM yuSmAn vA tat kim upAgataM?
2e0e25008b	yaH kazcid AtmAnam IzvarIyAdEzavaktAram AtmanAviSTaM vA manyatE sa yuSmAn prati mayA yad yat likhyatE tatprabhunAjnjApitam ItyurarI karOtu|
2e0e260034	kintu yaH kazcit ajnjO bhavati sO'jnja Eva tiSThatu|
2e0e270079	ataEva hE bhrAtaraH, yUyam IzvarIyAdEzakathanasAmarthyaM labdhuM yatadhvaM parabhASAbhASaNamapi yuSmAbhi rna nivAryyatAM|
2e0e280038	sarvvakarmmANi ca vidhyanusArataH suparipATyA kriyantAM|
2e0f01007d	hE bhrAtaraH, yaH susaMvAdO mayA yuSmatsamIpE nivEditO yUyanjca yaM gRhItavanta Azritavantazca taM puna ryuSmAn vijnjApayAmi|
2e0f020081	yuSmAkaM vizvAsO yadi vitathO na bhavEt tarhi susaMvAdayuktAni mama vAkyAni smaratAM yuSmAkaM tEna susaMvAdEna paritrANaM jAyatE|
2e0f030091	yatO'haM yad yat jnjApitastadanusArAt yuSmAsu mukhyAM yAM zikSAM samArpayaM sEyaM, zAstrAnusArAt khrISTO'smAkaM pApamOcanArthaM prANAn tyaktavAn,
2e0f04003d	zmazAnE sthApitazca tRtIyadinE zAstrAnusArAt punarutthApitaH|
2e0f050040	sa cAgrE kaiphai tataH paraM dvAdazaziSyEbhyO darzanaM dattavAn|
2e0f060085	tataH paraM panjcazatAdhikasaMkhyakEbhyO bhrAtRbhyO yugapad darzanaM dattavAn tESAM kEcit mahAnidrAM gatA bahutarAzcAdyApi varttantE|
2e0f07004a	tadanantaraM yAkUbAya tatpazcAt sarvvEbhyaH prEritEbhyO darzanaM dattavAn|
2e0f080044	sarvvazESE'kAlajAtatulyO yO'haM, sO'hamapi tasya darzanaM prAptavAn|
2e0f090074	Izvarasya samitiM prati daurAtmyAcaraNAd ahaM prEritanAma dharttum ayOgyastasmAt prEritAnAM madhyE kSudratamazcAsmi|
2e0f0a00c8	yAdRzO'smi tAdRza IzvarasyAnugrahENaivAsmi; aparaM mAM prati tasyAnugrahO niSphalO nAbhavat, anyEbhyaH sarvvEbhyO mayAdhikaH zramaH kRtaH, kintu sa mayA kRtastannahi matsahakAriNEzvarasyAnugrahENaiva|
2e0f0b0065	ataEva mayA bhavEt tai rvA bhavEt asmAbhistAdRzI vArttA ghOSyatE saiva ca yuSmAbhi rvizvAsEna gRhItA|
2e0f0c008e	mRtyudazAtaH khrISTa utthApita iti vArttA yadi tamadhi ghOSyatE tarhi mRtalOkAnAm utthiti rnAstIti vAg yuSmAkaM madhyE kaizcit kutaH kathyatE?
2e0f0d003c	mRtAnAm utthiti ryadi na bhavEt tarhi khrISTO'pi nOtthApitaH
2e0f0e005d	khrISTazca yadyanutthApitaH syAt tarhyasmAkaM ghOSaNaM vitathaM yuSmAkaM vizvAsO'pi vitathaH|
2e0f0f00aa	vayanjcEzvarasya mRSAsAkSiNO bhavAmaH, yataH khrISTa stEnOtthApitaH iti sAkSyam asmAbhirIzvaramadhi dattaM kintu mRtAnAmutthiti ryadi na bhavEt tarhi sa tEna nOtthApitaH|
2e0f10004b	yatO mRtAnAmutthiti ryati na bhavEt tarhi khrISTO'pyutthApitatvaM na gataH|
2e0f110069	khrISTasya yadyanutthApitaH syAt tarhi yuSmAkaM vizvAsO vitathaH, yUyam adyApi svapApESu magnAstiSThatha|
2e0f120040	aparaM khrISTAzritA yE mAnavA mahAnidrAM gatAstE'pi nAzaM gatAH|
2e0f130063	khrISTO yadi kEvalamihalOkE 'smAkaM pratyAzAbhUmiH syAt tarhi sarvvamartyEbhyO vayamEva durbhAgyAH|
2e0f14005a	idAnIM khrISTO mRtyudazAta utthApitO mahAnidrAgatAnAM madhyE prathamaphalasvarUpO jAtazca|
2e0f150063	yatO yadvat mAnuSadvArA mRtyuH prAdurbhUtastadvat mAnuSadvArA mRtAnAM punarutthitirapi pradurbhUtA|
2e0f160048	AdamA yathA sarvvE maraNAdhInA jAtAstathA khrISTEna sarvvE jIvayiSyantE|
2e0f170094	kintvEkaikEna janEna nijE nijE paryyAya utthAtavyaM prathamataH prathamajAtaphalasvarUpEna khrISTEna, dvitIyatastasyAgamanasamayE khrISTasya lOkaiH|
2e0f180080	tataH param antO bhaviSyati tadAnIM sa sarvvaM zAsanam adhipatitvaM parAkramanjca luptvA svapitarIzvarE rAjatvaM samarpayiSyati|
2e0f19006e	yataH khrISTasya ripavaH sarvvE yAvat tEna svapAdayOradhO na nipAtayiSyantE tAvat tEnaiva rAjatvaM karttavyaM|
2e0f1a002a	tEna vijEtavyO yaH zESaripuH sa mRtyurEva|
2e0f1b00ab	likhitamAstE sarvvANi tasya pAdayO rvazIkRtAni| kintu sarvvANyEva tasya vazIkRtAnItyuktE sati sarvvANi yEna tasya vazIkRtAni sa svayaM tasya vazIbhUtO na jAta iti vyaktaM|
2e0f1c0094	sarvvESu tasya vazIbhUtESu sarvvANi yEna putrasya vazIkRtAni svayaM putrO'pi tasya vazIbhUtO bhaviSyati tata IzvaraH sarvvESu sarvva Eva bhaviSyati|
2e0f1d00ae	aparaM parEtalOkAnAM vinimayEna yE majjyantE taiH kiM lapsyatE? yESAM parEtalOkAnAm utthitiH kEnApi prakArENa na bhaviSyati tESAM vinimayEna kutO majjanamapi tairaggIkriyatE?
2e0f1e0034	vayamapi kutaH pratidaNPaM prANabhItim aggIkurmmahE?
2e0f1f0075	asmatprabhunA yIzukhrISTEna yuSmattO mama yA zlAghAstE tasyAH zapathaM kRtvA kathayAmi dinE dinE'haM mRtyuM gacchAmi|
2e0f2000bc	iphiSanagarE vanyapazubhiH sArddhaM yadi laukikabhAvAt mayA yuddhaM kRtaM tarhi tEna mama kO lAbhaH? mRtAnAm utthiti ryadi na bhavEt tarhi, kurmmO bhOjanapAnE'dya zvastu mRtyu rbhaviSyati|
2e0f21004b	ityanEna dharmmAt mA bhraMzadhvaM| kusaMsargENa lOkAnAM sadAcArO vinazyati|
2e0f220094	yUyaM yathOcitaM sacaitanyAstiSThata, pApaM mA kurudhvaM, yatO yuSmAkaM madhya IzvarIyajnjAnahInAH kE'pi vidyantE yuSmAkaM trapAyai mayEdaM gadyatE|
2e0f230067	aparaM mRtalOkAH katham utthAsyanti? kIdRzaM vA zarIraM labdhvA punarESyantIti vAkyaM kazcit prakSyati|
2e0f240049	hE ajnja tvayA yad bIjam upyatE tad yadi na mriyEta tarhi na jIvayiSyatE|
2e0f250073	yayA mUrttyA nirgantavyaM sA tvayA nOpyatE kintu zuSkaM bIjamEva; tacca gOdhUmAdInAM kimapi bIjaM bhavituM zaknOti|
2e0f26005c	IzvarENEva yathAbhilASaM tasmai mUrtti rdIyatE, Ekaikasmai bIjAya svA svA mUrttirEva dIyatE|
2e0f27005e	sarvvANi palalAni naikavidhAni santi, manuSyapazupakSimatsyAdInAM bhinnarUpANi palalAni santi|
2e0f28007e	aparaM svargIyA mUrttayaH pArthivA mUrttayazca vidyantE kintu svargIyAnAm EkarUpaM tEjaH pArthivAnAnjca tadanyarUpaM tEjO'sti|
2e0f29007d	sUryyasya tEja EkavidhaM candrasya tEjastadanyavidhaM tArANAnjca tEjO'nyavidhaM, tArANAM madhyE'pi tEjasastAratamyaM vidyatE|
2e0f2a0077	tatra likhitamAstE yathA, ‘AdipuruSa Adam jIvatprANI babhUva, ` kintvantima Adam (khrISTO) jIvanadAyaka AtmA babhUva|
2e0f2b0070	yad upyatE tat tucchaM yaccOtthAsyati tad gauravAnvitaM; yad upyatE tannirbbalaM yaccOtthAsyati tat zaktiyuktaM|
2e0f2c009c	yat zarIram upyatE tat prANAnAM sadma, yacca zarIram utthAsyati tad AtmanaH sadma| prANasadmasvarUpaM zarIraM vidyatE, AtmasadmasvarUpamapi zarIraM vidyatE|
2e0f2d0072	tatra likhitamAstE yathA, AdipuruSa Adam jIvatprANI babhUva, kintvantima Adam (khrISTO) jIvanadAyaka AtmA babhUva|
2e0f2e003f	Atmasadma na prathamaM kintu prANasadmaiva tatpazcAd Atmasadma|
2e0f2f0050	AdyaH puruSE mRda utpannatvAt mRNmayO dvitIyazca puruSaH svargAd AgataH prabhuH|
2e0f30006c	mRNmayO yAdRza AsIt mRNmayAH sarvvE tAdRzA bhavanti svargIyazca yAdRzO'sti svargIyAH sarvvE tAdRzA bhavanti|
2e0f310053	mRNmayasya rUpaM yadvad asmAbhi rdhAritaM tadvat svargIyasya rUpamapi dhArayiSyatE|
2e0f32008c	hE bhrAtaraH, yuSmAn prati vyAharAmi, Izvarasya rAjyE raktamAMsayOradhikArO bhavituM na zaknOti, akSayatvE ca kSayasyAdhikArO na bhaviSyati|
2e0f330031	pazyatAhaM yuSmabhyaM nigUPhAM kathAM nivEdayAmi|
2e0f3400dd	sarvvairasmAbhi rmahAnidrA na gamiSyatE kintvantimadinE tUryyAM vAditAyAm Ekasmin vipalE nimiSaikamadhyE sarvvai rUpAntaraM gamiSyatE, yatastUrI vAdiSyatE, mRtalOkAzcAkSayIbhUtA utthAsyanti vayanjca rUpAntaraM gamiSyAmaH|
2e0f350069	yataH kSayaNIyEnaitEna zarIrENAkSayatvaM parihitavyaM, maraNAdhInEnaitEna dEhEna cAmaratvaM parihitavyaM|
2e0f360097	Etasmin kSayaNIyE zarIrE 'kSayatvaM gatE, Etasman maraNAdhInE dEhE cAmaratvaM gatE zAstrE likhitaM vacanamidaM sEtsyati, yathA, jayEna grasyatE mRtyuH|
2e0f37002f	mRtyO tE kaNTakaM kutra paralOka jayaH kka tE||
2e0f380034	mRtyOH kaNTakaM pApamEva pApasya ca balaM vyavasthA|
2e0f39005b	Izvarazca dhanyO bhavatu yataH sO'smAkaM prabhunA yIzukhrISTEnAsmAn jayayuktAn vidhApayati|
2e0f3a00a6	atO hE mama priyabhrAtaraH; yUyaM susthirA nizcalAzca bhavata prabhOH sEvAyAM yuSmAkaM parizramO niSphalO na bhaviSyatIti jnjAtvA prabhOH kAryyE sadA tatparA bhavata|
2e1001006d	pavitralOkAnAM kRtE yO'rthasaMgrahastamadhi gAlAtIyadEzasya samAjA mayA yad AdiSTAstad yuSmAbhirapi kriyatAM|
2e100200a2	mamAgamanakAlE yad arthasaMgrahO na bhavEt tannimittaM yuSmAkamEkaikEna svasampadAnusArAt sanjcayaM kRtvA saptAhasya prathamadivasE svasamIpE kinjcit nikSipyatAM|
2e10030092	tatO mamAgamanasamayE yUyaM yAnEva vizvAsyA iti vEdiSyatha tEbhyO'haM patrANi dattvA yuSmAkaM taddAnasya yirUzAlamaM nayanArthaM tAn prESayiSyAmi|
2e1004004a	kintu yadi tatra mamApi gamanam ucitaM bhavEt tarhi tE mayA saha yAsyanti|
2e10050050	sAmprataM mAkidaniyAdEzamahaM paryyaTAmi taM paryyaTya yuSmatsamIpam AgamiSyAmi|
2e10060093	anantaraM kiM jAnAmi yuSmatsannidhim avasthAsyE zItakAlamapi yApayiSyAmi ca pazcAt mama yat sthAnaM gantavyaM tatraiva yuSmAbhirahaM prErayitavyaH|
2e1007008d	yatO'haM yAtrAkAlE kSaNamAtraM yuSmAn draSTuM nEcchAmi kintu prabhu ryadyanujAnIyAt tarhi kinjcid dIrghakAlaM yuSmatsamIpE pravastum icchAmi|
2e1008004d	tathApi nistArOtsavAt paraM panjcAzattamadinaM yAvad iphiSapuryyAM sthAsyAmi|
2e10090059	yasmAd atra kAryyasAdhanArthaM mamAntikE bRhad dvAraM muktaM bahavO vipakSA api vidyantE|
2e100a00a9	timathi ryadi yuSmAkaM samIpam AgacchEt tarhi yEna nirbhayaM yuSmanmadhyE varttEta tatra yuSmAbhi rmanO nidhIyatAM yasmAd ahaM yAdRk sO'pi tAdRk prabhOH karmmaNE yatatE|
2e100b0099	kO'pi taM pratyanAdaraM na karOtu kintu sa mamAntikaM yad AgantuM zaknuyAt tadarthaM yuSmAbhiH sakuzalaM prESyatAM| bhrAtRbhiH sArddhamahaM taM pratIkSE|
2e100c00d4	ApalluM bhrAtaramadhyahaM nivEdayAmi bhrAtRbhiH sAkaM sO'pi yad yuSmAkaM samIpaM vrajEt tadarthaM mayA sa punaH punaryAcitaH kintvidAnIM gamanaM sarvvathA tasmai nArOcata, itaHparaM susamayaM prApya sa gamiSyati|
2e100d004d	yUyaM jAgRta vizvAsE susthirA bhavata pauruSaM prakAzayata balavantO bhavata|
2e100e0030	yuSmAbhiH sarvvANi karmmANi prEmnA niSpAdyantAM|
2e100f00b2	hE bhrAtaraH, ahaM yuSmAn idam abhiyAcE stiphAnasya parijanA AkhAyAdEzasya prathamajAtaphalasvarUpAH, pavitralOkAnAM paricaryyAyai ca ta AtmanO nyavEdayan iti yuSmAbhi rjnjAyatE|
2e10100052	atO yUyamapi tAdRzalOkAnAm asmatsahAyAnAM zramakAriNAnjca sarvvESAM vazyA bhavata|
2e10110070	stiphAnaH pharttUnAta AkhAyikazca yad atrAgaman tEnAham AnandAmi yatO yuSmAbhiryat nyUnitaM tat taiH sampUritaM|
2e10120053	tai ryuSmAkaM mama ca manAMsyApyAyitAni| tasmAt tAdRzA lOkA yuSmAbhiH sammantavyAH|
2e10130070	yuSmabhyam AziyAdEzasthasamAjAnAM namaskRtim AkkilapriskillayOstanmaNPapasthasamitEzca bahunamaskRtiM prajAnIta|
2e1014004b	sarvvE bhrAtarO yuSmAn namaskurvvantE| yUyaM pavitracumbanEna mithO namata|
2e10150033	paulO'haM svakaralikhitaM namaskRtiM yuSmAn vEdayE|
2e1016004b	yadi kazcid yIzukhrISTE na prIyatE tarhi sa zApagrastO bhavEt prabhurAyAti|
2e1017003a	asmAkaM prabhO ryIzukhrISTasyAnugrahO yuSmAn prati bhUyAt|
2e1018003e	khrISTaM yIzum AzritAn yuSmAn prati mama prEma tiSThatu| iti||
2f0000000d	2 karinthinaH
2f010100b3	IzvarasyEcchayA yIzukhrISTasya prEritaH paulastimathirbhrAtA ca dvAvEtau karinthanagarasthAyai IzvarIyasamitaya AkhAyAdEzasthEbhyaH sarvvEbhyaH pavitralOkEbhyazca patraM likhataH|
2f01020054	asmAkaM tAtasyEzvarasya prabhOryIzukhrISTasya cAnugrahaH zAntizca yuSmAsu varttatAM|
2f01030064	kRpAluH pitA sarvvasAntvanAkArIzvarazca yO'smatprabhOryIzukhrISTasya tAta IzvaraH sa dhanyO bhavatu|
2f0104009d	yatO vayam IzvarAt sAntvanAM prApya tayA sAntvanayA yat sarvvavidhakliSTAn lOkAn sAntvayituM zaknuyAma tadarthaM sO'smAkaM sarvvaklEzasamayE'smAn sAntvayati|
2f0105006c	yataH khrISTasya klEzA yadvad bAhulyEnAsmAsu varttantE tadvad vayaM khrISTEna bahusAntvanAPhyA api bhavAmaH|
2f010600d5	vayaM yadi klizyAmahE tarhi yuSmAkaM sAntvanAparitrANayOH kRtE klizyAmahE yatO'smAbhi ryAdRzAni duHkhAni sahyantE yuSmAkaM tAdRzaduHkhAnAM sahanEna tau sAdhayiSyEtE ityasmin yuSmAnadhi mama dRPhA pratyAzA bhavati|
2f010700c1	yadi vA vayaM sAntvanAM labhAmahE tarhi yuSmAkaM sAntvanAparitrANayOH kRtE tAmapi labhAmahE| yatO yUyaM yAdRg duHkhAnAM bhAginO'bhavata tAdRk sAntvanAyA api bhAginO bhaviSyathEti vayaM jAnImaH|
2f010800b8	hE bhrAtaraH, AziyAdEzE yaH klEzO'smAn AkrAmyat taM yUyaM yad anavagatAstiSThata tanmayA bhadraM na manyatE| tEnAtizaktiklEzEna vayamatIva pIPitAstasmAt jIvanarakSaNE nirupAyA jAtAzca,
2f0109008e	atO vayaM svESu na vizvasya mRtalOkAnAm utthApayitarIzvarE yad vizvAsaM kurmmastadartham asmAbhiH prANadaNPO bhOktavya iti svamanasi nizcitaM|
2f010a007c	EtAdRzabhayagkarAt mRtyO ryO 'smAn atrAyatEdAnImapi trAyatE sa itaH paramapyasmAn trAsyatE 'smAkam EtAdRzI pratyAzA vidyatE|
2f010b00a6	EtadarthamasmatkRtE prArthanayA vayaM yuSmAbhirupakarttavyAstathA kRtE bahubhi ryAcitO yO'nugrahO'smAsu varttiSyatE tatkRtE bahubhirIzvarasya dhanyavAdO'pi kAriSyatE|
2f010c00c3	aparanjca saMsAramadhyE vizESatO yuSmanmadhyE vayaM sAMsArikyA dhiyA nahi kintvIzvarasyAnugrahENAkuTilatAm IzvarIyasAralyanjcAcaritavantO'trAsmAkaM manO yat pramANaM dadAti tEna vayaM zlAghAmahE|
2f010d008a	yuSmAbhi ryad yat paThyatE gRhyatE ca tadanyat kimapi yuSmabhyam asmAbhi rna likhyatE taccAntaM yAvad yuSmAbhi rgrahISyata ityasmAkam AzA|
2f010e009a	yUyamitaH pUrvvamapyasmAn aMzatO gRhItavantaH, yataH prabhO ryIzukhrISTasya dinE yadvad yuSmAsvasmAkaM zlAghA tadvad asmAsu yuSmAkamapi zlAghA bhaviSyati|
2f010f0067	aparaM yUyaM yad dvitIyaM varaM labhadhvE tadarthamitaH pUrvvaM tayA pratyAzayA yuSmatsamIpaM gamiSyAmi
2f0110008b	yuSmaddEzEna mAkidaniyAdEzaM vrajitvA punastasmAt mAkidaniyAdEzAt yuSmatsamIpam Etya yuSmAbhi ryihUdAdEzaM prESayiSyE cEti mama vAnjchAsIt|
2f01110083	EtAdRzI mantraNA mayA kiM cAnjcalyEna kRtA? yad yad ahaM mantrayE tat kiM viSayilOkaiva mantrayANa Adau svIkRtya pazcAd asvIkurvvE?
2f0112006d	yuSmAn prati mayA kathitAni vAkyAnyagrE svIkRtAni zESE'svIkRtAni nAbhavan EtEnEzvarasya vizvastatA prakAzatE|
2f0113009a	mayA silvAnEna timathinA cEzvarasya putrO yO yIzukhrISTO yuSmanmadhyE ghOSitaH sa tEna svIkRtaH punarasvIkRtazca tannahi kintu sa tasya svIkArasvarUpaEva|
2f0114007d	Izvarasya mahimA yad asmAbhiH prakAzEta tadartham IzvarENa yad yat pratijnjAtaM tatsarvvaM khrISTEna svIkRtaM satyIbhUtanjca|
2f01150042	yuSmAn asmAMzcAbhiSicya yaH khrISTE sthAsnUn karOti sa Izvara Eva|
2f01160064	sa cAsmAn mudrAgkitAn akArSIt satyAgkArasya paNakharUpam AtmAnaM asmAkam antaHkaraNESu nirakSipacca|
2f0117009c	aparaM yuSmAsu karuNAM kurvvan aham EtAvatkAlaM yAvat karinthanagaraM na gatavAn iti satyamEtasmin IzvaraM sAkSiNaM kRtvA mayA svaprANAnAM zapathaH kriyatE|
2f01180082	vayaM yuSmAkaM vizvAsasya niyantArO na bhavAmaH kintu yuSmAkam Anandasya sahAyA bhavAmaH, yasmAd vizvAsE yuSmAkaM sthiti rbhavati|
2f0201004b	aparanjcAhaM punaH zOkAya yuSmatsannidhiM na gamiSyAmIti manasi niracaiSaM|
2f02020069	yasmAd ahaM yadi yuSmAn zOkayuktAn karOmi tarhi mayA yaH zOkayuktIkRtastaM vinA kEnAparENAhaM harSayiSyE?
2f020300c7	mama yO harSaH sa yuSmAkaM sarvvESAM harSa EvEti nizcitaM mayAbOdhi; ataEva yairahaM harSayitavyastai rmadupasthitisamayE yanmama zOkO na jAyEta tadarthamEva yuSmabhyam EtAdRzaM patraM mayA likhitaM|
2f020400a4	vastutastu bahuklEzasya manaHpIPAyAzca samayE'haM bahvazrupAtEna patramEkaM likhitavAn yuSmAkaM zOkArthaM tannahi kintu yuSmAsu madIyaprEmabAhulyasya jnjApanArthaM|
2f0205008a	yEnAhaM zOkayuktIkRtastEna kEvalamahaM zOkayuktIkRtastannahi kintvaMzatO yUyaM sarvvE'pi yatO'hamatra kasmiMzcid dOSamArOpayituM nEcchAmi|
2f0206003f	bahUnAM yat tarjjanaM tEna janEnAlambhi tat tadarthaM pracuraM|
2f02070058	ataH sa duHkhasAgarE yanna nimajjati tadarthaM yuSmAbhiH sa kSantavyaH sAntvayitavyazca|
2f02080036	iti hEtOH prarthayE'haM yuSmAbhistasmin dayA kriyatAM|
2f02090058	yUyaM sarvvakarmmaNi mamAdEzaM gRhlItha na vEti parIkSitum ahaM yuSmAn prati likhitavAn|
2f020a0084	yasya yO dOSO yuSmAbhiH kSamyatE tasya sa dOSO mayApi kSamyatE yazca dOSO mayA kSamyatE sa yuSmAkaM kRtE khrISTasya sAkSAt kSamyatE|
2f020b0073	zayatAnaH kalpanAsmAbhirajnjAtA nahi, atO vayaM yat tEna na vanjcyAmahE tadartham asmAbhiH sAvadhAnai rbhavitavyaM|
2f020c006b	aparanjca khrISTasya susaMvAdaghOSaNArthaM mayi trOyAnagaramAgatE prabhOH karmmaNE ca madarthaM dvArE muktE
2f020d009b	satyapi svabhrAtustItasyAvidyamAnatvAt madIyAtmanaH kApi zAnti rna babhUva, tasmAd ahaM tAn visarjjanaM yAcitvA mAkidaniyAdEzaM gantuM prasthAnam akaravaM|
2f020e0073	ya IzvaraH sarvvadA khrISTEnAsmAn jayinaH karOti sarvvatra cAsmAbhistadIyajnjAnasya gandhaM prakAzayati sa dhanyaH|
2f020f006d	yasmAd yE trANaM lapsyantE yE ca vinAzaM gamiSyanti tAn prati vayam IzvarENa khrISTasya saugandhyaM bhavAmaH|
2f02100078	vayam EkESAM mRtyavE mRtyugandhA aparESAnjca jIvanAya jIvanagandhA bhavAmaH, kintvEtAdRzakarmmasAdhanE kaH samarthO'sti?
2f021100a6	anyE bahavO lOkA yadvad Izvarasya vAkyaM mRSAzikSayA mizrayanti vayaM tadvat tanna mizrayantaH saralabhAvEnEzvarasya sAkSAd IzvarasyAdEzAt khrISTEna kathAM bhASAmahE|
2f03010087	vayaM kim AtmaprazaMsanaM punarArabhAmahE? yuSmAn prati yuSmattO vA parESAM kESAnjcid ivAsmAkamapi kiM prazaMsApatrESu prayOjanam AstE?
2f03020068	yUyamEvAsmAkaM prazaMsApatraM taccAsmAkam antaHkaraNESu likhitaM sarvvamAnavaizca jnjEyaM paThanIyanjca|
2f030300af	yatO 'smAbhiH sEvitaM khrISTasya patraM yUyapEva, tacca na masyA kintvamarasyEzvarasyAtmanA likhitaM pASANapatrESu tannahi kintu kravyamayESu hRtpatrESu likhitamiti suspaSTaM|
2f03040038	khrISTEnEzvaraM pratyasmAkam IdRzO dRPhavizvAsO vidyatE;
2f0305005b	vayaM nijaguNEna kimapi kalpayituM samarthA iti nahi kintvIzvarAdasmAkaM sAmarthyaM jAyatE|
2f0306009c	tEna vayaM nUtananiyamasyArthatO 'kSarasaMsthAnasya tannahi kintvAtmana Eva sEvanasAmarthyaM prAptAH| akSarasaMsthAnaM mRtyujanakaM kintvAtmA jIvanadAyakaH|
2f030700a1	akSarai rvilikhitapASANarUpiNI yA mRtyOH sEvA sA yadIdRk tEjasvinI jAtA yattasyAcirasthAyinastEjasaH kAraNAt mUsasO mukham isrAyElIyalOkaiH saMdraSTuM nAzakyata,
2f03080036	tarhyAtmanaH sEvA kiM tatO'pi bahutEjasvinI na bhavEt?
2f03090063	daNPajanikA sEvA yadi tEjOyuktA bhavEt tarhi puNyajanikA sEvA tatO'dhikaM bahutEjOyuktA bhaviSyati|
2f030a0057	ubhayOstulanAyAM kRtAyAm EkasyAstEjO dvitIyAyAH prakharatarENa tEjasA hInatEjO bhavati|
2f030b006a	yasmAd yat lOpanIyaM tad yadi tEjOyuktaM bhavEt tarhi yat cirasthAyi tad bahutaratEjOyuktamEva bhaviSyati|
2f030c0041	IdRzIM pratyAzAM labdhvA vayaM mahatIM pragalbhatAM prakAzayAmaH|
2f030d008c	isrAyElIyalOkA yat tasya lOpanIyasya tEjasaH zESaM na vilOkayEyustadarthaM mUsA yAdRg AvaraNEna svamukham AcchAdayat vayaM tAdRk na kurmmaH|
2f030e006f	tESAM manAMsi kaThinIbhUtAni yatastESAM paThanasamayE sa purAtanO niyamastEnAvaraNEnAdyApi pracchannastiSThati|
2f030f0082	tacca na dUrIbhavati yataH khrISTEnaiva tat lupyatE| mUsasaH zAstrasya pAThasamayE'dyApi tESAM manAMsi tEnAvaraNEna pracchAdyantE|
2f03100040	kintu prabhuM prati manasi parAvRttE tad AvaraNaM dUrIkAriSyatE|
2f03110040	yaH prabhuH sa Eva sa AtmA yatra ca prabhOrAtmA tatraiva muktiH|
2f0312009f	vayanjca sarvvE'nAcchAditEnAsyEna prabhOstEjasaH pratibimbaM gRhlanta AtmasvarUpENa prabhunA rUpAntarIkRtA varddhamAnatEjOyuktAM tAmEva pratimUrttiM prApnumaH|
2f04010057	aparanjca vayaM karuNAbhAjO bhUtvA yad Etat paricArakapadam alabhAmahi nAtra klAmyAmaH,
2f040200d7	kintu trapAyuktAni pracchannakarmmANi vihAya kuTilatAcaraNamakurvvanta IzvarIyavAkyaM mithyAvAkyairamizrayantaH satyadharmmasya prakAzanEnEzvarasya sAkSAt sarvvamAnavAnAM saMvEdagOcarE svAn prazaMsanIyAn darzayAmaH|
2f0403006a	asmAbhi rghOSitaH susaMvAdO yadi pracchannaH; syAt tarhi yE vinaMkSyanti tESAmEva dRSTitaH sa pracchannaH;
2f040400ba	yata Izvarasya pratimUrtti ryaH khrISTastasya tEjasaH susaMvAdasya prabhA yat tAn na dIpayEt tadartham iha lOkasya dEvO'vizvAsinAM jnjAnanayanam andhIkRtavAn EtasyOdAharaNaM tE bhavanti|
2f04050070	vayaM svAn ghOSayAma iti nahi kintu khrISTaM yIzuM prabhumEvAsmAMzca yIzOH kRtE yuSmAkaM paricArakAn ghOSayAmaH|
2f0406008c	ya IzvarO madhyEtimiraM prabhAM dIpanAyAdizat sa yIzukhrISTasyAsya IzvarIyatEjasO jnjAnaprabhAyA udayArtham asmAkam antaHkaraNESu dIpitavAn|
2f04070077	aparaM tad dhanam asmAbhi rmRNmayESu bhAjanESu dhAryyatE yataH sAdbhutA zakti rnAsmAkaM kintvIzvarasyaivEti jnjAtavyaM|
2f0408005a	vayaM padE padE pIPyAmahE kintu nAvasIdAmaH, vayaM vyAkulAH santO'pi nirupAyA na bhavAmaH;
2f04090041	vayaM pradrAvyamAnA api na klAmyAmaH, nipAtitA api na vinazyAmaH|
2f040a0064	asmAkaM zarIrE khrISTasya jIvanaM yat prakAzEta tadarthaM tasmin zarIrE yIzO rmaraNamapi dhArayAmaH|
2f040b006e	yIzO rjIvanaM yad asmAkaM marttyadEhE prakAzEta tadarthaM jIvantO vayaM yIzOH kRtE nityaM mRtyau samarpyAmahE|
2f040c0030	itthaM vayaM mRtyAkrAntA yUyanjca jIvanAkrAntAH|
2f040d009f	vizvAsakAraNAdEva samabhASi mayA vacaH| iti yathA zAstrE likhitaM tathaivAsmAbhirapi vizvAsajanakam AtmAnaM prApya vizvAsaH kriyatE tasmAcca vacAMsi bhASyantE|
2f040e0080	prabhu ryIzu ryEnOtthApitaH sa yIzunAsmAnapyutthApayiSyati yuSmAbhiH sArddhaM svasamIpa upasthApayiSyati ca, vayam Etat jAnImaH|
2f040f008b	ataEva yuSmAkaM hitAya sarvvamEva bhavati tasmAd bahUnAM pracurAnugrahaprAptE rbahulOkAnAM dhanyavAdEnEzvarasya mahimA samyak prakAziSyatE|
2f0410006d	tatO hEtO rvayaM na klAmyAmaH kintu bAhyapuruSO yadyapi kSIyatE tathApyAntarikaH puruSO dinE dinE nUtanAyatE|
2f0411006d	kSaNamAtrasthAyi yadEtat laghiSThaM duHkhaM tad atibAhulyEnAsmAkam anantakAlasthAyi gariSThasukhaM sAdhayati,
2f04120091	yatO vayaM pratyakSAn viSayAn anuddizyApratyakSAn uddizAmaH| yatO hEtOH pratyakSaviSayAH kSaNamAtrasthAyinaH kintvapratyakSA anantakAlasthAyinaH|
2f0501009d	aparam asmAkam Etasmin pArthivE dUSyarUpE vEzmani jIrNE satIzvarENa nirmmitam akarakRtam asmAkam anantakAlasthAyi vEzmaikaM svargE vidyata iti vayaM jAnImaH|
2f05020062	yatO hEtOrEtasmin vEzmani tiSThantO vayaM taM svargIyaM vAsaM paridhAtum AkAgkSyamANA niHzvasAmaH|
2f05030044	tathApIdAnImapi vayaM tEna na nagnAH kintu parihitavasanA manyAmahE|
2f050400ba	Etasmin dUSyE tiSThanatO vayaM klizyamAnA niHzvasAmaH, yatO vayaM vAsaM tyaktum icchAmastannahi kintu taM dvitIyaM vAsaM paridhAtum icchAmaH, yatastathA kRtE jIvanEna martyaM grasiSyatE|
2f05050065	EtadarthaM vayaM yEna sRSTAH sa Izvara Eva sa cAsmabhyaM satyagkArasya paNasvarUpam AtmAnaM dattavAn|
2f05060073	ataEva vayaM sarvvadOtsukA bhavAmaH kinjca zarIrE yAvad asmAbhi rnyuSyatE tAvat prabhutO dUrE prOSyata iti jAnImaH,
2f05070034	yatO vayaM dRSTimArgE na carAmaH kintu vizvAsamArgE|
2f0508005a	aparanjca zarIrAd dUrE pravastuM prabhOH sannidhau nivastunjcAkAgkSyamANA utsukA bhavAmaH|
2f05090064	tasmAdEva kAraNAd vayaM tasya sannidhau nivasantastasmAd dUrE pravasantO vA tasmai rOcituM yatAmahE|
2f050a0085	yasmAt zarIrAvasthAyAm EkaikEna kRtAnAM karmmaNAM zubhAzubhaphalaprAptayE sarvvaismAbhiH khrISTasya vicArAsanasammukha upasthAtavyaM|
2f050b00a3	ataEva prabhO rbhayAnakatvaM vijnjAya vayaM manujAn anunayAmaH kinjcEzvarasya gOcarE saprakAzA bhavAmaH, yuSmAkaM saMvEdagOcarE'pi saprakAzA bhavAma ityAzaMsAmahE|
2f050c00c7	anEna vayaM yuSmAkaM sannidhau punaH svAn prazaMsAma iti nahi kintu yE manO vinA mukhaiH zlAghantE tEbhyaH pratyuttaradAnAya yUyaM yathAsmAbhiH zlAghituM zaknutha tAdRzam upAyaM yuSmabhyaM vitarAmaH|
2f050d0068	yadi vayaM hatajnjAnA bhavAmastarhi tad IzvarArthakaM yadi ca sajnjAnA bhavAmastarhi tad yuSmadarthakaM|
2f050e0080	vayaM khrISTasya prEmnA samAkRSyAmahE yataH sarvvESAM vinimayEna yadyEkO janO'mriyata tarhi tE sarvvE mRtA ityAsmAbhi rbudhyatE|
2f050f009f	aparanjca yE jIvanti tE yat svArthaM na jIvanti kintu tESAM kRtE yO janO mRtaH punarutthApitazca tamuddizya yat jIvanti tadarthamEva sa sarvvESAM kRtE mRtavAn|
2f0510009b	atO hEtOritaH paraM kO'pyasmAbhi rjAtitO na pratijnjAtavyaH|yadyapi pUrvvaM khrISTO jAtitO'smAbhiH pratijnjAtastathApIdAnIM jAtitaH puna rna pratijnjAyatE|
2f05110063	kEnacit khrISTa AzritE nUtanA sRSTi rbhavati purAtanAni lupyantE pazya nikhilAni navInAni bhavanti|
2f05120090	sarvvanjcaitad Izvarasya karmma yatO yIzukhrISTEna sa EvAsmAn svEna sArddhaM saMhitavAn sandhAnasambandhIyAM paricaryyAm asmAsu samarpitavAMzca|
2f05130094	yataH IzvaraH khrISTam adhiSThAya jagatO janAnAm AgAMsi tESAm RNamiva na gaNayan svEna sArddhaM tAn saMhitavAn sandhivArttAm asmAsu samarpitavAMzca|
2f051400af	atO vayaM khrISTasya vinimayEna dautyaM karmma sampAdayAmahE, IzvarazcAsmAbhi ryuSmAn yAyAcyatE tataH khrISTasya vinimayEna vayaM yuSmAn prArthayAmahE yUyamIzvarENa sandhatta|
2f05150080	yatO vayaM tEna yad IzvarIyapuNyaM bhavAmastadarthaM pApEna saha yasya jnjAtEyaM nAsIt sa Eva tEnAsmAkaM vinimayEna pApaH kRtaH|
2f06010056	tasya sahAyA vayaM yuSmAn prArthayAmahE, IzvarasyAnugrahO yuSmAbhi rvRthA na gRhyatAM|
2f06020092	tEnOktamEtat, saMzrOSyAmi zubhE kAlE tvadIyAM prArthanAm ahaM| upakAraM kariSyAmi paritrANadinE tava| pazyatAyaM zubhakAlaH pazyatEdaM trANadinaM|
2f06030055	asmAkaM paricaryyA yanniSkalagkA bhavEt tadarthaM vayaM kutrApi vighnaM na janayAmaH,
2f0604006d	kintu pracurasahiSNutA klEzO dainyaM vipat tAPanA kArAbandhanaM nivAsahInatvaM parizramO jAgaraNam upavasanaM
2f06050029	nirmmalatvaM jnjAnaM mRduzIlatA hitaiSitA
2f06060035	pavitra AtmA niSkapaTaM prEma satyAlApa IzvarIyazakti
2f0607002f	rdakSiNavAmAbhyAM karAbhyAM dharmmAstradhAraNaM
2f0608006a	mAnApamAnayOrakhyAtisukhyAtyO rbhAgitvam EtaiH sarvvairIzvarasya prazaMsyAn paricArakAn svAn prakAzayAmaH|
2f06090089	bhramakasamA vayaM satyavAdinO bhavAmaH, aparicitasamA vayaM suparicitA bhavAmaH, mRtakalpA vayaM jIvAmaH, daNPyamAnA vayaM na hanyAmahE,
2f060a006d	zOkayuktAzca vayaM sadAnandAmaH, daridrA vayaM bahUn dhaninaH kurmmaH, akinjcanAzca vayaM sarvvaM dhArayAmaH|
2f060b004c	hE karinthinaH, yuSmAkaM prati mamAsyaM muktaM mamAntaHkaraNAnjca vikasitaM|
2f060c003e	yUyaM mamAntarE na sagkOcitAH kinjca yUyamEva sagkOcitacittAH|
2f060d006b	kintu mahyaM nyAyyaphaladAnArthaM yuSmAbhirapi vikasitai rbhavitavyam ityahaM nijabAlakAniva yuSmAn vadAmi|
2f060e0094	aparam apratyayibhiH sArddhaM yUyam EkayugE baddhA mA bhUta, yasmAd dharmmAdharmmayOH kaH sambandhO'sti? timirENa sarddhaM prabhAyA vA kA tulanAsti?
2f060f005d	bilIyAladEvEna sAkaM khrISTasya vA kA sandhiH? avizvAsinA sArddhaM vA vizvAsilOkasyAMzaH kaH?
2f061000ec	Izvarasya mandirENa saha vA dEvapratimAnAM kA tulanA? amarasyEzvarasya mandiraM yUyamEva| IzvarENa taduktaM yathA, tESAM madhyE'haM svAvAsaM nidhAsyAmi tESAM madhyE ca yAtAyAtaM kurvvan tESAm IzvarO bhaviSyAmi tE ca mallOkA bhaviSyanti|
2f06110085	atO hEtOH paramEzvaraH kathayati yUyaM tESAM madhyAd bahirbhUya pRthag bhavata, kimapyamEdhyaM na spRzata; tEnAhaM yuSmAn grahISyAmi,
2f06120066	yuSmAkaM pitA bhaviSyAmi ca, yUyanjca mama kanyAputrA bhaviSyathEti sarvvazaktimatA paramEzvarENOktaM|
2f07010087	ataEva hE priyatamAH, EtAdRzIH pratijnjAH prAptairasmAbhiH zarIrAtmanOH sarvvamAlinyam apamRjyEzvarasya bhaktyA pavitrAcAraH sAdhyatAM|
2f07020048	yUyam asmAn gRhlIta| asmAbhiH kasyApyanyAyO na kRtaH kO'pi na vanjcitaH|
2f07030094	yuSmAn dOSiNaH karttamahaM vAkyamEtad vadAmIti nahi yuSmAbhiH saha jIvanAya maraNAya vA vayaM yuSmAn svAntaHkaraNai rdhArayAma iti pUrvvaM mayOktaM|
2f0704008d	yuSmAn prati mama mahEtsAhO jAyatE yuSmAn adhyahaM bahu zlAghE ca tEna sarvvaklEzasamayE'haM sAntvanayA pUrNO harSENa praphullitazca bhavAmi|
2f07050086	asmAsu mAkidaniyAdEzam AgatESvasmAkaM zarIrasya kAcidapi zAnti rnAbhavat kintu sarvvatO bahi rvirOdhEnAntazca bhItyA vayam apIPyAmahi|
2f07060047	kintu namrANAM sAntvayitA ya IzvaraH sa tItasyAgamanEnAsmAn asAntvayat|
2f070700a0	kEvalaM tasyAgamanEna tannahi kintu yuSmattO jAtayA tasya sAntvanayApi, yatO'smAsu yuSmAkaM hArddavilApAsaktatvESvasmAkaM samIpE varNitESu mama mahAnandO jAtaH|
2f07080090	ahaM patrENa yuSmAn zOkayuktAn kRtavAn ityasmAd anvatapyE kintvadhunA nAnutapyE| tEna patrENa yUyaM kSaNamAtraM zOkayuktIbhUtA iti mayA dRzyatE|
2f070900c1	ityasmin yuSmAkaM zOkEnAhaM hRSyAmi tannahi kintu manaHparivarttanAya yuSmAkaM zOkO'bhavad ityanEna hRSyAmi yatO'smattO yuSmAkaM kApi hAni ryanna bhavEt tadarthaM yuSmAkam IzvarIyaH zOkO jAtaH|
2f070a0074	sa IzvarIyaH zOkaH paritrANajanakaM niranutApaM manaHparivarttanaM sAdhayati kintu sAMsArikaH zOkO mRtyuM sAdhayati|
2f070b00db	pazyata tEnEzvarIyENa zOkEna yuSmAkaM kiM na sAdhitaM? yatnO dOSaprakSAlanam asantuSTatvaM hArddam AsaktatvaM phaladAnanjcaitAni sarvvANi| tasmin karmmaNi yUyaM nirmmalA iti pramANaM sarvvENa prakArENa yuSmAbhi rdattaM|
2f070c00ab	yEnAparAddhaM tasya kRtE kiMvA yasyAparAddhaM tasya kRtE mayA patram alEkhi tannahi kintu yuSmAnadhyasmAkaM yatnO yad Izvarasya sAkSAd yuSmatsamIpE prakAzEta tadarthamEva|
2f070d008f	uktakAraNAd vayaM sAntvanAM prAptAH; tAnjca sAntvanAM vinAvarO mahAhlAdastItasyAhlAdAdasmAbhi rlabdhaH, yatastasyAtmA sarvvai ryuSmAbhistRptaH|
2f070e00b2	pUrvvaM tasya samIpE'haM yuSmAbhiryad azlAghE tEna nAlajjE kintu vayaM yadvad yuSmAn prati satyabhAvEna sakalam abhASAmahi tadvat tItasya samIpE'smAkaM zlAghanamapi satyaM jAtaM|
2f070f0079	yUyaM kIdRk tasyAjnjA apAlayata bhayakampAbhyAM taM gRhItavantazcaitasya smaraNAd yuSmAsu tasya snEhO bAhulyEna varttatE|
2f07100035	yuSmAsvahaM sarvvamAzaMsE, ityasmin mamAhlAdO jAyatE|
2f08010064	hE bhrAtaraH, mAkidaniyAdEzasthAsu samitiSu prakAzitO ya IzvarasyAnugrahastamahaM yuSmAn jnjApayAmi|
2f08020064	vastutO bahuklEzaparIkSAsamayE tESAM mahAnandO'tIvadInatA ca vadAnyatAyAH pracuraphalam aphalayatAM|
2f08030053	tE svEcchayA yathAzakti kinjcAtizakti dAna udyuktA abhavan iti mayA pramANIkriyatE|
2f08040070	vayanjca yat pavitralOkEbhyastESAM dAnam upakArArthakam aMzananjca gRhlAmastad bahununayEnAsmAn prArthitavantaH|
2f08050070	vayaM yAdRk pratyaiQkSAmahi tAdRg akRtvA tE'grE prabhavE tataH param IzvarasyEcchayAsmabhyamapi svAn nyavEdayan|
2f0806007d	atO hEtOstvaM yathArabdhavAn tathaiva karinthinAM madhyE'pi tad dAnagrahaNaM sAdhayEti yuSmAn adhi vayaM tItaM prArthayAmahi|
2f08070082	atO vizvAsO vAkpaTutA jnjAnaM sarvvOtsAhO 'smAsu prEma caitai rguNai ryUyaM yathAparAn atizEdhvE tathaivaitEna guNEnApyatizEdhvaM|
2f0808007f	Etad aham AjnjayA kathayAmIti nahi kintvanyESAm utsAhakAraNAd yuSmAkamapi prEmnaH sAralyaM parIkSitumicchatA mayaitat kathyatE|
2f0809009d	yUyanjcAsmatprabhO ryIzukhrISTasyAnugrahaM jAnItha yatastasya nirdhanatvEna yUyaM yad dhaninO bhavatha tadarthaM sa dhanI sannapi yuSmatkRtE nirdhanO'bhavat|
2f080a00c4	Etasmin ahaM yuSmAn svavicAraM jnjApayAmi| gataM saMvatsaram Arabhya yUyaM kEvalaM karmma karttaM tannahi kintvicchukatAM prakAzayitumapyupAkrAbhyadhvaM tatO hEtO ryuSmatkRtE mama mantraNA bhadrA|
2f080b008e	atO 'dhunA tatkarmmasAdhanaM yuSmAbhiH kriyatAM tEna yadvad icchukatAyAm utsAhastadvad Ekaikasya sampadanusArENa karmmasAdhanam api janiSyatE|
2f080c0069	yasmin icchukatA vidyatE tEna yanna dhAryyatE tasmAt sO'nugRhyata iti nahi kintu yad dhAryyatE tasmAdEva|
2f080d0051	yata itarESAM virAmENa yuSmAkanjca klEzEna bhavitavyaM tannahi kintu samatayaiva|
2f080e0093	varttamAnasamayE yuSmAkaM dhanAdhikyEna tESAM dhananyUnatA pUrayitavyA tasmAt tESAmapyAdhikyEna yuSmAkaM nyUnatA pUrayiSyatE tEna samatA janiSyatE|
2f080f007b	tadEva zAstrE'pi likhitam AstE yathA, yEnAdhikaM saMgRhItaM tasyAdhikaM nAbhavat yEna cAlpaM saMgRhItaM tasyAlpaM nAbhavat|
2f08100052	yuSmAkaM hitAya tItasya manasi ya Izvara imam udyOgaM janitavAn sa dhanyO bhavatu|
2f0811005c	tItO'smAkaM prArthanAM gRhItavAn kinjca svayam udyuktaH san svEcchayA yuSmatsamIpaM gatavAn|
2f08120061	tEna saha yO'para EkO bhrAtAsmAbhiH prESitaH susaMvAdAt tasya sukhyAtyA sarvvAH samitayO vyAptAH|
2f08130068	prabhO rgauravAya yuSmAkam icchukatAyai ca sa samitibhirEtasyai dAnasEvAyai asmAkaM saggitvE nyayOjyata|
2f08140062	yatO yA mahOpAyanasEvAsmAbhi rvidhIyatE tAmadhi vayaM yat kEnApi na nindyAmahE tadarthaM yatAmahE|
2f0815005b	yataH kEvalaM prabhOH sAkSAt tannahi kintu mAnavAnAmapi sAkSAt sadAcAraM karttum AlOcAmahE|
2f081600ab	tAbhyAM sahApara EkO yO bhrAtAsmAbhiH prESitaH sO'smAbhi rbahuviSayESu bahavArAn parIkSita udyOgIva prakAzitazca kintvadhunA yuSmAsu dRPhavizvAsAt tasyOtsAhO bahu vavRdhE|
2f081700ca	yadi kazcit tItasya tattvaM jijnjAsatE tarhi sa mama sahabhAgI yuSmanmadhyE sahakArI ca, aparayO rbhrAtrOstattvaM vA yadi jijnjAsatE tarhi tau samitInAM dUtau khrISTasya pratibimbau cEti tEna jnjAyatAM|
2f0818006b	atO hEtOH samitInAM samakSaM yuSmatprEmnO'smAkaM zlAghAyAzca prAmANyaM tAn prati yuSmAbhiH prakAzayitavyaM|
2f0901004f	pavitralOkAnAm upakArArthakasEvAmadhi yuSmAn prati mama likhanaM niSprayOjanaM|
2f090200d3	yata AkhAyAdEzasthA lOkA gatavarSam Arabhya tatkAryya udyatAH santIti vAkyEnAhaM mAkidanIyalOkAnAM samIpE yuSmAkaM yAm icchukatAmadhi zlAghE tAm avagatO'smi yuSmAkaM tasmAd utsAhAccAparESAM bahUnAm udyOgO jAtaH|
2f09030094	kinjcaitasmin yuSmAn adhyasmAkaM zlAghA yad atathyA na bhavEt yUyanjca mama vAkyAnusArAd yad udyatAstiSThEta tadarthamEva tE bhrAtarO mayA prESitAH|
2f090400c4	yasmAt mayA sArddhaM kaizcit mAkidanIyabhrAtRbhirAgatya yUyamanudyatA iti yadi dRzyatE tarhi tasmAd dRPhavizvAsAd yuSmAkaM lajjA janiSyata ityasmAbhi rna vaktavyaM kintvasmAkamEva lajjA janiSyatE|
2f090500d8	ataH prAk pratijnjAtaM yuSmAkaM dAnaM yat sanjcitaM bhavEt tacca yad grAhakatAyAH phalam abhUtvA dAnazIlatAyA Eva phalaM bhavEt tadarthaM mamAgrE gamanAya tatsanjcayanAya ca tAn bhrAtRn AdESTumahaM prayOjanam amanyE|
2f0906009a	aparamapi vyAharAmi kEnacit kSudrabhAvEna bIjESUptESu svalpAni zasyAni karttiSyantE, kinjca kEnacid bahudabhavEna bIjESUptESu bahUni zasyAni karttiSyantE|
2f09070081	EkaikEna svamanasi yathA nizcIyatE tathaiva dIyatAM kEnApi kAtarENa bhItEna vA na dIyatAM yata IzvarO hRSTamAnasE dAtari prIyatE|
2f090800a9	aparam IzvarO yuSmAn prati sarvvavidhaM bahupradaM prasAdaM prakAzayitum arhati tEna yUyaM sarvvaviSayE yathESTaM prApya sarvvENa satkarmmaNA bahuphalavantO bhaviSyatha|
2f09090064	Etasmin likhitamAstE, yathA, vyayatE sa janO rAyaM durgatEbhyO dadAti ca| nityasthAyI ca taddharmmaH
2f090a008c	bIjaM bhEjanIyam annanjca vaptrE yEna vizrANyatE sa yuSmabhyam api bIjaM vizrANya bahulIkariSyati yuSmAkaM dharmmaphalAni varddhayiSyati ca|
2f090b007e	tEna sarvvaviSayE sadhanIbhUtai ryuSmAbhiH sarvvaviSayE dAnazIlatAyAM prakAzitAyAm asmAbhirIzvarasya dhanyavAdaH sAdhayiSyatE|
2f090c0080	EtayOpakArasEvayA pavitralOkAnAm arthAbhAvasya pratIkArO jAyata iti kEvalaM nahi kintvIzcarasya dhanyavAdO'pi bAhulyEnOtpAdyatE|
2f090d00cb	yata EtasmAd upakArakaraNAd yuSmAkaM parIkSitatvaM buddhvA bahubhiH khrISTasusaMvAdAggIkaraNE yuSmAkam AjnjAgrAhitvAt tadbhAgitvE ca tAn aparAMzca prati yuSmAkaM dAtRtvAd Izvarasya dhanyavAdaH kAriSyatE,
2f090e0060	yuSmadarthaM prArthanAM kRtvA ca yuSmAsvIzvarasya gariSThAnugrahAd yuSmAsu taiH prEma kAriSyatE|
2f090f0033	aparam IzvarasyAnirvvacanIyadAnAt sa dhanyO bhUyAt|
2f0a010069	yuSmatpratyakSE namraH kintu parOkSE pragalbhaH paulO'haM khrISTasya kSAntyA vinItyA ca yuSmAn prArthayE|
2f0a02009f	mama prArthanIyamidaM vayaM yaiH zArIrikAcAriNO manyAmahE tAn prati yAM pragalbhatAM prakAzayituM nizcinOmi sA pragalbhatA samAgatEna mayAcaritavyA na bhavatu|
2f0a03003b	yataH zarIrE carantO'pi vayaM zArIrikaM yuddhaM na kurmmaH|
2f0a040058	asmAkaM yuddhAstrANi ca na zArIrikAni kintvIzvarENa durgabhanjjanAya prabalAni bhavanti,
2f0a0500a5	taizca vayaM vitarkAn IzvarIyatattvajnjAnasya pratibandhikAM sarvvAM cittasamunnatinjca nipAtayAmaH sarvvasagkalpanjca bandinaM kRtvA khrISTasyAjnjAgrAhiNaM kurmmaH,
2f0a060060	yuSmAkam AjnjAgrAhitvE siddhE sati sarvvasyAjnjAlagghanasya pratIkAraM karttum udyatA AsmahE ca|
2f0a0700bb	yad dRSTigOcaraM tad yuSmAbhi rdRzyatAM| ahaM khrISTasya lOka iti svamanasi yEna vijnjAyatE sa yathA khrISTasya bhavati vayam api tathA khrISTasya bhavAma iti punarvivicya tEna budhyatAM|
2f0a08008e	yuSmAkaM nipAtAya tannahi kintu niSThAyai prabhunA dattaM yadasmAkaM sAmarthyaM tEna yadyapi kinjcid adhikaM zlAghE tathApi tasmAnna trapiSyE|
2f0a090037	ahaM patrai ryuSmAn trAsayAmi yuSmAbhirEtanna manyatAM|
2f0a0a007c	tasya patrANi gurutarANi prabalAni ca bhavanti kintu tasya zArIrasAkSAtkArO durbbala AlApazca tucchanIya iti kaizcid ucyatE|
2f0a0b0092	kintu parOkSE patrai rbhASamANA vayaM yAdRzAH prakAzAmahE pratyakSE karmma kurvvantO'pi tAdRzA Eva prakAziSyAmahE tat tAdRzEna vAcAlEna jnjAyatAM|
2f0a0c00be	svaprazaMsakAnAM kESAnjcinmadhyE svAn gaNayituM taiH svAn upamAtuM vA vayaM pragalbhA na bhavAmaH, yatastE svaparimANEna svAn parimimatE svaizca svAn upamibhatE tasmAt nirbbOdhA bhavanti ca|
2f0a0d0084	vayam aparimitEna na zlAghiSyAmahE kintvIzvarENa svarajjvA yuSmaddEzagAmi yat parimANam asmadarthaM nirUpitaM tEnaiva zlAghiSyAmahE|
2f0a0e0090	yuSmAkaM dEzO'smAbhiragantavyastasmAd vayaM svasImAm ullagghAmahE tannahi yataH khrISTasya susaMvAdEnAparESAM prAg vayamEva yuSmAn prAptavantaH|
2f0a0f0096	vayaM svasImAm ullagghya parakSEtrENa zlAghAmahE tannahi, kinjca yuSmAkaM vizvAsE vRddhiM gatE yuSmaddEzE'smAkaM sImA yuSmAbhirdIrghaM vistArayiSyatE,
2f0a100087	tEna vayaM yuSmAkaM pazcimadiksthESu sthAnESu susaMvAdaM ghOSayiSyAmaH, itthaM parasImAyAM parENa yat pariSkRtaM tEna na zlAghiSyAmahE|
2f0a110035	yaH kazcit zlAghamAnaH syAt zlAghatAM prabhunA sa hi|
2f0a120059	svEna yaH prazaMsyatE sa parIkSitO nahi kintu prabhunA yaH prazaMsyatE sa Eva parIkSitaH|
2f0b01004c	yUyaM mamAjnjAnatAM kSaNaM yAvat sOPhum arhatha, ataH sA yuSmAbhiH sahyatAM|
2f0b020088	IzvarE mamAsaktatvAd ahaM yuSmAnadhi tapE yasmAt satIM kanyAmiva yuSmAn Ekasmin varE'rthataH khrISTE samarpayitum ahaM vAgdAnam akArSaM|
2f0b03007f	kintu sarpENa svakhalatayA yadvad havA vanjcayAnjcakE tadvat khrISTaM prati satItvAd yuSmAkaM bhraMzaH sambhaviSyatIti bibhEmi|
2f0b0400c0	asmAbhiranAkhyApitO'paraH kazcid yIzu ryadi kEnacid AgantukEnAkhyApyatE yuSmAbhiH prAgalabdha AtmA vA yadi labhyatE prAgagRhItaH susaMvAdO vA yadi gRhyatE tarhi manyE yUyaM samyak sahiSyadhvE|
2f0b050049	kintu mukhyEbhyaH prEritEbhyO'haM kEnacit prakArENa nyUnO nAsmIti budhyE|
2f0b06006e	mama vAkpaTutAyA nyUnatvE satyapi jnjAnasya nyUnatvaM nAsti kintu sarvvaviSayE vayaM yuSmadgOcarE prakAzAmahE|
2f0b070080	yuSmAkam unnatyai mayA namratAM svIkRtyEzvarasya susaMvAdO vinA vEtanaM yuSmAkaM madhyE yad aghOSyata tEna mayA kiM pApam akAri?
2f0b080042	yuSmAkaM sEvanAyAham anyasamitibhyO bhRti gRhlan dhanamapahRtavAn,
2f0b0900f6	yadA ca yuSmanmadhyE'va'rttE tadA mamArthAbhAvE jAtE yuSmAkaM kO'pi mayA na pIPitaH; yatO mama sO'rthAbhAvO mAkidaniyAdEzAd Agatai bhrAtRbhi nyavAryyata, itthamahaM kkApi viSayE yathA yuSmAsu bhArO na bhavAmi tathA mayAtmarakSA kRtA karttavyA ca|
2f0b0a005f	khrISTasya satyatA yadi mayi tiSThati tarhi mamaiSA zlAghA nikhilAkhAyAdEzE kEnApi na rOtsyatE|
2f0b0b0052	Etasya kAraNaM kiM? yuSmAsu mama prEma nAstyEtat kiM tatkAraNaM? tad IzvarO vEtti|
2f0b0c00a0	yE chidramanviSyanti tE yat kimapi chidraM na labhantE tadarthamEva tat karmma mayA kriyatE kAriSyatE ca tasmAt tE yEna zlAghantE tEnAsmAkaM samAnA bhaviSyanti|
2f0b0d0058	tAdRzA bhAktaprEritAH pravanjcakAH kAravO bhUtvA khrISTasya prEritAnAM vEzaM dhArayanti|
2f0b0e004b	taccAzcaryyaM nahi; yataH svayaM zayatAnapi tEjasvidUtasya vEzaM dhArayati,
2f0b0f008e	tatastasya paricArakA api dharmmaparicArakANAM vEzaM dhArayantItyadbhutaM nahi; kintu tESAM karmmANi yAdRzAni phalAnyapi tAdRzAni bhaviSyanti|
2f0b1000a6	ahaM puna rvadAmi kO'pi mAM nirbbOdhaM na manyatAM kinjca yadyapi nirbbOdhO bhavEyaM tathApi yUyaM nirbbOdhamiva mAmanugRhya kSaNaikaM yAvat mamAtmazlAghAm anujAnIta|
2f0b11006a	EtasyAH zlAghAyA nimittaM mayA yat kathitavyaM tat prabhunAdiSTEnEva kathyatE tannahi kintu nirbbOdhEnEva|
2f0b120040	aparE bahavaH zArIrikazlAghAM kurvvatE tasmAd ahamapi zlAghiSyE|
2f0b130037	buddhimantO yUyaM sukhEna nirbbOdhAnAm AcAraM sahadhvE|
2f0b1400af	kO'pi yadi yuSmAn dAsAn karOti yadi vA yuSmAkaM sarvvasvaM grasati yadi vA yuSmAn harati yadi vAtmAbhimAnI bhavati yadi vA yuSmAkaM kapOlam Ahanti tarhi tadapi yUyaM sahadhvE|
2f0b1500a3	daurbbalyAd yuSmAbhiravamAnitA iva vayaM bhASAmahE, kintvaparasya kasyacid yEna pragalbhatA jAyatE tEna mamApi pragalbhatA jAyata iti nirbbOdhEnEva mayA vaktavyaM|
2f0b160073	tE kim ibrilOkAH? ahamapIbrI| tE kim isrAyElIyAH? ahamapIsrAyElIyaH| tE kim ibrAhImO vaMzAH? ahamapIbrAhImO vaMzaH|
2f0b1700c2	tE kiM khrISTasya paricArakAH? ahaM tEbhyO'pi tasya mahAparicArakaH; kintu nirbbOdha iva bhASE, tEbhyO'pyahaM bahuparizramE bahuprahArE bahuvAraM kArAyAM bahuvAraM prANanAzasaMzayE ca patitavAn|
2f0b18006e	yihUdIyairahaM panjcakRtva UnacatvAriMzatprahArairAhatastrirvEtrAghAtam EkakRtvaH prastarAghAtanjca praptavAn|
2f0b190055	vAratrayaM pOtabhanjjanEna kliSTO'ham agAdhasalilE dinamEkaM rAtrimEkAnjca yApitavAn|
2f0b1a00c1	bahuvAraM yAtrAbhi rnadInAM sagkaTai rdasyUnAM sagkaTaiH svajAtIyAnAM sagkaTai rbhinnajAtIyAnAM sagkaTai rnagarasya sagkaTai rmarubhUmEH sagkaTai sAgarasya sagkaTai rbhAktabhrAtRNAM sagkaTaizca
2f0b1b0078	parizramaklEzAbhyAM vAraM vAraM jAgaraNEna kSudhAtRSNAbhyAM bahuvAraM nirAhArENa zItanagnatAbhyAnjcAhaM kAlaM yApitavAn|
2f0b1c0068	tAdRzaM naimittikaM duHkhaM vinAhaM pratidinam AkulO bhavAmi sarvvAsAM samitInAM cintA ca mayi varttatE|
2f0b1d003b	yEnAhaM na durbbalIbhavAmi tAdRzaM daurbbalyaM kaH pApnOti?
2f0b1e003a	yadi mayA zlAghitavyaM tarhi svadurbbalatAmadhi zlAghiSyE|
2f0b1f0065	mayA mRSAvAkyaM na kathyata iti nityaM prazaMsanIyO'smAkaM prabhO ryIzukhrISTasya tAta IzvarO jAnAti|
2f0b200069	dammESakanagarE'ritArAjasya kAryyAdhyakSO mAM dharttum icchan yadA sainyaistad dammESakanagaram arakSayat
2f0b21004f	tadAhaM lOkaiH piTakamadhyE prAcIragavAkSENAvarOhitastasya karAt trANaM prApaM|
2f0c010058	AtmazlAghA mamAnupayuktA kintvahaM prabhO rdarzanAdEzAnAm AkhyAnaM kathayituM pravarttE|
2f0c0200a6	itazcaturdazavatsarEbhyaH pUrvvaM mayA paricita EkO janastRtIyaM svargamanIyata, sa sazarIrENa niHzarIrENa vA tat sthAnamanIyata tadahaM na jAnAmi kintvIzvarO jAnAti|
2f0c03004d	sa mAnavaH svargaM nItaH san akathyAni marttyavAgatItAni ca vAkyAni zrutavAn|
2f0c040057	kintu tadAnIM sa sazarIrO niHzarIrO vAsIt tanmayA na jnjAyatE tad IzvarENaiva jnjAyatE|
2f0c050063	tamadhyahaM zlAghiSyE mAmadhi nAnyEna kEnacid viSayENa zlAghiSyE kEvalaM svadaurbbalyEna zlAghiSyE|
2f0c0600f4	yadyaham AtmazlAghAM karttum icchEyaM tathApi nirbbOdha iva na bhaviSyAmi yataH satyamEva kathayiSyAmi, kintu lOkA mAM yAdRzaM pazyanti mama vAkyaM zrutvA vA yAdRzaM mAM manyatE tasmAt zrESThaM mAM yanna gaNayanti tadarthamahaM tatO viraMsyAmi|
2f0c0700ad	aparam utkRSTadarzanaprAptitO yadaham AtmAbhimAnI na bhavAmi tadarthaM zarIravEdhakam EkaM zUlaM mahyam adAyi tat madIyAtmAbhimAnanivAraNArthaM mama tAPayitA zayatAnO dUtaH|
2f0c080051	mattastasya prasthAnaM yAcitumahaM tristamadhi prabhumuddizya prArthanAM kRtavAn|
2f0c0900c0	tataH sa mAmuktavAn mamAnugrahastava sarvvasAdhakaH, yatO daurbbalyAt mama zaktiH pUrNatAM gacchatIti| ataH khrISTasya zakti ryanmAm Azrayati tadarthaM svadaurbbalyEna mama zlAghanaM sukhadaM|
2f0c0a007b	tasmAt khrISTahEtO rdaurbbalyanindAdaridratAvipakSatAkaSTAdiSu santuSyAmyahaM| yadAhaM durbbalO'smi tadaiva sabalO bhavAmi|
2f0c0b00d2	EtEnAtmazlAghanEnAhaM nirbbOdha ivAbhavaM kintu yUyaM tasya kAraNaM yatO mama prazaMsA yuSmAbhirEva karttavyAsIt| yadyapyam agaNyO bhavEyaM tathApi mukhyatamEbhyaH prEritEbhyaH kEnApi prakArENa nAhaM nyUnO'smi|
2f0c0c0063	sarvvathAdbhutakriyAzaktilakSaNaiH prEritasya cihnAni yuSmAkaM madhyE sadhairyyaM mayA prakAzitAni|
2f0c0d0098	mama pAlanArthaM yUyaM mayA bhArAkrAntA nAbhavataitad EkaM nyUnatvaM vinAparAbhyaH samitibhyO yuSmAkaM kiM nyUnatvaM jAtaM? anEna mama dOSaM kSamadhvaM|
2f0c0e00fe	pazyata tRtIyavAraM yuSmatsamIpaM gantumudyatO'smi tatrApyahaM yuSmAn bhArAkrAntAn na kariSyAmi| yuSmAkaM sampattimahaM na mRgayE kintu yuSmAnEva, yataH pitrOH kRtE santAnAnAM dhanasanjcayO'nupayuktaH kintu santAnAnAM kRtE pitrO rdhanasanjcaya upayuktaH|
2f0c0f0097	aparanjca yuSmAsu bahu prIyamANO'pyahaM yadi yuSmattO'lpaM prama labhE tathApi yuSmAkaM prANarakSArthaM sAnandaM bahu vyayaM sarvvavyayanjca kariSyAmi|
2f0c10007e	yUyaM mayA kinjcidapi na bhArAkrAntA iti satyaM, kintvahaM dhUrttaH san chalEna yuSmAn vanjcitavAn Etat kiM kEnacid vaktavyaM?
2f0c11004e	yuSmatsamIpaM mayA yE lOkAH prahitAstESAmEkEna kiM mama kO'pyarthalAbhO jAtaH?
2f0c120097	ahaM tItaM vinIya tEna sArddhaM bhrAtaramEkaM prESitavAn yuSmattastItEna kim arthO labdhaH? Ekasmin bhAva Ekasya padacihnESu cAvAM kiM na caritavantau?
2f0c1300ab	yuSmAkaM samIpE vayaM puna rdOSakSAlanakathAM kathayAma iti kiM budhyadhvE? hE priyatamAH, yuSmAkaM niSThArthaM vayamIzvarasya samakSaM khrISTEna sarvvANyEtAni kathayAmaH|
2f0c1400eb	ahaM yadAgamiSyAmi, tadA yuSmAn yAdRzAn draSTuM nEcchAmi tAdRzAn drakSyAmi, yUyamapi mAM yAdRzaM draSTuM nEcchatha tAdRzaM drakSyatha, yuSmanmadhyE vivAda IrSyA krOdhO vipakSatA parApavAdaH karNEjapanaM darpaH kalahazcaitE bhaviSyanti;
2f0c1500c0	tEnAhaM yuSmatsamIpaM punarAgatya madIyEzvarENa namayiSyE, pUrvvaM kRtapApAn lOkAn svIyAzucitAvEzyAgamanalampaTatAcaraNAd anutApam akRtavantO dRSTvA ca tAnadhi mama zOkO janiSyata iti bibhEmi|
2f0d01006c	EtattRtIyavAram ahaM yuSmatsamIpaM gacchAmi tEna sarvvA kathA dvayOstrayANAM vA sAkSiNAM mukhEna nizcESyatE|
2f0d0200a9	pUrvvaM yE kRtapApAstEbhyO'nyEbhyazca sarvvEbhyO mayA pUrvvaM kathitaM, punarapi vidyamAnEnEvEdAnIm avidyamAnEna mayA kathyatE, yadA punarAgamiSyAmi tadAhaM na kSamiSyE|
2f0d030071	khrISTO mayA kathAM kathayatyEtasya pramANaM yUyaM mRgayadhvE, sa tu yuSmAn prati durbbalO nahi kintu sabala Eva|
2f0d0400ab	yadyapi sa durbbalatayA kruza ArOpyata tathApIzvarIyazaktayA jIvati; vayamapi tasmin durbbalA bhavAmaH, tathApi yuSmAn prati prakAzitayEzvarIyazaktyA tEna saha jIviSyAmaH|
2f0d0500c8	atO yUyaM vizvAsayuktA AdhvE na vEti jnjAtumAtmaparIkSAM kurudhvaM svAnEvAnusandhatta| yIzuH khrISTO yuSmanmadhyE vidyatE svAnadhi tat kiM na pratijAnItha? tasmin avidyamAnE yUyaM niSpramANA bhavatha|
2f0d060055	kintu vayaM niSpramANA na bhavAma iti yuSmAbhi rbhOtsyatE tatra mama pratyAzA jAyatE|
2f0d0700e3	yUyaM kimapi kutsitaM karmma yanna kurutha tadaham Izvaramuddizya prArthayE| vayaM yat prAmANikA iva prakAzAmahE tadarthaM tat prArthayAmaha iti nahi, kintu yUyaM yat sadAcAraM kurutha vayanjca niSpramANA iva bhavAmastadarthaM|
2f0d08005b	yataH satyatAyA vipakSatAM karttuM vayaM na samarthAH kintu satyatAyAH sAhAyyaM karttumEva|
2f0d090063	vayaM yadA durbbalA bhavAmastadA yuSmAn sabalAn dRSTvAnandAmO yuSmAkaM siddhatvaM prArthayAmahE ca|
2f0d0a00ca	atO hEtOH prabhu ryuSmAkaM vinAzAya nahi kintu niSThAyai yat sAmarthyam asmabhyaM dattavAn tEna yad upasthitikAlE kAThinyaM mayAcaritavyaM na bhavEt tadartham anupasthitEna mayA sarvvANyEtAni likhyantE|
2f0d0b00aa	hE bhrAtaraH, zESE vadAmi yUyam Anandata siddhA bhavata parasparaM prabOdhayata, EkamanasO bhavata praNayabhAvam Acarata| prEmazAntyOrAkara IzvarO yuSmAkaM sahAyO bhUyAt|
2f0d0c0031	yUyaM pavitracumbanEna parasparaM namaskurudhvaM|
2f0d0d0023	pavitralOkAH sarvvE yuSmAn namanti|
2f0d0e0071	prabhO ryIzukhrISTasyAnugraha Izvarasya prEma pavitrasyAtmanO bhAgitvanjca sarvvAn yuSmAn prati bhUyAt| tathAstu|
3000000009	gAlAtinaH
3001010084	manuSyEbhyO nahi manuSyairapi nahi kintu yIzukhrISTEna mRtagaNamadhyAt tasyOtthApayitrA pitrEzvarENa ca prEritO yO'haM paulaH sO'haM
3001020052	matsahavarttinO bhrAtarazca vayaM gAlAtIyadEzasthAH samitIH prati patraM likhAmaH|
3001030056	pitrEzvarENAsmAMka prabhunA yIzunA khrISTEna ca yuSmabhyam anugrahaH zAntizca dIyatAM|
3001040052	asmAkaM tAtEzvarEsyEcchAnusArENa varttamAnAt kutsitasaMsArAd asmAn nistArayituM yO
300105004e	yIzurasmAkaM pApahEtOrAtmOtsargaM kRtavAn sa sarvvadA dhanyO bhUyAt| tathAstu|
300106007b	khrISTasyAnugrahENa yO yuSmAn AhUtavAn tasmAnnivRtya yUyam atitUrNam anyaM susaMvAdam anvavarttata tatrAhaM vismayaM manyE|
3001070082	sO'nyasusaMvAdaH susaMvAdO nahi kintu kEcit mAnavA yuSmAn canjcalIkurvvanti khrISTIyasusaMvAdasya viparyyayaM karttuM cESTantE ca|
3001080096	yuSmAkaM sannidhau yaH susaMvAdO'smAbhi rghOSitastasmAd anyaH susaMvAdO'smAkaM svargIyadUtAnAM vA madhyE kEnacid yadi ghOSyatE tarhi sa zaptO bhavatu|
30010900a0	pUrvvaM yadvad akathayAma, idAnImahaM punastadvat kathayAmi yUyaM yaM susaMvAdaM gRhItavantastasmAd anyO yEna kEnacid yuSmatsannidhau ghOSyatE sa zaptO bhavatu|
30010a00a6	sAmprataM kamaham anunayAmi? IzvaraM kiMvA mAnavAn? ahaM kiM mAnuSEbhyO rOcituM yatE? yadyaham idAnImapi mAnuSEbhyO ruruciSEya tarhi khrISTasya paricArakO na bhavAmi|
30010b0058	hE bhrAtaraH, mayA yaH susaMvAdO ghOSitaH sa mAnuSAnna labdhastadahaM yuSmAn jnjApayAmi|
30010c0061	ahaM kasmAccit manuSyAt taM na gRhItavAn na vA zikSitavAn kEvalaM yIzOH khrISTasya prakAzanAdEva|
30010d009e	purA yihUdimatAcArI yadAham AsaM tadA yAdRzam AcaraNam akaravam Izvarasya samitiM pratyatIvOpadravaM kurvvan yAdRk tAM vyanAzayaM tadavazyaM zrutaM yuSmAbhiH|
30010e0086	aparanjca pUrvvapuruSaparamparAgatESu vAkyESvanyApEkSAtIvAsaktaH san ahaM yihUdidharmmatE mama samavayaskAn bahUn svajAtIyAn atyazayi|
30010f0047	kinjca ya IzvarO mAtRgarbhasthaM mAM pRthak kRtvA svIyAnugrahENAhUtavAn
3001100087	sa yadA mayi svaputraM prakAzituM bhinnadEzIyAnAM samIpE bhayA taM ghOSayitunjcAbhyalaSat tadAhaM kravyazONitAbhyAM saha na mantrayitvA
300111007e	pUrvvaniyuktAnAM prEritAnAM samIpaM yirUzAlamaM na gatvAravadEzaM gatavAn pazcAt tatsthAnAd dammESakanagaraM parAvRtyAgatavAn|
3001120071	tataH paraM varSatrayE vyatItE'haM pitaraM sambhASituM yirUzAlamaM gatvA panjcadazadinAni tEna sArddham atiSThaM|
300113004c	kintu taM prabhO rbhrAtaraM yAkUbanjca vinA prEritAnAM nAnyaM kamapyapazyaM|
3001140048	yAnyEtAni vAkyAni mayA likhyantE tAnyanRtAni na santi tad IzvarO jAnAti|
3001150034	tataH param ahaM suriyAM kilikiyAnjca dEzau gatavAn|
3001160076	tadAnIM yihUdAdEzasthAnAM khrISTasya samitInAM lOkAH sAkSAt mama paricayamaprApya kEvalaM janazrutimimAM labdhavantaH,
3001170063	yO janaH pUrvvam asmAn pratyupadravamakarOt sa tadA yaM dharmmamanAzayat tamEvEdAnIM pracArayatIti|
3001180026	tasmAt tE mAmadhIzvaraM dhanyamavadan|
3002010080	anantaraM caturdazasu vatsarESu gatESvahaM barNabbA saha yirUzAlamanagaraM punaragacchaM, tadAnOM tItamapi svasagginam akaravaM|
30020200e7	tatkAlE'ham IzvaradarzanAd yAtrAm akaravaM mayA yaH parizramO'kAri kAriSyatE vA sa yanniSphalO na bhavEt tadarthaM bhinnajAtIyAnAM madhyE mayA ghOSyamANaH susaMvAdastatratyEbhyO lOkEbhyO vizESatO mAnyEbhyO narEbhyO mayA nyavEdyata|
300203005c	tatO mama sahacarastItO yadyapi yUnAnIya AsIt tathApi tasya tvakchEdO'pyAvazyakO na babhUva|
300204009a	yatazchalEnAgatA asmAn dAsAn karttum icchavaH katipayA bhAktabhrAtaraH khrISTEna yIzunAsmabhyaM dattaM svAtantryam anusandhAtuM cArA iva samAjaM prAvizan|
300205007d	ataH prakRtE susaMvAdE yuSmAkam adhikArO yat tiSThEt tadarthaM vayaM daNPaikamapi yAvad AjnjAgrahaNEna tESAM vazyA nAbhavAma|
30020600a1	parantu yE lOkA mAnyAstE yE kEcid bhavEyustAnahaM na gaNayAmi yata IzvaraH kasyApi mAnavasya pakSapAtaM na karOti, yE ca mAnyAstE mAM kimapi navInaM nAjnjApayan|
30020700a7	kintu chinnatvacAM madhyE susaMvAdapracAraNasya bhAraH pitari yathA samarpitastathaivAcchinnatvacAM madhyE susaMvAdapracAraNasya bhArO mayi samarpita iti tai rbubudhE|
3002080099	yatazchinnatvacAM madhyE prEritatvakarmmaNE yasya yA zaktiH pitaramAzritavatI tasyaiva sA zakti rbhinnajAtIyAnAM madhyE tasmai karmmaNE mAmapyAzritavatI|
30020900ee	atO mahyaM dattam anugrahaM pratijnjAya stambhA iva gaNitA yE yAkUb kaiphA yOhan caitE sahAyatAsUcakaM dakSiNahastagrahaMNa vidhAya mAM barNabbAnjca jagaduH, yuvAM bhinnajAtIyAnAM sannidhiM gacchataM vayaM chinnatvacA sannidhiM gacchAmaH,
30020a004a	kEvalaM daridrA yuvAbhyAM smaraNIyA iti| atastadEva karttum ahaM yatE sma|
30020b0053	aparam AntiyakhiyAnagaraM pitara AgatE'haM tasya dOSitvAt samakSaM tam abhartsayaM|
30020c009e	yataH sa pUrvvam anyajAtIyaiH sArddham AhAramakarOt tataH paraM yAkUbaH samIpAt katipayajanESvAgatESu sa chinnatvagmanuSyEbhyO bhayEna nivRtya pRthag abhavat|
30020d0070	tatO'parE sarvvE yihUdinO'pi tEna sArddhaM kapaTAcAram akurvvan barNabbA api tESAM kApaTyEna vipathagAmyabhavat|
30020e00db	tatastE prakRtasusaMvAdarUpE saralapathE na carantIti dRSTvAhaM sarvvESAM sAkSAt pitaram uktavAn tvaM yihUdI san yadi yihUdimataM vihAya bhinnajAtIya ivAcarasi tarhi yihUdimatAcaraNAya bhinnajAtIyAn kutaH pravarttayasi?
30020f0040	AvAM janmanA yihUdinau bhavAvO bhinnajAtIyau pApinau na bhavAvaH
3002100113	kintu vyavasthApAlanEna manuSyaH sapuNyO na bhavati kEvalaM yIzau khrISTE yO vizvAsastEnaiva sapuNyO bhavatIti buddhvAvAmapi vyavasthApAlanaM vinA kEvalaM khrISTE vizvAsEna puNyaprAptayE khrISTE yIzau vyazvasiva yatO vyavasthApAlanEna kO'pi mAnavaH puNyaM prAptuM na zaknOti|
3002110087	parantu yIzunA puNyaprAptayE yatamAnAvapyAvAM yadi pApinau bhavAvastarhi kiM vaktavyaM? khrISTaH pApasya paricAraka iti? tanna bhavatu|
3002120050	mayA yad bhagnaM tad yadi mayA punarnirmmIyatE tarhi mayaivAtmadOSaH prakAzyatE|
3002130043	ahaM yad IzvarAya jIvAmi tadarthaM vyavasthayA vyavasthAyai amriyE|
30021400eb	khrISTEna sArddhaM kruzE hatO'smi tathApi jIvAmi kintvahaM jIvAmIti nahi khrISTa Eva madanta rjIvati| sAmprataM sazarIrENa mayA yajjIvitaM dhAryyatE tat mama dayAkAriNi madarthaM svIyaprANatyAgini cEzvaraputrE vizvasatA mayA dhAryyatE|
300215006a	ahamIzvarasyAnugrahaM nAvajAnAmi yasmAd vyavasthayA yadi puNyaM bhavati tarhi khrISTO nirarthakamamriyata|
30030100a4	hE nirbbOdhA gAlAtilOkAH, yuSmAkaM madhyE kruzE hata iva yIzuH khrISTO yuSmAkaM samakSaM prakAzita AsIt atO yUyaM yathA satyaM vAkyaM na gRhlItha tathA kEnAmuhyata?
3003020074	ahaM yuSmattaH kathAmEkAM jijnjAsE yUyam AtmAnaM kEnAlabhadhvaM? vyavasthApAlanEna kiM vA vizvAsavAkyasya zravaNEna?
300303004f	yUyaM kim IdRg abOdhA yad AtmanA karmmArabhya zarIrENa tat sAdhayituM yatadhvE?
300304005d	tarhi yuSmAkaM gurutarO duHkhabhOgaH kiM niSphalO bhaviSyati? kuphalayuktO vA kiM bhaviSyati?
3003050090	yO yuSmabhyam AtmAnaM dattavAn yuSmanmadhya AzcaryyANi karmmANi ca sAdhitavAn sa kiM vyavasthApAlanEna vizvAsavAkyasya zravaNEna vA tat kRtavAn?
3003060057	likhitamAstE, ibrAhIma IzvarE vyazvasIt sa ca vizvAsastasmai puNyArthaM gaNitO babhUva,
3003070043	atO yE vizvAsAzritAsta EvEbrAhImaH santAnA iti yuSmAbhi rjnjAyatAM|
30030800ac	IzvarO bhinnajAtIyAn vizvAsEna sapuNyIkariSyatIti pUrvvaM jnjAtvA zAstradAtA pUrvvam ibrAhImaM susaMvAdaM zrAvayana jagAda, tvattO bhinnajAtIyAH sarvva AziSaM prApsyantIti|
3003090041	atO yE vizvAsAzritAstE vizvAsinEbrAhImA sArddham AziSaM labhantE|
30030a00bc	yAvantO lOkA vyavasthAyAH karmmaNyAzrayanti tE sarvvE zApAdhInA bhavanti yatO likhitamAstE, yathA, "yaH kazcid Etasya vyavasthAgranthasya sarvvavAkyAni nizcidraM na pAlayati sa zapta iti|"
30030b0081	Izvarasya sAkSAt kO'pi vyavasthayA sapuNyO na bhavati tada vyaktaM yataH "puNyavAn mAnavO vizvAsEna jIviSyatIti" zAstrIyaM vacaH|
30030c006f	vyavasthA tu vizvAsasambandhinI na bhavati kintvEtAni yaH pAlayiSyati sa Eva tai rjIviSyatItiniyamasambandhinI|
30030d00b1	khrISTO'smAn parikrIya vyavasthAyAH zApAt mOcitavAn yatO'smAkaM vinimayEna sa svayaM zApAspadamabhavat tadadhi likhitamAstE, yathA, "yaH kazcit tarAvullambyatE sO'bhizapta iti|"
30030e007b	tasmAd khrISTEna yIzunEvrAhIma AzI rbhinnajAtIyalOkESu varttatE tEna vayaM pratijnjAtam AtmAnaM vizvAsEna labdhuM zaknumaH|
30030f0082	hE bhrAtRgaNa mAnuSANAM rItyanusArENAhaM kathayAmi kEnacit mAnavEna yO niyamO niracAyi tasya vikRti rvRddhi rvA kEnApi na kriyatE|
30031000aa	parantvibrAhImE tasya santAnAya ca pratijnjAH prati zuzruvirE tatra santAnazabdaM bahuvacanAntam abhUtvA tava santAnAyEtyEkavacanAntaM babhUva sa ca santAnaH khrISTa Eva|
30031100c5	ataEvAhaM vadAmi, IzvarENa yO niyamaH purA khrISTamadhi niracAyi tataH paraM triMzadadhikacatuHzatavatsarESu gatESu sthApitA vyavasthA taM niyamaM nirarthakIkRtya tadIyapratijnjA lOptuM na zaknOti|
3003120085	yasmAt sampadadhikArO yadi vyavasthayA bhavati tarhi pratijnjayA na bhavati kintvIzvaraH pratijnjayA tadadhikAritvam ibrAhImE 'dadAt|
30031300b5	tarhi vyavasthA kimbhUtA? pratijnjA yasmai pratizrutA tasya santAnasyAgamanaM yAvad vyabhicAranivAraNArthaM vyavasthApi dattA, sA ca dUtairAjnjApitA madhyasthasya karE samarpitA ca|
3003140030	naikasya madhyasthO vidyatE kintvIzvara Eka Eva|
30031500a3	tarhi vyavasthA kim Izvarasya pratijnjAnAM viruddhA? tanna bhavatu| yasmAd yadi sA vyavasthA jIvanadAnEsamarthAbhaviSyat tarhi vyavasthayaiva puNyalAbhO'bhaviSyat|
300316008d	kintu yIzukhrISTE yO vizvAsastatsambandhiyAH pratijnjAyAH phalaM yad vizvAsilOkEbhyO dIyatE tadarthaM zAstradAtA sarvvAn pApAdhInAn gaNayati|
3003170065	ataEva vizvAsasyAnAgatasamayE vayaM vyavasthAdhInAH santO vizvAsasyOdayaM yAvad ruddhA ivArakSyAmahE|
3003180079	itthaM vayaM yad vizvAsEna sapuNyIbhavAmastadarthaM khrISTasya samIpam asmAn nEtuM vyavasthAgrathO'smAkaM vinEtA babhUva|
300319003d	kintvadhunAgatE vizvAsE vayaM tasya vinEturanadhInA abhavAma|
30031a003e	khrISTE yIzau vizvasanAt sarvvE yUyam Izvarasya santAnA jAtAH|
30031b004c	yUyaM yAvantO lOkAH khrISTE majjitA abhavata sarvvE khrISTaM parihitavantaH|
30031c0078	atO yuSmanmadhyE yihUdiyUnAninO rdAsasvatantrayO ryOSApuruSayOzca kO'pi vizESO nAsti; sarvvE yUyaM khrISTE yIzAvEka Eva|
30031d006b	kinjca yUyaM yadi khrISTasya bhavatha tarhi sutarAm ibrAhImaH santAnAH pratijnjayA sampadadhikAriNazcAdhvE|
3004010077	ahaM vadAmi sampadadhikArI yAvad bAlastiSThati tAvat sarvvasvasyAdhipatiH sannapi sa dAsAt kEnApi viSayENa na viziSyatE
3004020051	kintu pitrA nirUpitaM samayaM yAvat pAlakAnAM dhanAdhyakSANAnjca nighnastiSThati|
3004030047	tadvad vayamapi bAlyakAlE dAsA iva saMsArasyAkSaramAlAyA adhInA AsmahE|
3004040043	anantaraM samayE sampUrNatAM gatavati vyavasthAdhInAnAM mOcanArtham
3004050064	asmAkaM putratvaprAptyarthanjcEzvaraH striyA jAtaM vyavasthAyA adhinIbhUtanjca svaputraM prESitavAn|
3004060086	yUyaM santAnA abhavata tatkAraNAd IzvaraH svaputrasyAtmAnAM yuSmAkam antaHkaraNAni prahitavAn sa cAtmA pitaH pitarityAhvAnaM kArayati|
300407006b	ata idAnIM yUyaM na dAsAH kintuH santAnA Eva tasmAt santAnatvAcca khrISTEnEzvarIyasampadadhikAriNO'pyAdhvE|
3004080058	aparanjca pUrvvaM yUyam IzvaraM na jnjAtvA yE svabhAvatO'nIzvarAstESAM dAsatvE'tiSThata|
30040900aa	idAnIm IzvaraM jnjAtvA yadi vEzvarENa jnjAtA yUyaM kathaM punastAni viphalAni tucchAni cAkSarANi prati parAvarttituM zaknutha? yUyaM kiM punastESAM dAsA bhavitumicchatha?
30040a0037	yUyaM divasAn mAsAn tithIn saMvatsarAMzca sammanyadhvE|
30040b0050	yuSmadarthaM mayA yaH parizramO'kAri sa viphalO jAta iti yuSmAnadhyahaM bibhEmi|
30040c0083	hE bhrAtaraH, ahaM yAdRzO'smi yUyamapi tAdRzA bhavatEti prArthayE yatO'hamapi yuSmattulyO'bhavaM yuSmAbhi rmama kimapi nAparAddhaM|
30040d0053	pUrvvamahaM kalEvarasya daurbbalyEna yuSmAn susaMvAdam ajnjApayamiti yUyaM jAnItha|
30040e0099	tadAnIM mama parIkSakaM zArIraklEzaM dRSTvA yUyaM mAm avajnjAya RtIyitavantastannahi kintvIzvarasya dUtamiva sAkSAt khrISTa yIzumiva vA mAM gRhItavantaH|
30040f00a3	atastadAnIM yuSmAkaM yA dhanyatAbhavat sA kka gatA? tadAnIM yUyaM yadi svESAM nayanAnyutpATya mahyaM dAtum azakSyata tarhi tadapyakariSyatEti pramANam ahaM dadAmi|
3004100038	sAmpratamahaM satyavAditvAt kiM yuSmAkaM ripu rjAtO'smi?
3004110085	tE yuSmatkRtE sparddhantE kintu sA sparddhA kutsitA yatO yUyaM tAnadhi yat sparddhadhvaM tadarthaM tE yuSmAn pRthak karttum icchanti|
3004120063	kEvalaM yuSmatsamIpE mamOpasthitisamayE tannahi, kintu sarvvadaiva bhadramadhi sparddhanaM bhadraM|
300413007c	hE mama bAlakAH, yuSmadanta ryAvat khrISTO mUrtimAn na bhavati tAvad yuSmatkAraNAt punaH prasavavEdanEva mama vEdanA jAyatE|
3004140067	ahamidAnIM yuSmAkaM sannidhiM gatvA svarAntarENa yuSmAn sambhASituM kAmayE yatO yuSmAnadhi vyAkulO'smi|
3004150047	hE vyavasthAdhInatAkAgkSiNaH yUyaM kiM vyavasthAyA vacanaM na gRhlItha?
3004160060	tanmAM vadata| likhitamAstE, ibrAhImO dvau putrAvAsAtE tayOrEkO dAsyAM dvitIyazca patnyAM jAtaH|
300417005b	tayO ryO dAsyAM jAtaH sa zArIrikaniyamEna jajnjE yazca patnyAM jAtaH sa pratijnjayA jajnjE|
300418007b	idamAkhyAnaM dRSTantasvarUpaM| tE dvE yOSitAvIzvarIyasandhI tayOrEkA sInayaparvvatAd utpannA dAsajanayitrI ca sA tu hAjirA|
300419008c	yasmAd hAjirAzabdEnAravadEzasthasInayaparvvatO bOdhyatE, sA ca varttamAnAyA yirUzAlampuryyAH sadRzI| yataH svabAlaiH sahitA sA dAsatva AstE|
30041a0040	kintu svargIyA yirUzAlampurI patnI sarvvESAm asmAkaM mAtA cAstE|
30041b00c9	yAdRzaM likhitam AstE, "vandhyE santAnahInE tvaM svaraM jayajayaM kuru| aprasUtE tvayOllAsO jayAzabdazca gIyatAM| yata Eva sanAthAyA yOSitaH santatE rgaNAt| anAthA yA bhavEnnArI tadapatyAni bhUrizaH||"
30041c003a	hE bhrAtRgaNa, imhAk iva vayaM pratijnjayA jAtAH santAnAH|
30041d0065	kintu tadAnIM zArIrikaniyamEna jAtaH putrO yadvad AtmikaniyamEna jAtaM putram upAdravat tathAdhunApi|
30041e0089	kintu zAstrE kiM likhitaM? "tvam imAM dAsIM tasyAH putranjcApasAraya yata ESa dAsIputraH patnIputrENa samaM nOttarAdhikArI bhaviyyatIti|"
30041f004d	ataEva hE bhrAtaraH, vayaM dAsyAH santAnA na bhUtvA pAtnyAH santAnA bhavAmaH|
300501006b	khrISTO'smabhyaM yat svAtantryaM dattavAn yUyaM tatra sthirAstiSThata dAsatvayugEna puna rna nibadhyadhvaM|
3005020060	pazyatAhaM paulO yuSmAn vadAmi yadi chinnatvacO bhavatha tarhi khrISTEna kimapi nOpakAriSyadhvE|
3005030068	aparaM yaH kazcit chinnatvag bhavati sa kRtsnavyavasthAyAH pAlanam IzvarAya dhArayatIti pramANaM dadAmi|
300504006a	yuSmAkaM yAvantO lOkA vyavasthayA sapuNyIbhavituM cESTantE tE sarvvE khrISTAd bhraSTA anugrahAt patitAzca|
300505003c	yatO vayam AtmanA vizvAsAt puNyalAbhAzAsiddhaM pratIkSAmahE|
3005060063	khrISTE yIzau tvakchEdAtvakchEdayOH kimapi guNaM nAsti kintu prEmnA saphalO vizvAsa Eva guNayuktaH|
3005070054	pUrvvaM yUyaM sundaram adhAvata kintvidAnIM kEna bAdhAM prApya satyatAM na gRhlItha?
3005080034	yuSmAkaM sA mati ryuSmadAhvAnakAriNa IzvarAnna jAtA|
300509002e	vikAraH kRtsnazaktUnAM svalpakiNvEna jasayatE|
30050a0091	yuSmAkaM mati rvikAraM na gamiSyatItyahaM yuSmAnadhi prabhunAzaMsE; kintu yO yuSmAn vicAralayati sa yaH kazcid bhavEt samucitaM daNPaM prApsyati|
30050b0087	parantu hE bhrAtaraH, yadyaham idAnIm api tvakchEdaM pracArayEyaM tarhi kuta upadravaM bhunjjiya? tatkRtE kruzaM nirbbAdham abhaviSyat|
30050c0047	yE janA yuSmAkaM cAnjcalyaM janayanti tESAM chEdanamEva mayAbhilaSyatE|
30050d009c	hE bhrAtaraH, yUyaM svAtantryArtham AhUtA AdhvE kintu tatsvAtantryadvArENa zArIrikabhAvO yuSmAn na pravizatu| yUyaM prEmnA parasparaM paricaryyAM kurudhvaM|
30050e005c	yasmAt tvaM samIpavAsini svavat prEma kuryyA ityEkAjnjA kRtsnAyA vyavasthAyAH sArasaMgrahaH|
30050f0087	kintu yUyaM yadi parasparaM daMdazyadhvE 'zAzyadhvE ca tarhi yuSmAkam EkO'nyEna yanna grasyatE tatra yuSmAbhiH sAvadhAnai rbhavitavyaM|
3005100043	ahaM bravImi yUyam AtmikAcAraM kuruta zArIrikAbhilASaM mA pUrayata|
30051100a7	yataH zArIrikAbhilASa AtmanO viparItaH, AtmikAbhilASazca zarIrasya viparItaH, anayOrubhayOH parasparaM virOdhO vidyatE tEna yuSmAbhi ryad abhilaSyatE tanna karttavyaM|
3005120041	yUyaM yadyAtmanA vinIyadhvE tarhi vyavasthAyA adhInA na bhavatha|
3005130043	aparaM paradAragamanaM vEzyAgamanam azucitA kAmukatA pratimApUjanam
300514003f	indrajAlaM zatrutvaM vivAdO'ntarjvalanaM krOdhaH kalahO'naikyaM
30051500eb	pArthakyam IrSyA vadhO mattatvaM lampaTatvamityAdIni spaSTatvEna zArIrikabhAvasya karmmANi santi| pUrvvaM yadvat mayA kathitaM tadvat punarapi kathyatE yE janA EtAdRzAni karmmANyAcaranti tairIzvarasya rAjyE'dhikAraH kadAca na lapsyatE|
300516004e	kinjca prEmAnandaH zAntizcirasahiSNutA hitaiSitA bhadratvaM vizvAsyatA titikSA
3005170052	parimitabhOjitvamityAdInyAtmanaH phalAni santi tESAM viruddhA kApi vyavasthA nahi|
3005180058	yE tu khrISTasya lOkAstE ripubhirabhilASaizca sahitaM zArIrikabhAvaM kruzE nihatavantaH|
300519003c	yadi vayam AtmanA jIvAmastarhyAtmikAcArO'smAbhiH karttavyaH,
30051a003f	darpaH parasparaM nirbhartsanaM dvESazcAsmAbhi rna karttavyAni|
30060100c7	hE bhrAtaraH, yuSmAkaM kazcid yadi kasmiMzcit pApE patati tarhyAtmikabhAvayuktai ryuSmAbhistitikSAbhAvaM vidhAya sa punarutthApyatAM yUyamapi yathA tAdRkparIkSAyAM na patatha tathA sAvadhAnA bhavata|
3006020056	yuSmAkam EkaikO janaH parasya bhAraM vahatvanEna prakArENa khrISTasya vidhiM pAlayata|
300603004d	yadi kazcana kSudraH san svaM mahAntaM manyatE tarhi tasyAtmavanjcanA jAyatE|
3006040078	ata EkaikEna janEna svakIyakarmmaNaH parIkSA kriyatAM tEna paraM nAlOkya kEvalam AtmAlOkanAt tasya zlaghA sambhaviSyati|
300605002b	yata EkaikO janaH svakIyaM bhAraM vakSyati|
3006060053	yO janO dharmmOpadEzaM labhatE sa upadESTAraM svIyasarvvasampattE rbhAginaM karOtu|
300607006c	yuSmAkaM bhrAnti rna bhavatu, IzvarO nOpahasitavyaH, yEna yad bIjam upyatE tEna tajjAtaM zasyaM karttiSyatE|
3006080099	svazarIrArthaM yEna bIjam upyatE tEna zarIrAd vinAzarUpaM zasyaM lapsyatE kintvAtmanaH kRtE yEna bIjam upyatE tEnAtmatO'nantajIvitarUpaM zasyaM lapsyatE|
3006090072	satkarmmakaraNE'smAbhirazrAntai rbhavitavyaM yatO'klAntaustiSThadbhirasmAbhirupayuktasamayE tat phalAni lapsyantE|
30060a006e	atO yAvat samayastiSThati tAvat sarvvAn prati vizESatO vizvAsavEzmavAsinaH pratyasmAbhi rhitAcAraH karttavyaH|
30060b005f	hE bhrAtaraH, ahaM svahastEna yuSmAn prati kiyadvRhat patraM likhitavAn tad yuSmAbhi rdRzyatAM|
30060c009f	yE zArIrikaviSayE sudRzyA bhavitumicchanti tE yat khrISTasya kruzasya kAraNAdupadravasya bhAginO na bhavanti kEvalaM tadarthaM tvakchEdE yuSmAn pravarttayanti|
30060d0072	tE tvakchEdagrAhiNO'pi vyavasthAM na pAlayanti kintu yuSmaccharIrAt zlAghAlAbhArthaM yuSmAkaM tvakchEdam icchanti|
30060e008f	kintu yEnAhaM saMsArAya hataH saMsArO'pi mahyaM hatastadasmatprabhO ryIzukhrISTasya kruzaM vinAnyatra kutrApi mama zlAghanaM kadApi na bhavatu|
30060f0058	khrISTE yIzau tvakchEdAtvakchEdayOH kimapi guNaM nAsti kintu navInA sRSTirEva guNayuktA|
300610006b	aparaM yAvantO lOkA Etasmin mArgE caranti tESAm IzvarIyasya kRtsnasyEsrAyElazca zAnti rdayAlAbhazca bhUyAt|
300611005d	itaH paraM kO'pi mAM na kliznAtu yasmAd ahaM svagAtrE prabhO ryIzukhrISTasya cihnAni dhArayE|
3006120056	hE bhrAtaraH asmAkaM prabhO ryIzukhrISTasya prasAdO yuSmAkam Atmani sthEyAt| tathAstu|
3100000009	iphiSiNaH
310101007b	IzvarasyEcchayA yIzukhrISTasya prEritaH paula iphiSanagarasthAn pavitrAn khrISTayIzau vizvAsinO lOkAn prati patraM likhati|
3101020055	asmAkaM tAtasyEzvarasya prabhO ryIzukhrISTasya cAnugrahaH zAntizca yuSmAsu varttatAM|
3101030083	asmAkaM prabhO ryIzOH khrISTasya tAta IzvarO dhanyO bhavatu; yataH sa khrISTEnAsmabhyaM sarvvam AdhyAtmikaM svargIyavaraM dattavAn|
3101040090	vayaM yat tasya samakSaM prEmnA pavitrA niSkalagkAzca bhavAmastadarthaM sa jagataH sRSTE pUrvvaM tEnAsmAn abhirOcitavAn, nijAbhilaSitAnurOdhAcca
3101050072	yIzunA khrISTEna svasya nimittaM putratvapadE'smAn svakIyAnugrahasya mahattvasya prazaMsArthaM pUrvvaM niyuktavAn|
310106003e	tasmAd anugrahAt sa yEna priyatamEna putrENAsmAn anugRhItavAn,
310107003d	vayaM tasya zONitEna muktim arthataH pApakSamAM labdhavantaH|
3101080069	tasya ya IdRzO'nugrahanidhistasmAt sO'smabhyaM sarvvavidhaM jnjAnaM buddhinjca bAhulyarUpENa vitaritavAn|
310109004e	svargapRthivyO ryadyad vidyatE tatsarvvaM sa khrISTE saMgrahISyatIti hitaiSiNA
31010a0083	tEna kRtO yO manOrathaH sampUrNatAM gatavatsu samayESu sAdhayitavyastamadhi sa svakIyAbhilASasya nigUPhaM bhAvam asmAn jnjApitavAn|
31010b004e	pUrvvaM khrISTE vizvAsinO yE vayam asmattO yat tasya mahimnaH prazaMsA jAyatE,
31010c0085	tadarthaM yaH svakIyEcchAyAH mantraNAtaH sarvvANi sAdhayati tasya manOrathAd vayaM khrISTEna pUrvvaM nirUpitAH santO'dhikAriNO jAtAH|
31010d0097	yUyamapi satyaM vAkyam arthatO yuSmatparitrANasya susaMvAdaM nizamya tasminnEva khrISTE vizvasitavantaH pratijnjAtEna pavitrENAtmanA mudrayEvAgkitAzca|
31010e0093	yatastasya mahimnaH prakAzAya tEna krItAnAM lOkAnAM mukti ryAvanna bhaviSyati tAvat sa AtmAsmAkam adhikAritvasya satyagkArasya paNasvarUpO bhavati|
31010f005b	prabhau yIzau yuSmAkaM vizvAsaH sarvvESu pavitralOkESu prEma cAsta iti vArttAM zrutvAhamapi
310110005e	yuSmAnadhi nirantaram IzvaraM dhanyaM vadan prArthanAsamayE ca yuSmAn smaran varamimaM yAcAmi|
3101110095	asmAkaM prabhO ryIzukhrISTasya tAtO yaH prabhAvAkara IzvaraH sa svakIyatattvajnjAnAya yuSmabhyaM jnjAnajanakam prakAzitavAkyabOdhakanjcAtmAnaM dEyAt|
31011200b9	yuSmAkaM jnjAnacakSUMSi ca dIptiyuktAni kRtvA tasyAhvAnaM kIdRzyA pratyAzayA sambalitaM pavitralOkAnAM madhyE tEna dattO'dhikAraH kIdRzaH prabhAvanidhi rvizvAsiSu cAsmAsu prakAzamAnasya
310113004d	tadIyamahAparAkramasya mahatvaM kIdRg anupamaM tat sarvvaM yuSmAn jnjApayatu|
3101140056	yataH sa yasyAH zaktEH prabalatAM khrISTE prakAzayan mRtagaNamadhyAt tam utthApitavAn,
31011500a8	adhipatitvapadaM zAsanapadaM parAkramO rAjatvanjcEtinAmAni yAvanti padAnIha lOkE paralOkE ca vidyantE tESAM sarvvESAm UrddhvE svargE nijadakSiNapArzvE tam upavEzitavAn,
310116008a	sarvvANi tasya caraNayOradhO nihitavAn yA samitistasya zarIraM sarvvatra sarvvESAM pUrayituH pUrakanjca bhavati taM tasyA mUrddhAnaM kRtvA
310117004a	sarvvESAm uparyyupari niyuktavAMzca saiva zaktirasmAsvapi tEna prakAzyatE|
3102010066	purA yUyam aparAdhaiH pApaizca mRtAH santastAnyAcaranta ihalOkasya saMsArAnusArENAkAzarAjyasyAdhipatim
3102020048	arthataH sAmpratam AjnjAlagghivaMzESu karmmakAriNam AtmAnam anvavrajata|
31020300a3	tESAM madhyE sarvvE vayamapi pUrvvaM zarIrasya manaskAmanAyAnjcEhAM sAdhayantaH svazarIrasyAbhilASAn AcarAma sarvvE'nya iva ca svabhAvataH krOdhabhajanAnyabhavAma|
3102040036	kintu karuNAnidhirIzvarO yEna mahAprEmnAsmAn dayitavAn
3102050072	tasya svaprEmnO bAhulyAd aparAdhai rmRtAnapyasmAn khrISTEna saha jIvitavAn yatO'nugrahAd yUyaM paritrANaM prAptAH|
310206004d	sa ca khrISTEna yIzunAsmAn tEna sArddham utthApitavAn svarga upavEzitavAMzca|
3102070075	itthaM sa khrISTEna yIzunAsmAn prati svahitaiSitayA bhAviyugESu svakIyAnugrahasyAnupamaM nidhiM prakAzayitum icchati|
310208005f	yUyam anugrahAd vizvAsEna paritrANaM prAptAH, tacca yuSmanmUlakaM nahi kintvIzvarasyaiva dAnaM,
310209003b	tat karmmaNAM phalam api nahi, ataH kEnApi na zlAghitavyaM|
31020a006a	yatO vayaM tasya kAryyaM prAg IzvarENa nirUpitAbhiH satkriyAbhiH kAlayApanAya khrISTE yIzau tEna mRSTAzca|
31020b0085	purA janmanA bhinnajAtIyA hastakRtaM tvakchEdaM prAptai rlOkaizcAcchinnatvaca itinAmnA khyAtA yE yUyaM tai ryuSmAbhiridaM smarttavyaM
31020c00a1	yat tasmin samayE yUyaM khrISTAd bhinnA isrAyElalOkAnAM sahavAsAd dUrasthAH pratijnjAsambalitaniyamAnAM bahiH sthitAH santO nirAzA nirIzvarAzca jagatyAdhvam iti|
31020d006b	kintvadhunA khrISTE yIzAvAzrayaM prApya purA dUravarttinO yUyaM khrISTasya zONitEna nikaTavarttinO'bhavata|
31020e00a0	yataH sa EvAsmAkaM sandhiH sa dvayam EkIkRtavAn zatrutArUpiNIM madhyavarttinIM prabhEdakabhittiM bhagnavAn daNPAjnjAyuktaM vidhizAstraM svazarIrENa luptavAMzca|
31020f0046	yataH sa sandhiM vidhAya tau dvau svasmin EkaM nutanaM mAnavaM karttuM
3102100066	svakIyakruzE zatrutAM nihatya tEnaivaikasmin zarIrE tayO rdvayOrIzvarENa sandhiM kArayituM nizcatavAn|
310211005a	sa cAgatya dUravarttinO yuSmAn nikaTavarttinO 'smAMzca sandhE rmaggalavArttAM jnjApitavAn|
310212005a	yatastasmAd ubhayapakSIyA vayam EkEnAtmanA pituH samIpaM gamanAya sAmarthyaM prAptavantaH|
310213006e	ata idAnIM yUyam asamparkIyA vidEzinazca na tiSThanataH pavitralOkaiH sahavAsina Izvarasya vEzmavAsinazcAdhvE|
3102140098	aparaM prEritA bhaviSyadvAdinazca yatra bhittimUlasvarUpAstatra yUyaM tasmin mUlE nicIyadhvE tatra ca svayaM yIzuH khrISTaH pradhAnaH kONasthaprastaraH|
3102150052	tEna kRtsnA nirmmitiH saMgrathyamAnA prabhOH pavitraM mandiraM bhavituM varddhatE|
3102160042	yUyamapi tatra saMgrathyamAnA AtmanEzvarasya vAsasthAnaM bhavatha|
310301005a	atO hEtO rbhinnajAtIyAnAM yuSmAkaM nimittaM yIzukhrISTasya bandI yaH sO'haM paulO bravImi|
3103020059	yuSmadartham IzvarENa mahyaM dattasya varasya niyamaH kIdRzastad yuSmAbhirazrAvIti manyE|
3103030072	arthataH pUrvvaM mayA saMkSEpENa yathA likhitaM tathAhaM prakAzitavAkyEnEzvarasya nigUPhaM bhAvaM jnjApitO'bhavaM|
310304005e	atO yuSmAbhistat paThitvA khrISTamadhi tasminnigUPhE bhAvE mama jnjAnaM kIdRzaM tad bhOtsyatE|
310305008b	pUrvvayugESu mAnavasantAnAstaM jnjApitA nAsan kintvadhunA sa bhAvastasya pavitrAn prEritAn bhaviSyadvAdinazca pratyAtmanA prakAzitO'bhavat;
3103060073	arthata Izvarasya zaktEH prakAzAt tasyAnugrahENa yO varO mahyam adAyi tEnAhaM yasya susaMvAdasya paricArakO'bhavaM,
3103070070	tadvArA khrISTEna bhinnajAtIyA anyaiH sArddham EkAdhikArA EkazarIrA EkasyAH pratijnjAyA aMzinazca bhaviSyantIti|
3103080095	sarvvESAM pavitralOkAnAM kSudratamAya mahyaM varO'yam adAyi yad bhinnajAtIyAnAM madhyE bOdhAgayasya guNanidhEH khrISTasya maggalavArttAM pracArayAmi,
310309005e	kAlAvasthAtaH pUrvvasmAcca yO nigUPhabhAva IzvarE gupta AsIt tadIyaniyamaM sarvvAn jnjApayAmi|
31030a00a3	yata Izvarasya nAnArUpaM jnjAnaM yat sAmprataM samityA svargE prAdhAnyaparAkramayuktAnAM dUtAnAM nikaTE prakAzyatE tadarthaM sa yIzunA khrISTEna sarvvANi sRSTavAn|
31030b0054	yatO vayaM yasmin vizvasya dRPhabhaktyA nirbhayatAm Izvarasya samAgamE sAmarthyanjca
31030c0062	prAptavantastamasmAkaM prabhuM yIzuM khrISTamadhi sa kAlAvasthAyAH pUrvvaM taM manOrathaM kRtavAn|
31030d0066	atO'haM yuSmannimittaM duHkhabhOgEna klAntiM yanna gacchAmIti prArthayE yatastadEva yuSmAkaM gauravaM|
31030e0047	atO hEtOH svargapRthivyOH sthitaH kRtsnO vaMzO yasya nAmnA vikhyAtastam
31030f0069	asmatprabhO ryIzukhrISTasya pitaramuddizyAhaM jAnunI pAtayitvA tasya prabhAvanidhitO varamimaM prArthayE|
310310003e	tasyAtmanA yuSmAkam AntarikapuruSasya zaktE rvRddhiH kriyatAM|
3103110069	khrISTastu vizvAsEna yuSmAkaM hRdayESu nivasatu| prEmaNi yuSmAkaM baddhamUlatvaM susthiratvanjca bhavatu|
310312007c	itthaM prasthatAyA dIrghatAyA gabhIratAyA uccatAyAzca bOdhAya sarvvaiH pavitralOkaiH prApyaM sAmarthyaM yuSmAbhi rlabhyatAM,
3103130069	jnjAnAtiriktaM khrISTasya prEma jnjAyatAm Izvarasya sampUrNavRddhiparyyantaM yuSmAkaM vRddhi rbhavatu ca|
310314007a	asmAkam antarE yA zaktiH prakAzatE tayA sarvvAtiriktaM karmma kurvvan asmAkaM prArthanAM kalpanAnjcAtikramituM yaH zaknOti
310315004b	khrISTayIzunA samitE rmadhyE sarvvESu yugESu tasya dhanyavAdO bhavatu| iti|
3104010052	atO bandirahaM prabhO rnAmnA yuSmAn vinayE yUyaM yEnAhvAnEnAhUtAstadupayuktarUpENa
310402004a	sarvvathA namratAM mRdutAM titikSAM parasparaM pramnA sahiSNutAnjcAcarata|
3104030033	praNayabandhanEna cAtmana EkyaM rakSituM yatadhvaM|
3104040050	yUyam EkazarIrA EkAtmAnazca tadvad AhvAnEna yUyam EkapratyAzAprAptayE samAhUtAH|
310405003f	yuSmAkam EkaH prabhurEkO vizvAsa EkaM majjanaM, sarvvESAM tAtaH
310406004e	sarvvOparisthaH sarvvavyApI sarvvESAM yuSmAkaM madhyavarttI caika Izvara AstE|
3104070049	kintu khrISTasya dAnaparimANAnusArAd asmAkam Ekaikasmai vizESO varO'dAyi|
3104080078	yathA likhitam AstE, "Urddhvam Aruhya jEtRn sa vijitya bandinO'karOt| tataH sa manujEbhyO'pi svIyAn vyazrANayad varAn||"
3104090061	Urddhvam AruhyEtivAkyasyAyamarthaH sa pUrvvaM pRthivIrUpaM sarvvAdhaHsthitaM sthAnam avatIrNavAn;
31040a0059	yazcAvatIrNavAn sa Eva svargANAm uparyyuparyyArUPhavAn yataH sarvvANi tEna pUrayitavyAni|
31040b0075	sa Eva ca kAMzcana prEritAn aparAn bhaviSyadvAdinO'parAn susaMvAdapracArakAn aparAn pAlakAn upadEzakAMzca niyuktavAn|
31040c00ab	yAvad vayaM sarvvE vizvAsasyEzvaraputraviSayakasya tattvajnjAnasya caikyaM sampUrNaM puruSarthanjcArthataH khrISTasya sampUrNaparimANasya samaM parimANaM na prApnumastAvat
31040d0073	sa paricaryyAkarmmasAdhanAya khrISTasya zarIrasya niSThAyai ca pavitralOkAnAM siddhatAyAstAdRzam upAyaM nizcitavAn|
31040e0097	ataEva mAnuSANAM cAturItO bhramakadhUrttatAyAzchalAcca jAtEna sarvvENa zikSAvAyunA vayaM yad bAlakA iva dOlAyamAnA na bhrAmyAma ityasmAbhi ryatitavyaM,
31040f005c	prEmnA satyatAm AcaradbhiH sarvvaviSayE khrISTam uddizya varddhitavyanjca, yataH sa mUrddhA,
31041000c7	tasmAccaikaikasyAggasya svasvaparimANAnusArENa sAhAyyakaraNAd upakArakaiH sarvvaiH sandhibhiH kRtsnasya zarIrasya saMyOgE sammilanE ca jAtE prEmnA niSThAM labhamAnaM kRtsnaM zarIraM vRddhiM prApnOti|
3104110056	yuSmAn ahaM prabhunEdaM bravImyAdizAmi ca, anyE bhinnajAtIyA iva yUyaM pUna rmAcarata|
310412007d	yatastE svamanOmAyAm AcarantyAntarikAjnjAnAt mAnasikakAThinyAcca timirAvRtabuddhaya IzvarIyajIvanasya bagIrbhUtAzca bhavanti,
3104130060	svAn caitanyazUnyAn kRtvA ca lObhEna sarvvavidhAzaucAcaraNAya lampaTatAyAM svAn samarpitavantaH|
310414002f	kintu yUyaM khrISTaM na tAdRzaM paricitavantaH,
3104150068	yatO yUyaM taM zrutavantO yA satyA zikSA yIzutO labhyA tadanusArAt tadIyOpadEzaM prAptavantazcEti manyE|
310416007a	tasmAt pUrvvakAlikAcArakArI yaH purAtanapuruSO mAyAbhilASai rnazyati taM tyaktvA yuSmAbhi rmAnasikabhAvO nUtanIkarttavyaH,
3104170034	yO navapuruSa IzvarAnurUpENa puNyEna satyatAsahitEna
3104180030	dhArmmikatvEna ca sRSTaH sa Eva paridhAtavyazca|
310419007e	atO yUyaM sarvvE mithyAkathanaM parityajya samIpavAsibhiH saha satyAlApaM kuruta yatO vayaM parasparam aggapratyaggA bhavAmaH|
31041a0053	aparaM krOdhE jAtE pApaM mA kurudhvam, azAntE yuSmAkaM rOSEsUryyO'staM na gacchatu|
31041b0021	aparaM zayatAnE sthAnaM mA datta|
31041c0078	cOraH punazcairyyaM na karOtu kintu dInAya dAnE sAmarthyaM yajjAyatE tadarthaM svakarAbhyAM sadvRttyA parizramaM karOtu|
31041d009b	aparaM yuSmAkaM vadanEbhyaH kO'pi kadAlApO na nirgacchatu, kintu yEna zrOturupakArO jAyatE tAdRzaH prayOjanIyaniSThAyai phaladAyaka AlApO yuSmAkaM bhavatu|
31041e0071	aparanjca yUyaM muktidinaparyyantam Izvarasya yEna pavitrENAtmanA mudrayAgkitA abhavata taM zOkAnvitaM mA kuruta|
31041f0062	aparaM kaTuvAkyaM rOSaH kOSaH kalahO nindA sarvvavidhadvESazcaitAni yuSmAkaM madhyAd dUrIbhavantu|
3104200099	yUyaM parasparaM hitaiSiNaH kOmalAntaHkaraNAzca bhavata| aparam IzvaraH khrISTEna yadvad yuSmAkaM dOSAn kSamitavAn tadvad yUyamapi parasparaM kSamadhvaM|
3105010032	atO yUyaM priyabAlakA ivEzvarasyAnukAriNO bhavata,
310502009f	khrISTa iva prEmAcAraM kuruta ca, yataH sO'smAsu prEma kRtavAn asmAkaM vinimayEna cAtmanivEdanaM kRtvA grAhyasugandhArthakam upahAraM balinjcEzvarAca dattavAn|
310503007f	kintu vEzyAgamanaM sarvvavidhAzaucakriyA lObhazcaitESAm uccAraNamapi yuSmAkaM madhyE na bhavatu, EtadEva pavitralOkAnAm ucitaM|
310504006a	aparaM kutsitAlApaH pralApaH zlESOktizca na bhavatu yata EtAnyanucitAni kintvIzvarasya dhanyavAdO bhavatu|
310505009f	vEzyAgAmyazaucAcArI dEvapUjaka iva gaNyO lObhI caitESAM kOSi khrISTasya rAjyE'rthata Izvarasya rAjyE kamapyadhikAraM na prApsyatIti yuSmAbhiH samyak jnjAyatAM|
310506006d	anarthakavAkyEna kO'pi yuSmAn na vanjcayatu yatastAdRgAcArahEtOranAjnjAgrAhiSu lOkESvIzvarasya kOpO varttatE|
3105070029	tasmAd yUyaM taiH sahabhAginO na bhavata|
3105080076	pUrvvaM yUyam andhakArasvarUpA AdhvaM kintvidAnIM prabhunA dIptisvarUpA bhavatha tasmAd dIptEH santAnA iva samAcarata|
310509004d	dIptE ryat phalaM tat sarvvavidhahitaiSitAyAM dharmmE satyAlApE ca prakAzatE|
31050a0025	prabhavE yad rOcatE tat parIkSadhvaM|
31050b004d	yUyaM timirasya viphalakarmmaNAm aMzinO na bhUtvA tESAM dOSitvaM prakAzayata|
31050c0043	yatastE lOkA rahami yad yad Acaranti taduccAraNam api lajjAjanakaM|
31050d005a	yatO dIptyA yad yat prakAzyatE tat tayA cakAsyatE yacca cakAsti tad dIptisvarUpaM bhavati|
31050e007f	EtatkAraNAd uktam AstE, "hE nidrita prabudhyasva mRtEbhyazcOtthitiM kuru| tatkRtE sUryyavat khrISTaH svayaM tvAM dyOtayiSyati|"
31050f0051	ataH sAvadhAnA bhavata, ajnjAnA iva mAcarata kintu jnjAnina iva satarkam Acarata|
3105100033	samayaM bahumUlyaM gaNayadhvaM yataH kAlA abhadrAH|
310511004e	tasmAd yUyam ajnjAnA na bhavata kintu prabhOrabhimataM kiM tadavagatA bhavata|
3105120047	sarvvanAzajanakEna surApAnEna mattA mA bhavata kintvAtmanA pUryyadhvaM|
3105130075	aparaM gItai rgAnaiH pAramArthikakIrttanaizca parasparam AlapantO manasA sArddhaM prabhum uddizya gAyata vAdayata ca|
3105140055	sarvvadA sarvvaviSayE'smatprabhO yIzOH khrISTasya nAmnA tAtam IzvaraM dhanyaM vadata|
310515003a	yUyam IzvarAd bhItAH santa anyE'parESAM vazIbhUtA bhavata|
3105160045	hE yOSitaH, yUyaM yathA prabhOstathA svasvasvAminO vazaggatA bhavata|
310517005c	yataH khrISTO yadvat samitE rmUrddhA zarIrasya trAtA ca bhavati tadvat svAmI yOSitO mUrddhA|
310518005f	ataH samiti ryadvat khrISTasya vazIbhUtA tadvad yOSidbhirapi svasvasvAminO vazatA svIkarttavyA|
3105190041	aparanjca hE puruSAH, yUyaM khrISTa iva svasvayOSitsu prIyadhvaM|
31051a0077	sa khrISTO'pi samitau prItavAn tasyAH kRtE ca svaprANAn tyaktavAn yataH sa vAkyE jalamajjanEna tAM pariSkRtya pAvayitum
31051b0076	aparaM tilakavalyAdivihInAM pavitrAM niSkalagkAnjca tAM samitiM tEjasvinIM kRtvA svahastE samarpayitunjcAbhilaSitavAn|
31051c006b	tasmAt svatanuvat svayOSiti prEmakaraNaM puruSasyOcitaM, yEna svayOSiti prEma kriyatE tEnAtmaprEma kriyatE|
31051d0078	kO'pi kadApi na svakIyAM tanum RtIyitavAn kintu sarvvE tAM vibhrati puSNanti ca| khrISTO'pi samitiM prati tadEva karOti,
31051e0038	yatO vayaM tasya zarIrasyAggAni mAMsAsthIni ca bhavAmaH|
31051f0067	EtadarthaM mAnavaH svamAtApitarO parityajya svabhAryyAyAm AsaMkSyati tau dvau janAvEkAggau bhaviSyataH|
3105200042	EtannigUPhavAkyaM gurutaraM mayA ca khrISTasamitI adhi tad ucyatE|
310521005e	ataEva yuSmAkam EkaikO jana Atmavat svayOSiti prIyatAM bhAryyApi svAminaM samAdarttuM yatatAM|
310601004e	hE bAlakAH, yUyaM prabhum uddizya pitrOrAjnjAgrAhiNO bhavata yatastat nyAyyaM|
3106020056	tvaM nijapitaraM mAtaranjca sammanyasvEti yO vidhiH sa pratijnjAyuktaH prathamO vidhiH
3106030043	phalatastasmAt tava kalyANaM dEzE ca dIrghakAlam Ayu rbhaviSyatIti|
310604005c	aparaM hE pitaraH, yUyaM svabAlakAn mA rOSayata kintu prabhO rvinItyAdEzAbhyAM tAn vinayata|
3106050076	hE dAsAH, yUyaM khrISTam uddizya sabhayAH kampAnvitAzca bhUtvA saralAntaHkaraNairaihikaprabhUnAm AjnjAgrAhiNO bhavata|
310606007c	dRSTigOcarIyaparicaryyayA mAnuSEbhyO rOcituM mA yatadhvaM kintu khrISTasya dAsA iva niviSTamanObhirIzcarasyEcchAM sAdhayata|
3106070044	mAnavAn anuddizya prabhumEvOddizya sadbhAvEna dAsyakarmma kurudhvaM|
310608005a	dAsamuktayO ryEna yat satkarmma kriyatE tEna tasya phalaM prabhutO lapsyata iti jAnIta ca|
31060900b2	aparaM hE prabhavaH, yuSmAbhi rbhartsanaM vihAya tAn prati nyAyyAcaraNaM kriyatAM yazca kasyApi pakSapAtaM na karOti yuSmAkamapi tAdRza EkaH prabhuH svargE vidyata iti jnjAyatAM|
31060a0055	adhikantu hE bhrAtaraH, yUyaM prabhunA tasya vikramayuktazaktyA ca balavantO bhavata|
31060b0059	yUyaM yat zayatAnazchalAni nivArayituM zaknutha tadartham IzvarIyasusajjAM paridhaddhvaM|
31060c00a9	yataH kEvalaM raktamAMsAbhyAm iti nahi kintu kartRtvaparAkramayuktaistimirarAjyasyEhalOkasyAdhipatibhiH svargOdbhavai rduSTAtmabhirEva sArddham asmAbhi ryuddhaM kriyatE|
31060d0078	atO hEtO ryUyaM yayA saMkulE dinE'vasthAtuM sarvvANi parAjitya dRPhAH sthAtunjca zakSyatha tAm IzvarIyasusajjAM gRhlIta|
31060e004e	vastutastu satyatvEna zRgkhalEna kaTiM baddhvA puNyEna varmmaNA vakSa AcchAdya
31060f0045	zAntEH suvArttayA jAtam utsAhaM pAdukAyugalaM padE samarpya tiSThata|
3106100070	yEna ca duSTAtmanO'gnibANAn sarvvAn nirvvApayituM zakSyatha tAdRzaM sarvvAcchAdakaM phalakaM vizvAsaM dhArayata|
3106110041	zirastraM paritrANam AtmanaH khagganjcEzvarasya vAkyaM dhArayata|
31061200a4	sarvvasamayE sarvvayAcanEna sarvvaprArthanEna cAtmanA prArthanAM kurudhvaM tadarthaM dRPhAkAgkSayA jAgrataH sarvvESAM pavitralOkAnAM kRtE sadA prArthanAM kurudhvaM|
310613006e	ahanjca yasya susaMvAdasya zRgkhalabaddhaH pracArakadUtO'smi tam upayuktEnOtsAhEna pracArayituM yathA zaknuyAM
310614008b	tathA nirbhayEna svarENOtsAhEna ca susaMvAdasya nigUPhavAkyapracArAya vaktRtA yat mahyaM dIyatE tadarthaM mamApi kRtE prArthanAM kurudhvaM|
31061500a6	aparaM mama yAvasthAsti yacca mayA kriyatE tat sarvvaM yad yuSmAbhi rjnjAyatE tadarthaM prabhunA priyabhrAtA vizvAsyaH paricArakazca tukhikO yuSmAn tat jnjApayiSyati|
3106160081	yUyaM yad asmAkam avasthAM jAnItha yuSmAkaM manAMsi ca yat sAntvanAM labhantE tadarthamEvAhaM yuSmAkaM sannidhiM taM prESitavAna|
3106170062	aparam IzvaraH prabhu ryIzukhrISTazca sarvvEbhyO bhrAtRbhyaH zAntiM vizvAsasahitaM prEma ca dEyAt|
3106180057	yE kEcit prabhau yIzukhrISTE'kSayaM prEma kurvvanti tAn prati prasAdO bhUyAt| tathAstu|
320000000a	philipinaH
3201010094	paulatImathinAmAnau yIzukhrISTasya dAsau philipinagarasthAn khrISTayIzOH sarvvAn pavitralOkAn samitEradhyakSAn paricArakAMzca prati patraM likhataH|
320102005b	asmAkaM tAta IzvaraH prabhu ryIzukhrISTazca yuSmabhyaM prasAdasya zAntEzca bhOgaM dEyAstAM|
3201030059	ahaM nirantaraM nijasarvvaprArthanAsu yuSmAkaM sarvvESAM kRtE sAnandaM prArthanAM kurvvan
320104003d	yati vArAn yuSmAkaM smarAmi tati vArAn A prathamAd adya yAvad
3201050039	yuSmAkaM susaMvAdabhAgitvakAraNAd IzvaraM dhanyaM vadAmi|
3201060081	yuSmanmadhyE yEnOttamaM karmma karttum Arambhi tEnaiva yIzukhrISTasya dinaM yAvat tat sAdhayiSyata ityasmin dRPhavizvAsO mamAstE|
32010700c5	yuSmAn sarvvAn adhi mama tAdRzO bhAvO yathArthO yatO'haM kArAvasthAyAM pratyuttarakaraNE susaMvAdasya prAmANyakaraNE ca yuSmAn sarvvAn mayA sArddham EkAnugrahasya bhAginO matvA svahRdayE dhArayAmi|
3201080062	aparam ahaM khrISTayIzOH snEhavat snEhEna yuSmAn kIdRzaM kAgkSAmi tadadhIzvarO mama sAkSI vidyatE|
3201090040	mayA yat prArthyatE tad idaM yuSmAkaM prEma nityaM vRddhiM gatvA
32010a0048	jnjAnasya viziSTAnAM parIkSikAyAzca sarvvavidhabuddhE rbAhulyaM phalatu,
32010b00a4	khrISTasya dinaM yAvad yuSmAkaM sAralyaM nirvighnatvanjca bhavatu, Izvarasya gauravAya prazaMsAyai ca yIzunA khrISTEna puNyaphalAnAM pUrNatA yuSmabhyaM dIyatAm iti|
32010c0085	hE bhrAtaraH, mAM prati yad yad ghaTitaM tEna susaMvAdapracArasya bAdhA nahi kintu vRddhirEva jAtA tad yuSmAn jnjApayituM kAmayE'haM|
32010d0068	aparam ahaM khrISTasya kRtE baddhO'smIti rAjapuryyAm anyasthAnESu ca sarvvESAM nikaTE suspaSTam abhavat,
32010e0076	prabhusambandhIyA anEkE bhrAtarazca mama bandhanAd AzvAsaM prApya varddhamAnEnOtsAhEna niHkSObhaM kathAM pracArayanti|
32010f0042	kEcid dvESAd virOdhAccAparE kEcicca sadbhAvAt khrISTaM ghOSayanti;
3201100076	yE virOdhAt khrISTaM ghOSayanti tE pavitrabhAvAt tanna kurvvantO mama bandhanAni bahutaraklOzadAyIni karttum icchanti|
320111005f	yE ca prEmnA ghOSayanti tE susaMvAdasya prAmANyakaraNE'haM niyuktO'smIti jnjAtvA tat kurvvanti|
3201120082	kiM bahunA? kApaTyAt saralabhAvAd vA bhavEt, yEna kEnacit prakArENa khrISTasya ghOSaNA bhavatItyasmin aham AnandAmyAnandiSyAmi ca|
320113005e	yuSmAkaM prArthanayA yIzukhrISTasyAtmanazcOpakArENa tat mannistArajanakaM bhaviSyatIti jAnAmi|
32011400df	tatra ca mamAkAgkSA pratyAzA ca siddhiM gamiSyati phalatO'haM kEnApi prakArENa na lajjiSyE kintu gatE sarvvasmin kAlE yadvat tadvad idAnImapi sampUrNOtsAhadvArA mama zarIrENa khrISTasya mahimA jIvanE maraNE vA prakAziSyatE|
320115002f	yatO mama jIvanaM khrISTAya maraNanjca lAbhAya|
320116006e	kintu yadi zarIrE mayA jIvitavyaM tarhi tat karmmaphalaM phaliSyati tasmAt kiM varitavyaM tanmayA na jnjAyatE|
320117006c	dvAbhyAm ahaM sampIPyE, dEhavAsatyajanAya khrISTEna sahavAsAya ca mamAbhilASO bhavati yatastat sarvvOttamaM|
3201180033	kintu dEhE mamAvasthityA yuSmAkam adhikaprayOjanaM|
320119008b	aham avasthAsyE yuSmAbhiH sarvvaiH sArddham avasthitiM kariSyE ca tayA ca vizvAsE yuSmAkaM vRddhyAnandau janiSyEtE tadahaM nizcitaM jAnAmi|
32011a006e	tEna ca mattO'rthatO yuSmatsamIpE mama punarupasthitatvAt yUyaM khrISTEna yIzunA bahutaram AhlAdaM lapsyadhvE|
32011b0136	yUyaM sAvadhAnA bhUtvA khrISTasya susaMvAdasyOpayuktam AcAraM kurudhvaM yatO'haM yuSmAn upAgatya sAkSAt kurvvan kiM vA dUrE tiSThan yuSmAkaM yAM vArttAM zrOtum icchAmi sEyaM yUyam EkAtmAnastiSThatha, EkamanasA susaMvAdasambandhIyavizvAsasya pakSE yatadhvE, vipakSaizca kEnApi prakArENa na vyAkulIkriyadhva iti|
32011c0055	tat tESAM vinAzasya lakSaNaM yuSmAkanjcEzvaradattaM paritrANasya lakSaNaM bhaviSyati|
32011d008d	yatO yEna yuSmAbhiH khrISTE kEvalavizvAsaH kriyatE tannahi kintu tasya kRtE klEzO'pi sahyatE tAdRzO varaH khrISTasyAnurOdhAd yuSmAbhiH prApi,
32011e0066	tasmAt mama yAdRzaM yuddhaM yuSmAbhiradarzi sAmprataM zrUyatE ca tAdRzaM yuddhaM yuSmAkam api bhavati|
3202010093	khrISTAd yadi kimapi sAntvanaM kazcit prEmajAtO harSaH kinjcid AtmanaH samabhAgitvaM kAcid anukampA kRpA vA jAyatE tarhi yUyaM mamAhlAdaM pUrayanta
3202020032	EkabhAvA EkaprEmANa Ekamanasa EkacESTAzca bhavata|
3202030056	virOdhAd darpAd vA kimapi mA kuruta kintu namratayA svEbhyO'parAn viziSTAn manyadhvaM|
3202040039	kEvalam AtmahitAya na cESTamAnAH parahitAyApi cESTadhvaM|
320205003e	khrISTasya yIzO ryAdRzaH svabhAvO yuSmAkam api tAdRzO bhavatu|
3202060041	sa IzvararUpI san svakIyAm IzvaratulyatAM zlAghAspadaM nAmanyata,
320207003c	kintu svaM zUnyaM kRtvA dAsarUpI babhUva narAkRtiM lEbhE ca|
3202080066	itthaM naramUrttim Azritya namratAM svIkRtya mRtyOrarthataH kruzIyamRtyOrEva bhOgAyAjnjAgrAhI babhUva|
3202090066	tatkAraNAd IzvarO'pi taM sarvvOnnataM cakAra yacca nAma sarvvESAM nAmnAM zrESThaM tadEva tasmai dadau,
32020a004f	tatastasmai yIzunAmnE svargamartyapAtAlasthitaiH sarvvai rjAnupAtaH karttavyaH,
32020b004c	tAtasthEzvarasya mahimnE ca yIzukhrISTaH prabhuriti jihvAbhiH svIkarttavyaM|
32020c00c4	atO hE priyatamAH, yuSmAbhi ryadvat sarvvadA kriyatE tadvat kEvalE mamOpasthitikAlE tannahi kintvidAnIm anupasthitE'pi mayi bahutarayatnEnAjnjAM gRhItvA bhayakampAbhyAM svasvaparitrANaM sAdhyatAM|
32020d0055	yata Izvara Eva svakIyAnurOdhAd yuSmanmadhyE manaskAmanAM karmmasiddhinjca vidadhAti|
32020e003d	yUyaM kalahavivAdarvijatam AcAraM kurvvantO'nindanIyA akuTilA
32020f005a	Izvarasya niSkalagkAzca santAnAiva vakrabhAvAnAM kuTilAcAriNAnjca lOkAnAM madhyE tiSThata,
32021000bc	yatastESAM madhyE yUyaM jIvanavAkyaM dhArayantO jagatO dIpakA iva dIpyadhvE| yuSmAbhistathA kRtE mama yatnaH parizramO vA na niSphalO jAta ityahaM khrISTasya dinE zlAghAM karttuM zakSyAmi|
3202110090	yuSmAkaM vizvAsArthakAya balidAnAya sEvanAya ca yadyapyahaM nivEditavyO bhavEyaM tathApi tEnAnandAmi sarvvESAM yuSmAkam AnandasyAMzI bhavAmi ca|
3202120037	tadvad yUyamapyAnandata madIyAnandasyAMzinO bhavata ca|
320213008c	yuSmAkam avasthAm avagatyAhamapi yat sAntvanAM prApnuyAM tadarthaM tImathiyaM tvarayA yuSmatsamIpaM prESayiSyAmIti prabhau pratyAzAM kurvvE|
3202140060	yaH satyarUpENa yuSmAkaM hitaM cintayati tAdRza EkabhAvastasmAdanyaH kO'pi mama sannidhau nAsti|
320215004f	yatO'parE sarvvE yIzOH khrISTasya viSayAn na cintayanta AtmaviSayAn cintayanti|
3202160091	kintu tasya parIkSitatvaM yuSmAbhi rjnjAyatE yataH putrO yAdRk pituH sahakArI bhavati tathaiva susaMvAdasya paricaryyAyAM sa mama sahakArI jAtaH|
320217004b	ataEva mama bhAvidazAM jnjAtvA tatkSaNAt tamEva prESayituM pratyAzAM kurvvE
3202180044	svayam ahamapi tUrNaM yuSmatsamIpaM gamiSyAmItyAzAM prabhunA kurvvE|
320219009e	aparaM ya ipAphradItO mama bhrAtA karmmayuddhAbhyAM mama sahAyazca yuSmAkaM dUtO madIyOpakArAya pratinidhizcAsti yuSmatsamIpE tasya prESaNam Avazyakam amanyE|
32021a005d	yataH sa yuSmAn sarvvAn akAgkSata yuSmAbhistasya rOgasya vArttAzrAvIti buddhvA paryyazOcacca|
32021b00a1	sa pIPayA mRtakalpO'bhavaditi satyaM kintvIzvarastaM dayitavAn mama ca duHkhAt paraM punarduHkhaM yanna bhavEt tadarthaM kEvalaM taM na dayitvA mAmapi dayitavAn|
32021c0072	ataEva yUyaM taM vilOkya yat punarAnandEta mamApi duHkhasya hrAsO yad bhavEt tadartham ahaM tvarayA tam aprESayaM|
32021d005a	atO yUyaM prabhOH kRtE sampUrNEnAnandEna taM gRhlIta tAdRzAn lOkAMzcAdaraNIyAn manyadhvaM|
32021e0067	yatO mama sEvanE yuSmAkaM truTiM pUrayituM sa prANAn paNIkRtya khrISTasya kAryyArthaM mRtaprAyE'bhavat|
320301008a	hE bhrAtaraH, zESE vadAmi yUyaM prabhAvAnandata| punaH punarEkasya vacO lEkhanaM mama klEzadaM nahi yuSmadarthanjca bhramanAzakaM bhavati|
3203020077	yUyaM kukkurEbhyaH sAvadhAnA bhavata duSkarmmakAribhyaH sAvadhAnA bhavata chinnamUlEbhyO lOkEbhyazca sAvadhAnA bhavata|
320303007e	vayamEva chinnatvacO lOkA yatO vayam AtmanEzvaraM sEvAmahE khrISTEna yIzunA zlAghAmahE zarIrENa ca pragalbhatAM na kurvvAmahE|
320304009c	kintu zarIrE mama pragalbhatAyAH kAraNaM vidyatE, kazcid yadi zarIrENa pragalbhatAM cikIrSati tarhi tasmAd api mama pragalbhatAyA gurutaraM kAraNaM vidyatE|
3203050072	yatO'ham aSTamadivasE tvakchEdaprApta isrAyElvaMzIyO binyAmInagOSThIya ibrikulajAta ibriyO vyavasthAcaraNE phirUzI
320306004e	dharmmOtsAhakAraNAt samitErupadravakArI vyavasthAtO labhyE puNyE cAnindanIyaH|
3203070051	kintu mama yadyat labhyam AsIt tat sarvvam ahaM khrISTasyAnurOdhAt kSatim amanyE|
3203080062	kinjcAdhunApyahaM matprabhOH khrISTasya yIzO rjnjAnasyOtkRSTatAM buddhvA tat sarvvaM kSatiM manyE|
3203090114	yatO hEtOrahaM yat khrISTaM labhEya vyavasthAtO jAtaM svakIyapuNyanjca na dhArayan kintu khrISTE vizvasanAt labhyaM yat puNyam IzvarENa vizvAsaM dRSTvA dIyatE tadEva dhArayan yat khrISTE vidyEya tadarthaM tasyAnurOdhAt sarvvESAM kSatiM svIkRtya tAni sarvvANyavakarAniva manyE|
32030a0074	yatO hEtOrahaM khrISTaM tasya punarutthitE rguNaM tasya duHkhAnAM bhAgitvanjca jnjAtvA tasya mRtyOrAkRtinjca gRhItvA
32030b003a	yEna kEnacit prakArENa mRtAnAM punarutthitiM prAptuM yatE|
32030c0076	mayA tat sarvvam adhunA prApi siddhatA vAlambhi tannahi kintu yadartham ahaM khrISTEna dhAritastad dhArayituM dhAvAmi|
32030d0083	hE bhrAtaraH, mayA tad dhAritam iti na manyatE kintvEtadaikamAtraM vadAmi yAni pazcAt sthitAni tAni vismRtyAham agrasthitAnyuddizya
32030e0064	pUrNayatnEna lakSyaM prati dhAvan khrISTayIzunOrddhvAt mAm Ahvayata IzvarAt jEtRpaNaM prAptuM cESTE|
32030f00a3	asmAkaM madhyE yE siddhAstaiH sarvvaistadEva bhAvyatAM, yadi ca kanjcana viSayam adhi yuSmAkam aparO bhAvO bhavati tarhIzvarastamapi yuSmAkaM prati prakAzayiSyati|
320310005b	kintu vayaM yadyad avagatA AsmastatrAsmAbhirEkO vidhirAcaritavya EkabhAvai rbhavitavyanjca|
320311007b	hE bhrAtaraH, yUyaM mamAnugAminO bhavata vayanjca yAdRgAcaraNasya nidarzanasvarUpA bhavAmastAdRgAcAriNO lOkAn AlOkayadhvaM|
320312007d	yatO'nEkE vipathE caranti tE ca khrISTasya kruzasya zatrava iti purA mayA punaH punaH kathitam adhunApi rudatA mayA kathyatE|
3203130052	tESAM zESadazA sarvvanAza udarazcEzvarO lajjA ca zlAghA pRthivyAnjca lagnaM manaH|
320314006b	kintvasmAkaM janapadaH svargE vidyatE tasmAccAgamiSyantaM trAtAraM prabhuM yIzukhrISTaM vayaM pratIkSAmahE|
3203150091	sa ca yayA zaktyA sarvvANyEva svasya vazIkarttuM pArayati tayAsmAkam adhamaM zarIraM rUpAntarIkRtya svakIyatEjOmayazarIrasya samAkAraM kariSyati|
3204010077	hE madIyAnandamukuTasvarUpAH priyatamA abhISTatamA bhrAtaraH, hE mama snEhapAtrAH, yUyam itthaM pabhau sthirAstiSThata|
320402004b	hE ivadiyE hE suntukhi yuvAM prabhau EkabhAvE bhavatam Etad ahaM prArthayE|
32040300ef	hE mama satya sahakArin tvAmapi vinIya vadAmi EtayOrupakArastvayA kriyatAM yatastE klIminAdibhiH sahakAribhiH sArddhaM susaMvAdapracAraNAya mama sAhAyyArthaM parizramam akurvvatAM tESAM sarvvESAM nAmAni ca jIvanapustakE likhitAni vidyantE|
320404003b	yUyaM prabhau sarvvadAnandata| puna rvadAmi yUyam Anandata|
3204050048	yuSmAkaM vinItatvaM sarvvamAnavai rjnjAyatAM, prabhuH sannidhau vidyatE|
320406007b	yUyaM kimapi na cintayata kintu dhanyavAdayuktAbhyAM prArthanAyAnjcAbhyAM sarvvaviSayE svaprArthanIyam IzvarAya nivEdayata|
320407006e	tathA kRta IzvarIyA yA zAntiH sarvvAM buddhim atizEtE sA yuSmAkaM cittAni manAMsi ca khrISTE yIzau rakSiSyati|
32040800b3	hE bhrAtaraH, zESE vadAmi yadyat satyam AdaraNIyaM nyAyyaM sAdhu priyaM sukhyAtam anyENa yEna kEnacit prakArENa vA guNayuktaM prazaMsanIyaM vA bhavati tatraiva manAMsi nidhadhvaM|
3204090082	yUyaM mAM dRSTvA zrutvA ca yadyat zikSitavantO gRhItavantazca tadEvAcarata tasmAt zAntidAyaka IzvarO yuSmAbhiH sArddhaM sthAsyati|
32040a008a	mamOpakArAya yuSmAkaM yA cintA pUrvvam AsIt kintu karmmadvAraM na prApnOt idAnIM sA punaraphalat ityasmin prabhau mama paramAhlAdO'jAyata|
32040b0068	ahaM yad dainyakAraNAd idaM vadAmi tannahi yatO mama yA kAcid avasthA bhavEt tasyAM santOSTum azikSayaM|
32040c0092	daridratAM bhOktuM zaknOmi dhanAPhyatAm api bhOktuM zaknOmi sarvvathA sarvvaviSayESu vinItO'haM pracuratAM kSudhAnjca dhanaM dainyanjcAvagatO'smi|
32040d003c	mama zaktidAyakEna khrISTEna sarvvamEva mayA zakyaM bhavati|
32040e003c	kintu yuSmAbhi rdainyanivAraNAya mAm upakRtya satkarmmAkAri|
32040f00b9	hE philipIyalOkAH, susaMvAdasyOdayakAlE yadAhaM mAkidaniyAdEzAt pratiSThE tadA kEvalAn yuSmAn vinAparayA kayApi samityA saha dAnAdAnayO rmama kO'pi sambandhO nAsId iti yUyamapi jAnItha|
320410005a	yatO yuSmAbhi rmama prayOjanAya thiSalanIkInagaramapi mAM prati punaH punardAnaM prESitaM|
320411004b	ahaM yad dAnaM mRgayE tannahi kintu yuSmAkaM lAbhavarddhakaM phalaM mRgayE|
32041200a7	kintu mama kasyApyabhAvO nAsti sarvvaM pracuram AstE yata Izvarasya grAhyaM tuSTijanakaM sugandhinaivEdyasvarUpaM yuSmAkaM dAnaM ipAphraditAd gRhItvAhaM paritRptO'smi|
320413006c	mamEzvarO'pi khrISTEna yIzunA svakIyavibhavanidhitaH prayOjanIyaM sarvvaviSayaM pUrNarUpaM yuSmabhyaM dEyAt|
3204140041	asmAkaM piturIzvarasya dhanyavAdO'nantakAlaM yAvad bhavatu| AmEn|
320415005e	yUyaM yIzukhrISTasyaikaikaM pavitrajanaM namaskuruta| mama saggibhrAtarO yUSmAn namaskurvvatE|
3204160046	sarvvE pavitralOkA vizESataH kaisarasya parijanA yuSmAn namaskurvvatE|
320417004a	asmAkaM prabhO ryIzukhrISTasya prasAdaH sarvvAn yuSmAn prati bhUyAt| AmEn|
3300000009	kalasinaH
3301010091	IzvarasyEcchayA yIzukhrISTasya prEritaH paulastImathiyO bhrAtA ca kalasInagarasthAn pavitrAn vizvastAn khrISTAzritabhrAtRn prati patraM likhataH|
3301020056	asmAkaM tAta IzvaraH prabhu ryIzukhrISTazca yuSmAn prati prasAdaM zAntinjca kriyAstAM|
3301030055	khrISTE yIzau yuSmAkaM vizvAsasya sarvvAn pavitralOkAn prati prEmnazca vArttAM zrutvA
3301040099	vayaM sadA yuSmadarthaM prArthanAM kurvvantaH svargE nihitAyA yuSmAkaM bhAvisampadaH kAraNAt svakIyaprabhO ryIzukhrISTasya tAtam IzvaraM dhanyaM vadAmaH|
330105004b	yUyaM tasyA bhAvisampadO vArttAM yayA susaMvAdarUpiNyA satyavANyA jnjApitAH
33010600c8	sA yadvat kRsnaM jagad abhigacchati tadvad yuSmAn apyabhyagamat, yUyanjca yad dinam ArabhyEzvarasyAnugrahasya vArttAM zrutvA satyarUpENa jnjAtavantastadArabhya yuSmAkaM madhyE'pi phalati varddhatE ca|
330107005c	asmAkaM priyaH sahadAsO yuSmAkaM kRtE ca khrISTasya vizvastaparicArakO ya ipaphrAstad vAkyaM
3301080046	yuSmAn AdiSTavAn sa EvAsmAn AtmanA janitaM yuSmAkaM prEma jnjApitavAn|
33010900c6	vayaM yad dinam Arabhya tAM vArttAM zrutavantastadArabhya nirantaraM yuSmAkaM kRtE prArthanAM kurmmaH phalatO yUyaM yat pUrNAbhyAm AtmikajnjAnavuddhibhyAm IzvarasyAbhitamaM sampUrNarUpENAvagacchEta,
33010a007d	prabhO ryOgyaM sarvvathA santOSajanakanjcAcAraM kuryyAtArthata IzvarajnjAnE varddhamAnAH sarvvasatkarmmarUpaM phalaM phalEta,
33010b008a	yathA cEzvarasya mahimayuktayA zaktyA sAnandEna pUrNAM sahiSNutAM titikSAnjcAcarituM zakSyatha tAdRzEna pUrNabalEna yad balavantO bhavEta,
33010c0078	yazca pitA tEjOvAsinAM pavitralOkAnAm adhikArasyAMzitvAyAsmAn yOgyAn kRtavAn taM yad dhanyaM vadEta varam EnaM yAcAmahE|
33010d0057	yataH sO'smAn timirasya karttRtvAd uddhRtya svakIyasya priyaputrasya rAjyE sthApitavAn|
33010e0041	tasmAt putrAd vayaM paritrANam arthataH pApamOcanaM prAptavantaH|
33010f003f	sa cAdRzyasyEzvarasya pratimUrtiH kRtsnAyAH sRSTErAdikarttA ca|
330110008a	yataH sarvvamEva tEna sasRjE siMhAsanarAjatvaparAkramAdIni svargamarttyasthitAni dRzyAdRzyAni vastUni sarvvANi tEnaiva tasmai ca sasRjirE|
330111002c	sa sarvvESAm AdiH sarvvESAM sthitikArakazca|
3301120086	sa Eva samitirUpAyAstanO rmUrddhA kinjca sarvvaviSayE sa yad agriyO bhavEt tadarthaM sa Eva mRtAnAM madhyAt prathamata utthitO'grazca|
3301130030	yata Izvarasya kRtsnaM pUrNatvaM tamEvAvAsayituM
330114007e	kruzE pAtitEna tasya raktEna sandhiM vidhAya tEnaiva svargamarttyasthitAni sarvvANi svEna saha sandhApayitunjcEzvarENAbhilESE|
3301150094	pUrvvaM dUrasthA duSkriyAratamanaskatvAt tasya ripavazcAsta yE yUyaM tAn yuSmAn api sa idAnIM tasya mAMsalazarIrE maraNEna svEna saha sandhApitavAn|
3301160054	yataH sa svasammukhE pavitrAn niSkalagkAn anindanIyAMzca yuSmAn sthApayitum icchati|
33011700d3	kintvEtadarthaM yuSmAbhi rbaddhamUlaiH susthiraizca bhavitavyam, AkAzamaNPalasyAdhaHsthitAnAM sarvvalOkAnAM madhyE ca ghuSyamANO yaH susaMvAdO yuSmAbhirazrAvi tajjAtAyAM pratyAzAyAM yuSmAbhiracalai rbhavitavyaM|
33011800bd	tasya susaMvAdasyaikaH paricArakO yO'haM paulaH sO'ham idAnIm AnandEna yuSmadarthaM duHkhAni sahE khrISTasya klEzabhOgasya yOMzO'pUrNastamEva tasya tanOH samitEH kRtE svazarIrE pUrayAmi ca|
3301190084	yata Izvarasya mantraNayA yuSmadartham IzvarIyavAkyasya pracArasya bhArO mayi samapitastasmAd ahaM tasyAH samitEH paricArakO'bhavaM|
33011a007f	tat nigUPhaM vAkyaM pUrvvayugESu pUrvvapuruSEbhyaH pracchannam AsIt kintvidAnIM tasya pavitralOkAnAM sannidhau tEna prAkAzyata|
33011b00b4	yatO bhinnajAtIyAnAM madhyE tat nigUPhavAkyaM kIdRggauravanidhisambalitaM tat pavitralOkAn jnjApayitum IzvarO'bhyalaSat| yuSmanmadhyavarttI khrISTa Eva sa nidhi rgairavAzAbhUmizca|
33011c00a5	tasmAd vayaM tamEva ghOSayantO yad EkaikaM mAnavaM siddhIbhUtaM khrISTE sthApayEma tadarthamEkaikaM mAnavaM prabOdhayAmaH pUrNajnjAnEna caikaikaM mAnavaM upadizAmaH|
33011d005b	EtadarthaM tasya yA zaktiH prabalarUpENa mama madhyE prakAzatE tayAhaM yatamAnaH zrAbhyAmi|
33020100a2	yuSmAkaM lAyadikEyAsthabhrAtRNAnjca kRtE yAvantO bhrAtarazca mama zArIrikamukhaM na dRSTavantastESAM kRtE mama kiyAn yatnO bhavati tad yuSmAn jnjApayitum icchAmi|
33020200a9	phalataH pUrNabuddhirUpadhanabhOgAya prEmnA saMyuktAnAM tESAM manAMsi yat piturIzvarasya khrISTasya ca nigUPhavAkyasya jnjAnArthaM sAntvanAM prApnuyurityarthamahaM yatE|
3302030039	yatO vidyAjnjAnayOH sarvvE nidhayaH khrISTE guptAH santi|
330204004a	kO'pi yuSmAn vinayavAkyEna yanna vanjcayEt tadartham EtAni mayA kathyantE|
3302050081	yuSmatsannidhau mama zarIrE'varttamAnE'pi mamAtmA varttatE tEna yuSmAkaM surItiM khrISTavizvAsE sthiratvanjca dRSTvAham AnandAmi|
3302060045	atO yUyaM prabhuM yIzukhrISTaM yAdRg gRhItavantastAdRk tam anucarata|
330207008a	tasmin baddhamUlAH sthApitAzca bhavata yA ca zikSA yuSmAbhi rlabdhA tadanusArAd vizvAsE susthirAH santastEnaiva nityaM dhanyavAdaM kuruta|
330208009f	sAvadhAnA bhavata mAnuSikazikSAta ihalOkasya varNamAlAtazcOtpannA khrISTasya vipakSA yA darzanavidyA mithyApratAraNA ca tayA kO'pi yuSmAkaM kSatiM na janayatu|
3302090038	yata Izvarasya kRtsnA pUrNatA mUrttimatI khrISTE vasati|
33020a0053	yUyanjca tEna pUrNA bhavatha yataH sa sarvvESAM rAjatvakarttRtvapadAnAM mUrddhAsti,
33020b0079	tEna ca yUyam ahastakRtatvakchEdEnArthatO yEna zArIrapApAnAM vigrasatyajyatE tEna khrISTasya tvakchEdEna chinnatvacO jAtA
33020c00af	majjanE ca tEna sArddhaM zmazAnaM prAptAH puna rmRtAnAM madhyAt tasyOtthApayiturIzvarasya zaktEH phalaM yO vizvAsastadvArA tasminnEva majjanE tEna sArddham utthApitA abhavata|
33020d007a	sa ca yuSmAn aparAdhaiH zArIrikAtvakchEdEna ca mRtAn dRSTvA tEna sArddhaM jIvitavAn yuSmAkaM sarvvAn aparAdhAn kSamitavAn,
33020e0071	yacca daNPAjnjArUpaM RNapatram asmAkaM viruddham AsIt tat pramArjjitavAn zalAkAbhiH kruzE baddhvA dUrIkRtavAMzca|
33020f0076	kinjca tEna rAjatvakarttRtvapadAni nistEjAMsi kRtvA parAjitAn ripUniva pragalbhatayA sarvvESAM dRSTigOcarE hrEpitavAn|
330210007b	atO hEtOH khAdyAkhAdyE pEyApEyE utsavaH pratipad vizrAmavArazcaitESu sarvvESu yuSmAkaM nyAyAdhipatirUpaM kamapi mA gRhlIta|
3302110037	yata EtAni chAyAsvarUpANi kintu satyA mUrttiH khrISTaH|
3302120091	aparanjca namratA svargadUtAnAM sEvA caitAdRzam iSTakarmmAcaran yaH kazcit parOkSaviSayAn pravizati svakIyazArIrikabhAvEna ca mudhA garvvitaH san
33021300b2	sandhibhiH zirAbhizcOpakRtaM saMyuktanjca kRtsnaM zarIraM yasmAt mUrddhata IzvarIyavRddhiM prApnOti taM mUrddhAnaM na dhArayati tEna mAnavEna yuSmattaH phalApaharaNaM nAnujAnIta|
3302140070	yadi yUyaM khrISTEna sArddhaM saMsArasya varNamAlAyai mRtA abhavata tarhi yai rdravyai rbhOgEna kSayaM gantavyaM
3302150048	tAni mA spRza mA bhuMkSva mA gRhANEti mAnavairAdiSTAn zikSitAMzca vidhIn
3302160032	AcarantO yUyaM kutaH saMsArE jIvanta iva bhavatha?
3302170084	tE vidhayaH svEcchAbhaktyA namratayA zarIraklEzanEna ca jnjAnavidhivat prakAzantE tathApi tE'gaNyAH zArIrikabhAvavarddhakAzca santi|
330301009b	yadi yUyaM khrISTEna sArddham utthApitA abhavata tarhi yasmin sthAnE khrISTa Izvarasya dakSiNapArzvE upaviSTa AstE tasyOrddhvasthAnasya viSayAn cESTadhvaM|
330302003b	pArthivaviSayESu na yatamAnA UrddhvasthaviSayESu yatadhvaM|
330303004f	yatO yUyaM mRtavantO yuSmAkaM jIvitanjca khrISTEna sArddham IzvarE guptam asti|
3303040066	asmAkaM jIvanasvarUpaH khrISTO yadA prakAziSyatE tadA tEna sArddhaM yUyamapi vibhavEna prakAziSyadhvE|
330305007a	atO vEzyAgamanam azucikriyA rAgaH kutsitAbhilASO dEvapUjAtulyO lObhazcaitAni rpAthavapuruSasyAggAni yuSmAbhi rnihanyantAM|
330306004b	yata EtEbhyaH karmmabhya AjnjAlagghinO lOkAn pratIzvarasya krOdhO varttatE|
330307003d	pUrvvaM yadA yUyaM tAnyupAjIvata tadA yUyamapi tAnyEvAcarata;
3303080062	kintvidAnIM krOdhO rOSO jihiMsiSA durmukhatA vadananirgatakadAlapazcaitAni sarvvANi dUrIkurudhvaM|
330309005e	yUyaM parasparaM mRSAkathAM na vadata yatO yUyaM svakarmmasahitaM purAtanapuruSaM tyaktavantaH
33030a0051	svasraSTuH pratimUrtyA tattvajnjAnAya nUtanIkRtaM navInapuruSaM parihitavantazca|
33030b0091	tEna ca yihUdibhinnajAtIyayOzchinnatvagacchinnatvacO rmlEcchaskuthIyayO rdAsamuktayOzca kO'pi vizESO nAsti kintu sarvvESu sarvvaH khrISTa EvAstE|
33030c0090	ataEva yUyam Izvarasya manObhilaSitAH pavitrAH priyAzca lOkA iva snEhayuktAm anukampAM hitaiSitAM namratAM titikSAM sahiSNutAnjca paridhaddhvaM|
33030d00a1	yUyam EkaikasyAcaraNaM sahadhvaM yEna ca yasya kimapyaparAdhyatE tasya taM dOSaM sa kSamatAM, khrISTO yuSmAkaM dOSAn yadvad kSamitavAn yUyamapi tadvat kurudhvaM|
33030e0038	vizESataH siddhijanakEna prEmabandhanEna baddhA bhavata|
33030f007f	yasyAH prAptayE yUyam Ekasmin zarIrE samAhUtA abhavata sEzvarIyA zAnti ryuSmAkaM manAMsyadhitiSThatu yUyanjca kRtajnjA bhavata|
33031000d7	khrISTasya vAkyaM sarvvavidhajnjAnAya sampUrNarUpENa yuSmadantarE nivamatu, yUyanjca gItai rgAnaiH pAramArthikasagkIrttanaizca parasparam Adizata prabOdhayata ca, anugRhItatvAt prabhum uddizya svamanObhi rgAyata ca|
330311006e	vAcA karmmaNA vA yad yat kuruta tat sarvvaM prabhO ryIzO rnAmnA kuruta tEna pitaram IzvaraM dhanyaM vadata ca|
3303120045	hE yOSitaH, yUyaM svAminAM vazyA bhavata yatastadEva prabhavE rOcatE|
330313004b	hE svAminaH, yUyaM bhAryyAsu prIyadhvaM tAH prati paruSAlApaM mA kurudhvaM|
330314005b	hE bAlAH, yUyaM sarvvaviSayE pitrOrAjnjAgrAhiNO bhavata yatastadEva prabhOH santOSajanakaM|
3303150053	hE pitaraH, yuSmAkaM santAnA yat kAtarA na bhavEyustadarthaM tAn prati mA rOSayata|
33031600b0	hE dAsAH, yUyaM sarvvaviSaya aihikaprabhUnAm AjnjAgrAhiNO bhavata dRSTigOcarIyasEvayA mAnavEbhyO rOcituM mA yatadhvaM kintu saralAntaHkaraNaiH prabhO rbhAtyA kAryyaM kurudhvaM|
330317004e	yacca kurudhvE tat mAnuSamanuddizya prabhum uddizya praphullamanasA kurudhvaM,
330318007a	yatO vayaM prabhutaH svargAdhikArarUpaM phalaM lapsyAmaha iti yUyaM jAnItha yasmAd yUyaM prabhOH khrISTasya dAsA bhavatha|
3303190074	kintu yaH kazcid anucitaM karmma karOti sa tasyAnucitakarmmaNaH phalaM lapsyatE tatra kO'pi pakSapAtO na bhaviSyati|
3304010085	aparanjca hE adhipatayaH, yUyaM dAsAn prati nyAyyaM yathArthanjcAcaraNaM kurudhvaM yuSmAkamapyEkO'dhipatiH svargE vidyata iti jAnIta|
330402005b	yUyaM prArthanAyAM nityaM pravarttadhvaM dhanyavAdaM kurvvantastatra prabuddhAstiSThata ca|
330403002f	prArthanAkAlE mamApi kRtE prArthanAM kurudhvaM,
33040400b2	phalataH khrISTasya yannigUPhavAkyakAraNAd ahaM baddhO'bhavaM tatprakAzAyEzvarO yat madarthaM vAgdvAraM kuryyAt, ahanjca yathOcitaM tat prakAzayituM zaknuyAm Etat prArthayadhvaM|
330405004e	yUyaM samayaM bahumUlyaM jnjAtvA bahiHsthAn lOkAn prati jnjAnAcAraM kurudhvaM|
3304060076	yuSmAkam AlApaH sarvvadAnugrahasUcakO lavaNEna susvAduzca bhavatu yasmai yaduttaraM dAtavyaM tad yuSmAbhiravagamyatAM|
3304070074	mama yA dazAkti tAM tukhikanAmA prabhau priyO mama bhrAtA vizvasanIyaH paricArakaH sahadAsazca yuSmAn jnjApayiSyati|
330408004a	sa yad yuSmAkaM dazAM jAnIyAt yuSmAkaM manAMsi sAntvayEcca tadarthamEvAhaM
330409007e	tam OnISimanAmAnanjca yuSmaddEzIyaM vizvastaM priyanjca bhrAtaraM prESitavAn tau yuSmAn atratyAM sarvvavArttAM jnjApayiSyataH|
33040a00f5	AriSTArkhanAmA mama sahabandI barNabbA bhAginEyO mArkO yuSTanAmnA vikhyAtO yIzuzcaitE chinnatvacO bhrAtarO yuSmAn namaskAraM jnjApayanti, tESAM madhyE mArkamadhi yUyaM pUrvvam AjnjApitAH sa yadi yuSmatsamIpam upatiSThEt tarhi yuSmAbhi rgRhyatAM|
33040b003e	kEvalamEta IzvararAjyE mama sAntvanAjanakAH sahakAriNO'bhavan|
33040c00c4	khrISTasya dAsO yO yuSmaddEzIya ipaphrAH sa yuSmAn namaskAraM jnjApayati yUyanjcEzvarasya sarvvasmin manO'bhilASE yat siddhAH pUrNAzca bhavEta tadarthaM sa nityaM prArthanayA yuSmAkaM kRtE yatatE|
33040d0077	yuSmAkaM lAyadikEyAsthitAnAM hiyarApalisthitAnAnjca bhrAtRNAM hitAya sO'tIva cESTata ityasmin ahaM tasya sAkSI bhavAmi|
33040e003a	lUkanAmA priyazcikitsakO dImAzca yuSmabhyaM namaskurvvAtE|
33040f005b	yUyaM lAyadikEyAsthAn bhrAtRn numphAM tadgRhasthitAM samitinjca mama namaskAraM jnjApayata|
33041000b9	aparaM yuSmatsannidhau patrasyAsya pAThE kRtE lAyadikEyAsthasamitAvapi tasya pAThO yathA bhavEt lAyadikEyAnjca yat patraM mayA prahitaM tad yathA yuSmAbhirapi paThyEta tathA cESTadhvaM|
330411005c	aparam ArkhippaM vadata prabhO ryat paricaryyApadaM tvayAprApi tatsAdhanAya sAvadhAnO bhava|
330412007a	ahaM paulaH svahastAkSarENa yuSmAn namaskAraM jnjApayAmi yUyaM mama bandhanaM smarata| yuSmAn pratyanugrahO bhUyAt| AmEna|
3400000010	1 thiSalanIkinaH
34010100d4	paulaH silvAnastImathiyazca piturIzvarasya prabhO ryIzukhrISTasya cAzrayaM prAptA thiSalanIkIyasamitiM prati patraM likhanti| asmAkaM tAta IzvaraH prabhu ryIzukhrISTazca yuSmAn pratyanugrahaM zAntinjca kriyAstAM|
340102005e	vayaM sarvvESAM yuSmAkaM kRtE IzvaraM dhanyaM vadAmaH prArthanAsamayE yuSmAkaM nAmOccArayAmaH,
3401030087	asmAkaM tAtasyEzvarasya sAkSAt prabhau yIzukhrISTE yuSmAkaM vizvAsEna yat kAryyaM prEmnA yaH parizramaH pratyAzayA ca yA titikSA jAyatE
3401040064	tat sarvvaM nirantaraM smarAmazca| hE piyabhrAtaraH, yUyam IzvarENAbhirucitA lOkA iti vayaM jAnImaH|
34010500b8	yatO'smAkaM susaMvAdaH kEvalazabdEna yuSmAn na pravizya zaktyA pavitrENAtmanA mahOtsAhEna ca yuSmAn prAvizat| vayantu yuSmAkaM kRtE yuSmanmadhyE kIdRzA abhavAma tad yuSmAbhi rjnjAyatE|
340106006a	yUyamapi bahuklEzabhOgEna pavitrENAtmanA dattEnAnandEna ca vAkyaM gRhItvAsmAkaM prabhOzcAnugAminO'bhavata|
3401070067	tEna mAkidaniyAkhAyAdEzayO ryAvantO vizvAsinO lOkAH santi yUyaM tESAM sarvvESAM nidarzanasvarUpA jAtAH|
34010800c6	yatO yuSmattaH pratinAditayA prabhO rvANyA mAkidaniyAkhAyAdEzau vyAptau kEvalamEtannahi kintvIzvarE yuSmAkaM yO vizvAsastasya vArttA sarvvatrAzrAvi, tasmAt tatra vAkyakathanam asmAkaM niSprayOjanaM|
3401090083	yatO yuSmanmadhyE vayaM kIdRzaM pravEzaM prAptA yUyanjca kathaM pratimA vihAyEzvaraM pratyAvarttadhvam amaraM satyamIzvaraM sEvituM
34010a00b1	mRtagaNamadhyAcca tEnOtthApitasya putrasyArthata AgAmikrOdhAd asmAkaM nistArayitu ryIzOH svargAd AgamanaM pratIkSitum Arabhadhvam Etat sarvvaM tE lOkAH svayam asmAn jnjApayanti|
3402010055	hE bhrAtaraH, yuSmanmadhyE 'smAkaM pravEzO niSphalO na jAta iti yUyaM svayaM jAnItha|
34020200a4	aparaM yuSmAbhi ryathAzrAvi tathA pUrvvaM philipInagarE kliSTA ninditAzca santO'pi vayam IzvarAd utsAhaM labdhvA bahuyatnEna yuSmAn Izvarasya susaMvAdam abOdhayAma|
340203004f	yatO'smAkam AdEzO bhrAntErazucibhAvAd vOtpannaH pravanjcanAyuktO vA na bhavati|
34020400c0	kintvIzvarENAsmAn parIkSya vizvasanIyAn mattvA ca yadvat susaMvAdO'smAsu samArpyata tadvad vayaM mAnavEbhyO na rurOciSamANAH kintvasmadantaHkaraNAnAM parIkSakAyEzvarAya rurOciSamANA bhASAmahE|
3402050079	vayaM kadApi stutivAdinO nAbhavAmEti yUyaM jAnItha kadApi chalavastrENa lObhaM nAcchAdayAmEtyasmin IzvaraH sAkSI vidyatE|
34020600a9	vayaM khrISTasya prEritA iva gauravAnvitA bhavitum azakSyAma kintu yuSmattaH parasmAd vA kasmAdapi mAnavAd gauravaM na lipsamAnA yuSmanmadhyE mRdubhAvA bhUtvAvarttAmahi|
3402070046	yathA kAcinmAtA svakIyazizUn pAlayati tathA vayamapi yuSmAn kAgkSamANA
340208008b	yuSmabhyaM kEvalam Izvarasya susaMvAdaM tannahi kintu svakIyaprANAn api dAtuM manObhirabhyalaSAma, yatO yUyam asmAkaM snEhapAtrANyabhavata|
34020900b7	hE bhrAtaraH, asmAkaM zramaH klEzazca yuSmAbhiH smaryyatE yuSmAkaM kO'pi yad bhAragrastO na bhavEt tadarthaM vayaM divAnizaM parizrAmyantO yuSmanmadhya Izvarasya susaMvAdamaghOSayAma|
34020a0081	aparanjca vizvAsinO yuSmAn prati vayaM kIdRk pavitratvayathArthatvanirdOSatvAcAriNO'bhavAmEtyasmin IzvarO yUyanjca sAkSiNa AdhvE|
34020b0065	aparanjca yadvat pitA svabAlakAn tadvad vayaM yuSmAkam EkaikaM janam upadiSTavantaH sAntvitavantazca,
34020c0074	ya IzvaraH svIyarAjyAya vibhavAya ca yuSmAn AhUtavAn tadupayuktAcaraNAya yuSmAn pravarttitavantazcEti yUyaM jAnItha|
34020d0129	yasmin samayE yUyam asmAkaM mukhAd IzvarENa pratizrutaM vAkyam alabhadhvaM tasmin samayE tat mAnuSANAM vAkyaM na mattvEzvarasya vAkyaM mattvA gRhItavanta iti kAraNAd vayaM nirantaram IzvaraM dhanyaM vadAmaH, yatastad Izvarasya vAkyam iti satyaM vizvAsinAM yuSmAkaM madhyE tasya guNaH prakAzatE ca|
34020e00c4	hE bhrAtaraH, khrISTAzritavatya Izvarasya yAH samityO yihUdAdEzE santi yUyaM tAsAm anukAriNO'bhavata, tadbhuktA lOkAzca yadvad yihUdilOkEbhyastadvad yUyamapi svajAtIyalOkEbhyO duHkham alabhadhvaM|
34020f008f	tE yihUdIyAH prabhuM yIzuM bhaviSyadvAdinazca hatavantO 'smAn dUrIkRtavantazca, ta IzvarAya na rOcantE sarvvESAM mAnavAnAM vipakSA bhavanti ca;
34021000bf	aparaM bhinnajAtIyalOkAnAM paritrANArthaM tESAM madhyE susaMvAdaghOSaNAd asmAn pratiSEdhanti cEtthaM svIyapApAnAM parimANam uttarOttaraM pUrayanti, kintu tESAm antakArI krOdhastAn upakramatE|
3402110090	hE bhrAtaraH manasA nahi kintu vadanEna kiyatkAlaM yuSmattO 'smAkaM vicchEdE jAtE vayaM yuSmAkaM mukhAni draSTum atyAkAgkSayA bahu yatitavantaH|
3402120072	dvirEkakRtvO vA yuSmatsamIpagamanAyAsmAkaM vizESataH paulasya mamAbhilASO'bhavat kintu zayatAnO 'smAn nivAritavAn|
3402130090	yatO'smAkaM kA pratyAzA kO vAnandaH kiM vA zlAghyakirITaM? asmAkaM prabhO ryIzukhrISTasyAgamanakAlE tatsammukhasthA yUyaM kiM tanna bhaviSyatha?
340214002d	yUyam EvAsmAkaM gauravAnandasvarUpA bhavatha|
3403010059	atO'haM yadA sandEhaM punaH sOPhuM nAzaknuvaM tadAnIm AthInInagara EkAkI sthAtuM nizcitya
3403020068	svabhrAtaraM khrISTasya susaMvAdE sahakAriNanjcEzvarasya paricArakaM tImathiyaM yuSmatsamIpam aprESayaM|
340303008a	varttamAnaiH klEzaiH kasyApi cAnjcalyaM yathA na jAyatE tathA tE tvayA sthirIkriyantAM svakIyadharmmamadhi samAzvAsyantAnjcEti tam AdizaM|
34030400b8	vayamEtAdRzE klEzE niyuktA Asmaha iti yUyaM svayaM jAnItha, yatO'smAkaM durgati rbhaviSyatIti vayaM yuSmAkaM samIpE sthitikAlE'pi yuSmAn abOdhayAma, tAdRzamEva cAbhavat tadapi jAnItha|
34030500a7	tasmAt parIkSakENa yuSmAsu parIkSitESvasmAkaM parizramO viphalO bhaviSyatIti bhayaM sOPhuM yadAhaM nAzaknuvaM tadA yuSmAkaM vizvAsasya tattvAvadhAraNAya tam aprESayaM|
34030600e4	kintvadhunA tImathiyO yuSmatsamIpAd asmatsannidhim Agatya yuSmAkaM vizvAsaprEmaNI adhyasmAn suvArttAM jnjApitavAn vayanjca yathA yuSmAn smarAmastathA yUyamapyasmAn sarvvadA praNayEna smaratha draSTum AkAgkSadhvE cEti kathitavAn|
3403070079	hE bhrAtaraH, vArttAmimAM prApya yuSmAnadhi vizESatO yuSmAkaM klEzaduHkhAnyadhi yuSmAkaM vizvAsAd asmAkaM sAntvanAjAyata;
3403080044	yatO yUyaM yadi prabhAvavatiSThatha tarhyanEna vayam adhunA jIvAmaH|
3403090098	vayanjcAsmadIyEzvarasya sAkSAd yuSmattO jAtEna yEnAnandEna praphullA bhavAmastasya kRtsnasyAnandasya yOgyarUpENEzvaraM dhanyaM vadituM kathaM zakSyAmaH?
34030a008f	vayaM yEna yuSmAkaM vadanAni draSTuM yuSmAkaM vizvAsE yad asiddhaM vidyatE tat siddhIkarttunjca zakSyAmastAdRzaM varaM divAnizaM prArthayAmahE|
34030b0063	asmAkaM tAtEnEzvarENa prabhunA yIzukhrISTEna ca yuSmatsamIpagamanAyAsmAkaM panthA sugamaH kriyatAM|
34030c0073	parasparaM sarvvAMzca prati yuSmAkaM prEma yuSmAn prati cAsmAkaM prEma prabhunA varddhyatAM bahuphalaM kriyatAnjca|
34030d00d2	aparamasmAkaM prabhu ryIzukhrISTaH svakIyaiH sarvvaiH pavitralOkaiH sArddhaM yadAgamiSyati tadA yUyaM yathAsmAkaM tAtasyEzvarasya sammukhE pavitratayA nirdOSA bhaviSyatha tathA yuSmAkaM manAMsi sthirIkriyantAM|
34040100b5	hE bhrAtaraH, yuSmAbhiH kIdRg AcaritavyaM IzvarAya rOcitavyanjca tadadhyasmattO yA zikSA labdhA tadanusArAt punaratizayaM yatnaH kriyatAmiti vayaM prabhuyIzunA yuSmAn vinIyAdizAmaH|
340402004e	yatO vayaM prabhuyIzunA kIdRzIrAjnjA yuSmAsu samarpitavantastad yUyaM jAnItha|
3404030055	IzvarasyAyam abhilASO yad yuSmAkaM pavitratA bhavEt, yUyaM vyabhicArAd dUrE tiSThata|
3404040046	yuSmAkam EkaikO janaH svakIyaM prANAdhAraM pavitraM mAnyanjca rakSatu,
3404050055	yE ca bhinnajAtIyA lOkA IzvaraM na jAnanti ta iva tat kAmAbhilASasyAdhInaM na karOtu|
34040600ac	Etasmin viSayE kO'pyatyAcArI bhUtvA svabhrAtaraM na vanjcayatu yatO'smAbhiH pUrvvaM yathOktaM pramANIkRtanjca tathaiva prabhurEtAdRzAnAM karmmaNAM samucitaM phalaM dAsyati|
3404070045	yasmAd IzvarO'smAn azucitAyai nAhUtavAn kintu pavitratvAyaivAhUtavAn|
3404080086	atO hEtO ryaH kazcid vAkyamEtanna gRhlAti sa manuSyam avajAnAtIti nahi yEna svakIyAtmA yuSmadantarE samarpitastam Izvaram EvAvajAnAti|
340409007e	bhrAtRSu prEmakaraNamadhi yuSmAn prati mama likhanaM niSprayOjanaM yatO yUyaM parasparaM prEmakaraNAyEzvarazikSitA lOkA AdhvE|
34040a00b7	kRtsnE mAkidaniyAdEzE ca yAvantO bhrAtaraH santi tAn sarvvAn prati yuSmAbhistat prEma prakAzyatE tathApi hE bhrAtaraH, vayaM yuSmAn vinayAmahE yUyaM puna rbahutaraM prEma prakAzayata|
34040b007e	aparaM yE bahiHsthitAstESAM dRSTigOcarE yuSmAkam AcaraNaM yat manOramyaM bhavEt kasyApi vastunazcAbhAvO yuSmAkaM yanna bhavEt,
34040c009e	EtadarthaM yUyam asmattO yAdRzam AdEzaM prAptavantastAdRzaM nirvirOdhAcAraM karttuM svasvakarmmaNi manAMmi nidhAtuM nijakaraizca kAryyaM sAdhayituM yatadhvaM|
34040d0080	hE bhrAtaraH nirAzA anyE lOkA iva yUyaM yanna zOcEdhvaM tadarthaM mahAnidrAgatAn lOkAnadhi yuSmAkam ajnjAnatA mayA nAbhilaSyatE|
34040e0088	yIzu rmRtavAn punaruthitavAMzcEti yadi vayaM vizvAsamastarhi yIzum AzritAn mahAnidrAprAptAn lOkAnapIzvarO'vazyaM tEna sArddham AnESyati|
34040f00a1	yatO'haM prabhO rvAkyEna yuSmAn idaM jnjApayAmi; asmAkaM madhyE yE janAH prabhOrAgamanaM yAvat jIvantO'vazEkSyantE tE mahAnidritAnAm agragAminOna na bhaviSyanti;
340410009f	yataH prabhuH siMhanAdEna pradhAnasvargadUtasyOccaiH zabdEnEzvarIyatUrIvAdyEna ca svayaM svargAd avarOkSyati tEna khrISTAzritA mRtalOkAH prathamam utthAsyAnti|
34041100ae	aparam asmAkaM madhyE yE jIvantO'vazEkSyantE ta AkAzE prabhOH sAkSAtkaraNArthaM taiH sArddhaM mEghavAhanEna hariSyantE; itthanjca vayaM sarvvadA prabhunA sArddhaM sthAsyAmaH|
3404120032	atO yUyam EtAbhiH kathAbhiH parasparaM sAntvayata|
340501004b	hE bhrAtaraH, kAlAn samayAMzcAdhi yuSmAn prati mama likhanaM niSprayOjanaM,
340502005c	yatO rAtrau yAdRk taskarastAdRk prabhO rdinam upasthAsyatIti yUyaM svayamEva samyag jAnItha|
34050300ac	zAnti rnirvvinghatvanjca vidyata iti yadA mAnavA vadiSyanti tadA prasavavEdanA yadvad garbbhinIm upatiSThati tadvad akasmAd vinAzastAn upasthAsyati tairuddhArO na lapsyatE|
3405040066	kintu hE bhrAtaraH, yUyam andhakArENAvRtA na bhavatha tasmAt taddinaM taskara iva yuSmAn na prApsyati|
3405050062	sarvvE yUyaM dIptEH santAnA divAyAzca santAnA bhavatha vayaM nizAvaMzAstimiravaMzA vA na bhavAmaH|
340506006c	atO 'parE yathA nidrAgatAH santi tadvad asmAbhi rna bhavitavyaM kintu jAgaritavyaM sacEtanaizca bhavitavyaM|
3405070056	yE nidrAnti tE nizAyAmEva nidrAnti tE ca mattA bhavanti tE rajanyAmEva mattA bhavanti|
340508009c	kintu vayaM divasasya vaMzA bhavAmaH; atO 'smAbhi rvakSasi pratyayaprEmarUpaM kavacaM zirasi ca paritrANAzArUpaM zirastraM paridhAya sacEtanai rbhavitavyaM|
340509005f	yata IzvarO'smAn krOdhE na niyujyAsmAkaM prabhunA yIzukhrISTEna paritrANasyAdhikArE niyuktavAn,
34050a0063	jAgratO nidrAgatA vA vayaM yat tEna prabhunA saha jIvAmastadarthaM sO'smAkaM kRtE prANAn tyaktavAn|
34050b004e	ataEva yUyaM yadvat kurutha tadvat parasparaM sAntvayata susthirIkurudhvanjca|
34050c0084	hE bhrAtaraH, yuSmAkaM madhyE yE janAH parizramaM kurvvanti prabhO rnAmnA yuSmAn adhitiSThantyupadizanti ca tAn yUyaM sammanyadhvaM|
34050d0065	svakarmmahEtunA ca prEmnA tAn atIvAdRyadhvamiti mama prArthanA, yUyaM parasparaM nirvvirOdhA bhavata|
34050e009c	hE bhrAtaraH, yuSmAn vinayAmahE yUyam avihitAcAriNO lOkAn bhartsayadhvaM, kSudramanasaH sAntvayata, durbbalAn upakuruta, sarvvAn prati sahiSNavO bhavata ca|
34050f00a2	aparaM kamapi pratyaniSTasya phalam aniSTaM kEnApi yanna kriyEta tadarthaM sAvadhAnA bhavata, kintu parasparaM sarvvAn mAnavAMzca prati nityaM hitAcAriNO bhavata|
3405100010	sarvvadAnandata|
3405110020	nirantaraM prArthanAM kurudhvaM|
3405120068	sarvvaviSayE kRtajnjatAM svIkurudhvaM yata EtadEva khrISTayIzunA yuSmAn prati prakAzitam IzvarAbhimataM|
3405130021	pavitram AtmAnaM na nirvvApayata|
3405140019	IzvarIyAdEzaM nAvajAnIta|
340515002f	sarvvANi parIkSya yad bhadraM tadEva dhArayata|
3405160033	yat kimapi pAparUpaM bhavati tasmAd dUraM tiSThata|
34051700b8	zAntidAyaka IzvaraH svayaM yuSmAn sampUrNatvEna pavitrAn karOtu, aparam asmatprabhO ryIzukhrISTasyAgamanaM yAvad yuSmAkam AtmAnaH prANAH zarIrANi ca nikhilAni nirddOSatvEna rakSyantAM|
340518003a	yO yuSmAn Ahvayati sa vizvasanIyO'taH sa tat sAdhayiSyati|
3405190030	hE bhrAtaraH, asmAkaM kRtE prArthanAM kurudhvaM|
34051a0034	pavitracumbanEna sarvvAn bhrAtRn prati satkurudhvaM|
34051b006b	patramidaM sarvvESAM pavitrANAM bhrAtRNAM zrutigOcarE yuSmAbhiH paThyatAmiti prabhO rnAmnA yuSmAn zapayAmi|
34051c003b	asmAkaM prabhO ryIzukhrISTasyAnugratE yuSmAsu bhUyAt| AmEn|
3500000010	2 thiSalanIkinaH
350101008b	paulaH silvAnastImathiyazcEtinAmAnO vayam asmadIyatAtam IzvaraM prabhuM yIzukhrISTanjcAzritAM thiSalanIkinAM samitiM prati patraM likhAmaH|
3501020051	asmAkaM tAta IzvaraH prabhu ryIzukhrISTazca yuSmAsvanugrahaM zAntinjca kriyAstAM|
35010300bf	hE bhrAtaraH, yuSmAkaM kRtE sarvvadA yathAyOgyam Izvarasya dhanyavAdO 'smAbhiH karttavyaH, yatO hEtO ryuSmAkaM vizvAsa uttarOttaraM varddhatE parasparam Ekaikasya prEma ca bahuphalaM bhavati|
3501040094	tasmAd yuSmAbhi ryAvanta upadravaklEzAH sahyantE tESu yad dhEryyaM yazca vizvAsaH prakAzyatE tatkAraNAd vayam IzvarIyasamitiSu yuSmAbhiH zlAghAmahE|
350105007a	taccEzvarasya nyAyavicArasya pramANaM bhavati yatO yUyaM yasya kRtE duHkhaM sahadhvaM tasyEzvarIyarAjyasya yOgyA bhavatha|
3501060089	yataH svakIyasvargadUtAnAM balaiH sahitasya prabhO ryIzOH svargAd AgamanakAlE yuSmAkaM klEzakEbhyaH klEzEna phaladAnaM sArddhamasmAbhizca
3501070040	klizyamAnEbhyO yuSmabhyaM zAntidAnam IzvarENa nyAyyaM bhOtsyatE;
3501080090	tadAnIm IzvarAnabhijnjEbhyO 'smatprabhO ryIzukhrISTasya susaMvAdAgrAhakEbhyazca lOkEbhyO jAjvalyamAnEna vahninA samucitaM phalaM yIzunA dAsyatE;
3501090054	tE ca prabhO rvadanAt parAkramayuktavibhavAcca sadAtanavinAzarUpaM daNPaM lapsyantE,
35010a00a1	kintu tasmin dinE svakIyapavitralOkESu virAjituM yuSmAn aparAMzca sarvvAn vizvAsilOkAn vismApayitunjca sa AgamiSyati yatO 'smAkaM pramANE yuSmAbhi rvizvAsO'kAri|
35010b00ab	atO'smAkam IzvarO yuSmAn tasyAhvAnasya yOgyAn karOtu saujanyasya zubhaphalaM vizvAsasya guNanjca parAkramENa sAdhayatviti prArthanAsmAbhiH sarvvadA yuSmannimittaM kriyatE,
35010c009f	yatastathA satyasmAkam Izvarasya prabhO ryIzukhrISTasya cAnugrahAd asmatprabhO ryIzukhrISTasya nAmnO gauravaM yuSmAsu yuSmAkamapi gauravaM tasmin prakAziSyatE|
350201007a	hE bhrAtaraH, asmAkaM prabhO ryIzukhrISTasyAgamanaM tasya samIpE 'smAkaM saMsthitinjcAdhi vayaM yuSmAn idaM prArthayAmahE,
35020200a6	prabhEstad dinaM prAyENOpasthitam iti yadi kazcid AtmanA vAcA vA patrENa vAsmAkam AdEzaM kalpayan yuSmAn gadati tarhi yUyaM tEna canjcalamanasa udvignAzca na bhavata|
350203005f	kEnApi prakArENa kO'pi yuSmAn na vanjcayatu yatastasmAd dinAt pUrvvaM dharmmalOpEnOpasyAtavyaM,
35020400b5	yazca janO vipakSatAM kurvvan sarvvasmAd dEvAt pUjanIyavastuzcOnnaMsyatE svam Izvaramiva darzayan Izvaravad Izvarasya mandira upavEkSyati ca tEna vinAzapAtrENa pApapuruSENOdEtavyaM|
350205004f	yadAhaM yuSmAkaM sannidhAvAsaM tadAnIm Etad akathayamiti yUyaM kiM na smaratha?
350206004d	sAmprataM sa yEna nivAryyatE tad yUyaM jAnItha, kintu svasamayE tEnOdEtavyaM|
350207005f	vidharmmasya nigUPhO guNa idAnImapi phalati kintu yastaM nivArayati sO'dyApi dUrIkRtO nAbhavat|
3502080084	tasmin dUrIkRtE sa vidharmmyudESyati kintu prabhu ryIzuH svamukhapavanEna taM vidhvaMsayiSyati nijOpasthitEstEjasA vinAzayiSyati ca|
35020900af	zayatAnasya zaktiprakAzanAd vinAzyamAnAnAM madhyE sarvvavidhAH parAkramA bhramikA AzcaryyakriyA lakSaNAnyadharmmajAtA sarvvavidhapratAraNA ca tasyOpasthitEH phalaM bhaviSyati;
35020a0053	yatO hEtOstE paritrANaprAptayE satyadharmmasyAnurAgaM na gRhItavantastasmAt kAraNAd
35020b004c	IzvarENa tAn prati bhrAntikaramAyAyAM prESitAyAM tE mRSAvAkyE vizvasiSyanti|
35020c0069	yatO yAvantO mAnavAH satyadharmmE na vizvasyAdharmmENa tuSyanti taiH sarvvai rdaNPabhAjanai rbhavitavyaM|
35020d00bc	hE prabhOH priyA bhrAtaraH, yuSmAkaM kRta Izvarasya dhanyavAdO'smAbhiH sarvvadA karttavyO yata Izvara A prathamAd AtmanaH pAvanEna satyadharmmE vizvAsEna ca paritrANArthaM yuSmAn varItavAn
35020e0070	tadarthanjcAsmAbhi rghOSitEna susaMvAdEna yuSmAn AhUyAsmAkaM prabhO ryIzukhrISTasya tEjasO'dhikAriNaH kariSyati|
35020f0078	atO hE bhrAtaraH yUyam asmAkaM vAkyaiH patraizca yAM zikSAM labdhavantastAM kRtsnAM zikSAM dhArayantaH susthirA bhavata|
350210008d	asmAkaM prabhu ryIzukhrISTastAta IzvarazcArthatO yO yuSmAsu prEma kRtavAn nityAnjca sAntvanAm anugrahENOttamapratyAzAnjca yuSmabhyaM dattavAn
3502110061	sa svayaM yuSmAkam antaHkaraNAni sAntvayatu sarvvasmin sadvAkyE satkarmmaNi ca susthirIkarOtu ca|
3503010092	hE bhrAtaraH, zESE vadAmi, yUyam asmabhyamidaM prArthayadhvaM yat prabhO rvAkyaM yuSmAkaM madhyE yathA tathaivAnyatrApi pracarEt mAnyanjca bhavEt;
3503020065	yacca vayam avivEcakEbhyO duSTEbhyazca lOkEbhyO rakSAM prApnuyAma yataH sarvvESAM vizvAsO na bhavati|
3503030055	kintu prabhu rvizvAsyaH sa Eva yuSmAn sthirIkariSyati duSTasya karAd uddhariSyati ca|
3503040063	yUyam asmAbhi ryad AdizyadhvE tat kurutha kariSyatha cEti vizvAsO yuSmAnadhi prabhunAsmAkaM jAyatE|
350305005b	Izvarasya prEmni khrISTasya sahiSNutAyAnjca prabhuH svayaM yuSmAkam antaHkaraNAni vinayatu|
35030600c0	hE bhrAtaraH, asmatprabhO ryIzukhrISTasya nAmnA vayaM yuSmAn idam AdizAmaH, asmattO yuSmAbhi ryA zikSalambhi tAM vihAya kazcid bhrAtA yadyavihitAcAraM karOti tarhi yUyaM tasmAt pRthag bhavata|
3503070071	yatO vayaM yuSmAbhiH katham anukarttavyAstad yUyaM svayaM jAnItha| yuSmAkaM madhyE vayam avihitAcAriNO nAbhavAma,
350308008a	vinAmUlyaM kasyApyannaM nAbhuMjmahi kintu kO'pi yad asmAbhi rbhAragrastO na bhavEt tadarthaM zramENa klEzEna ca divAnizaM kAryyam akurmma|
350309006e	atrAsmAkam adhikArO nAstItthaM nahi kintvasmAkam anukaraNAya yuSmAn dRSTAntaM darzayitum icchantastad akurmma|
35030a006b	yatO yEna kAryyaM na kriyatE tEnAhArO'pi na kriyatAmiti vayaM yuSmatsamIpa upasthitikAlE'pi yuSmAn AdizAma|
35030b006c	yuSmanmadhyE 'vihitAcAriNaH kE'pi janA vidyantE tE ca kAryyam akurvvanta Alasyam AcarantItyasmAbhiH zrUyatE|
35030c0090	tAdRzAn lOkAn asmataprabhO ryIzukhrISTasya nAmnA vayam idam AdizAma AjnjApayAmazca, tE zAntabhAvEna kAryyaM kurvvantaH svakIyamannaM bhunjjatAM|
35030d0032	aparaM hE bhrAtaraH, yUyaM sadAcaraNE na klAmyata|
35030e008b	yadi ca kazcidEtatpatrE likhitAm asmAkam AjnjAM na gRhlAti tarhi yUyaM taM mAnuSaM lakSayata tasya saMsargaM tyajata ca tEna sa trapiSyatE|
35030f0034	kintu taM na zatruM manyamAnA bhrAtaramiva cEtayata|
3503100067	zAntidAtA prabhuH sarvvatra sarvvathA yuSmabhyaM zAntiM dEyAt| prabhu ryuSmAkaM sarvvESAM saggI bhUyAt|
3503110071	namaskAra ESa paulasya mama karENa likhitO'bhUt sarvvasmin patra Etanmama cihnam EtAdRzairakSarai rmayA likhyatE|
3503120045	asmAkaM prabhO ryIzukhrISTasyAnugrahaH sarvvESu yuSmAsu bhUyAt| AmEn|
360000000c	1 tImathiyaH
36010100b6	asmAkaM trANakartturIzvarasyAsmAkaM pratyAzAbhUmEH prabhO ryIzukhrISTasya cAjnjAnusAratO yIzukhrISTasya prEritaH paulaH svakIyaM satyaM dharmmaputraM tImathiyaM prati patraM likhati|
360102005d	asmAkaM tAta IzvarO'smAkaM prabhu ryIzukhrISTazca tvayi anugrahaM dayAM zAntinjca kuryyAstAM|
3601030093	mAkidaniyAdEzE mama gamanakAlE tvam iphiSanagarE tiSThan itarazikSA na grahItavyA, anantESUpAkhyAnESu vaMzAvaliSu ca yuSmAbhi rmanO na nivEzitavyam
3601040081	iti kAMzcit lOkAn yad upadizErEtat mayAdiSTO'bhavaH, yataH sarvvairEtai rvizvAsayuktEzvarIyaniSThA na jAyatE kintu vivAdO jAyatE|
3601050064	upadEzasya tvabhiprEtaM phalaM nirmmalAntaHkaraNEna satsaMvEdEna niSkapaTavizvAsEna ca yuktaM prEma|
3601060057	kEcit janAzca sarvvANyEtAni vihAya nirarthakakathAnAm anugamanEna vipathagAminO'bhavan,
3601070055	yad bhASantE yacca nizcinvanti tanna budhyamAnA vyavasthOpadESTArO bhavitum icchanti|
360108004a	sA vyavasthA yadi yOgyarUpENa gRhyatE tarhyuttamA bhavatIti vayaM jAnImaH|
360109008a	aparaM sA vyavasthA dhArmmikasya viruddhA na bhavati kintvadhArmmikO 'vAdhyO duSTaH pApiSThO 'pavitrO 'zuciH pitRhantA mAtRhantA narahantA
36010a005e	vEzyAgAmI puMmaithunI manuSyavikrEtA mithyAvAdI mithyAzapathakArI ca sarvvESAmEtESAM viruddhA,
36010b00ac	tathA saccidAnandEzvarasya yO vibhavayuktaH susaMvAdO mayi samarpitastadanuyAyihitOpadEzasya viparItaM yat kinjcid bhavati tadviruddhA sA vyavasthEti tadgrAhiNA jnjAtavyaM|
36010c0046	mahyaM zaktidAtA yO'smAkaM prabhuH khrISTayIzustamahaM dhanyaM vadAmi|
36010d00af	yataH purA nindaka upadrAvI hiMsakazca bhUtvApyahaM tEna vizvAsyO 'manyE paricArakatvE nyayujyE ca| tad avizvAsAcaraNam ajnjAnEna mayA kRtamiti hEtOrahaM tEnAnukampitO'bhavaM|
36010e0055	aparaM khrISTE yIzau vizvAsaprEmabhyAM sahitO'smatprabhOranugrahO 'tIva pracurO'bhat|
36010f0067	pApinaH paritrAtuM khrISTO yIzu rjagati samavatIrNO'bhavat, ESA kathA vizvAsanIyA sarvvai grahaNIyA ca|
36011000e3	tESAM pApinAM madhyE'haM prathama AsaM kintu yE mAnavA anantajIvanaprAptyarthaM tasmin vizvasiSyanti tESAM dRSTAntE mayi prathamE yIzunA khrISTEna svakIyA kRtsnA cirasahiSNutA yat prakAzyatE tadarthamEvAham anukampAM prAptavAn|
360111006c	anAdirakSayO'dRzyO rAjA yO'dvitIyaH sarvvajnja Izvarastasya gauravaM mahimA cAnantakAlaM yAvad bhUyAt| AmEn|
36011200a7	hE putra tImathiya tvayi yAni bhaviSyadvAkyAni purA kathitAni tadanusArAd aham EnamAdEzaM tvayi samarpayAmi, tasyAbhiprAyO'yaM yattvaM tai rvAkyairuttamayuddhaM karOSi
360113005b	vizvAsaM satsaMvEdanjca dhArayasi ca| anayOH parityAgAt kESAnjcid vizvAsatarI bhagnAbhavat|
3601140083	huminAyasikandarau tESAM yau dvau janau, tau yad dharmmanindAM puna rna karttuM zikSEtE tadarthaM mayA zayatAnasya karE samarpitau|
3602010047	mama prathama AdEzO'yaM, prArthanAvinayanivEdanadhanyavAdAH karttavyAH,
36020200b6	sarvvESAM mAnavAnAM kRtE vizESatO vayaM yat zAntatvEna nirvvirOdhatvEna cEzcarabhaktiM vinItatvanjcAcarantaH kAlaM yApayAmastadarthaM nRpatInAm uccapadasthAnAnjca kRtE tE karttavyAH|
3602030045	yatO'smAkaM tArakasyEzvarasya sAkSAt tadEvOttamaM grAhyanjca bhavati,
360204003e	sa sarvvESAM mAnavAnAM paritrANaM satyajnjAnaprAptinjcEcchati|
360205004f	yata EkO'dvitIya IzvarO vidyatE kinjcEzvarE mAnavESu caikO 'dvitIyO madhyasthaH
3602060085	sa narAvatAraH khrISTO yIzu rvidyatE yaH sarvvESAM muktE rmUlyam AtmadAnaM kRtavAn| EtEna yEna pramANEnOpayuktE samayE prakAzitavyaM,
3602070094	tadghOSayitA dUtO vizvAsE satyadharmmE ca bhinnajAtIyAnAm upadEzakazcAhaM nyayUjyE, EtadahaM khrISTasya nAmnA yathAtathyaM vadAmi nAnRtaM kathayAmi|
360208006c	atO mamAbhimatamidaM puruSaiH krOdhasandEhau vinA pavitrakarAn uttOlya sarvvasmin sthAnE prArthanA kriyatAM|
36020900a4	tadvat nAryyO'pi salajjAH saMyatamanasazca satyO yOgyamAcchAdanaM paridadhatu kinjca kEzasaMskAraiH kaNakamuktAbhi rmahArghyaparicchadaizcAtmabhUSaNaM na kurvvatyaH
36020a004a	svIkRtEzvarabhaktInAM yOSitAM yOgyaiH satyarmmabhiH svabhUSaNaM kurvvatAM|
36020b002e	nArI sampUrNavinItatvEna nirvirOdhaM zikSatAM|
36020c0057	nAryyAH zikSAdAnaM puruSAyAjnjAdAnaM vAhaM nAnujAnAmi tayA nirvvirOdhatvam AcaritavyaM|
36020d0039	yataH prathamam AdamastataH paraM havAyAH sRSTi rbabhUva|
36020e004e	kinjcAdam bhrAntiyuktO nAbhavat yOSidEva bhrAntiyuktA bhUtvAtyAcAriNI babhUva|
36020f007c	tathApi nArIgaNO yadi vizvAsE prEmni pavitratAyAM saMyatamanasi ca tiSThati tarhyapatyaprasavavartmanA paritrANaM prApsyati|
360301004f	yadi kazcid adhyakSapadam AkAgkSatE tarhi sa uttamaM karmma lipsata iti satyaM|
3603020070	atO'dhyakSENAninditEnaikasyA yOSitO bhartrA parimitabhOgEna saMyatamanasA sabhyEnAtithisEvakEna zikSaNE nipuNEna
3603030045	na madyapEna na prahArakENa kintu mRdubhAvEna nirvvivAdEna nirlObhEna
360304005a	svaparivArANAm uttamazAsakEna pUrNavinItatvAd vazyAnAM santAnAnAM niyantrA ca bhavitavyaM|
360305005f	yata AtmaparivArAn zAsituM yO na zaknOti tEnEzvarasya samitEstattvAvadhAraNaM kathaM kAriSyatE?
360306006a	aparaM sa garvvitO bhUtvA yat zayatAna iva daNPayOgyO na bhavEt tadarthaM tEna navaziSyENa na bhavitavyaM|
3603070072	yacca nindAyAM zayatAnasya jAlE ca na patEt tadarthaM tEna bahiHsthalOkAnAmapi madhyE sukhyAtiyuktEna bhavitavyaM|
3603080068	tadvat paricArakairapi vinItai rdvividhavAkyarahitai rbahumadyapAnE 'nAsaktai rnirlObhaizca bhavitavyaM,
360309003b	nirmmalasaMvEdEna ca vizvAsasya nigUPhavAkyaM dhAtivyanjca|
36030a0051	agrE tESAM parIkSA kriyatAM tataH param aninditA bhUtvA tE paricaryyAM kurvvantu|
36030b005f	aparaM yOSidbhirapi vinItAbhiranapavAdikAbhiH satarkAbhiH sarvvatra vizvAsyAbhizca bhavitavyaM|
36030c005e	paricArakA EkaikayOSitO bharttArO bhavEyuH, nijasantAnAnAM parijanAnAnjca suzAsanaM kuryyuzca|
36030d0079	yataH sA paricaryyA yai rbhadrarUpENa sAdhyatE tE zrESThapadaM prApnuvanti khrISTE yIzau vizvAsEna mahOtsukA bhavanti ca|
36030e0053	tvAM pratyEtatpatralEkhanasamayE zIghraM tvatsamIpagamanasya pratyAzA mama vidyatE|
36030f00a3	yadi vA vilambEya tarhIzvarasya gRhE 'rthataH satyadharmmasya stambhabhittimUlasvarUpAyAm amarEzvarasya samitau tvayA kIdRza AcAraH karttavyastat jnjAtuM zakSyatE|
36031000e1	aparaM yasya mahattvaM sarvvasvIkRtam IzvarabhaktEstat nigUPhavAkyamidam IzvarO mAnavadEhE prakAzita AtmanA sapuNyIkRtO dUtaiH sandRSTaH sarvvajAtIyAnAM nikaTE ghOSitO jagatO vizvAsapAtrIbhUtastEjaHprAptayE svargaM nItazcEti|
3604010050	pavitra AtmA spaSTam idaM vAkyaM vadati caramakAlE katipayalOkA vahninAgkitatvAt
3604020054	kaThOramanasAM kApaTyAd anRtavAdinAM vivAhaniSEdhakAnAM bhakSyavizESaniSEdhakAnAnjca
36040300bd	bhUtasvarUpANAM zikSAyAM bhramakAtmanAM vAkyESu ca manAMsi nivEzya dharmmAd bhraMziSyantE| tAni tu bhakSyANi vizvAsinAM svIkRtasatyadharmmANAnjca dhanyavAdasahitAya bhOgAyEzvarENa sasRjirE|
3604040073	yata IzvarENa yadyat sRSTaM tat sarvvam uttamaM yadi ca dhanyavAdEna bhujyatE tarhi tasya kimapi nAgrAhyaM bhavati,
3604050039	yata Izvarasya vAkyEna prArthanayA ca tat pavitrIbhavati|
360406009b	EtAni vAkyAni yadi tvaM bhrAtRn jnjApayEstarhi yIzukhrISTasyOttamH paricArakO bhaviSyasi yO vizvAsO hitOpadEzazca tvayA gRhItastadIyavAkyairApyAyiSyasE ca|
3604070070	yAnyupAkhyAnAni durbhAvAni vRddhayOSitAmEva yOgyAni ca tAni tvayA visRjyantAm IzvarabhaktayE yatnaH kriyatAnjca|
3604080085	yataH zArIrikO yatnaH svalpaphaladO bhavati kintvIzvarabhaktiraihikapAratrikajIvanayOH pratijnjAyuktA satI sarvvatra phaladA bhavati|
3604090062	vAkyamEtad vizvasanIyaM sarvvai rgrahaNIyanjca vayanjca tadarthamEva zrAmyAmO nindAM bhuMjmahE ca|
36040a005c	yatO hEtOH sarvvamAnavAnAM vizESatO vizvAsinAM trAtA yO'mara Izvarastasmin vayaM vizvasAmaH|
36040b002b	tvam EtAni vAkyAni pracAraya samupadiza ca|
36040c0081	alpavayaSkatvAt kEnApyavajnjEyO na bhava kintvAlApEnAcaraNEna prEmnA sadAtmatvEna vizvAsEna zucitvEna ca vizvAsinAm AdarzO bhava|
36040d0049	yAvannAham AgamiSyAmi tAvat tva pAThE cEtayanE upadEzE ca manO nidhatsva|
36040e0079	prAcInagaNahastArpaNasahitEna bhaviSyadvAkyEna yaddAnaM tubhyaM vizrANitaM tavAntaHsthE tasmin dAnE zithilamanA mA bhava|
36040f0059	EtESu manO nivEzaya, EtESu varttasva, itthanjca sarvvaviSayE tava guNavRddhiH prakAzatAM|
3604100070	svasmin upadEzE ca sAvadhAnO bhUtvAvatiSThasva tat kRtvA tvayAtmaparitrANaM zrOtRNAnjca paritrANaM sAdhayiSyatE|
3605010042	tvaM prAcInaM na bhartsaya kintu taM pitaramiva yUnazca bhrAtRniva
360502004a	vRddhAH striyazca mAtRniva yuvatIzca pUrNazucitvEna bhaginIriva vinayasva|
3605030021	aparaM satyavidhavAH sammanyasva|
36050400b8	kasyAzcid vidhavAyA yadi putrAH pautrA vA vidyantE tarhi tE prathamataH svIyaparijanAn sEvituM pitrOH pratyupakarttunjca zikSantAM yatastadEvEzvarasya sAkSAd uttamaM grAhyanjca karmma|
3605050078	aparaM yA nArI satyavidhavA nAthahInA cAsti sA IzvarasyAzrayE tiSThantI divAnizaM nivEdanaprArthanAbhyAM kAlaM yApayati|
360506003b	kintu yA vidhavA sukhabhOgAsaktA sA jIvatyapi mRtA bhavati|
3605070041	ataEva tA yad aninditA bhavEyUstadartham EtAni tvayA nidizyantAM|
3605080071	yadi kazcit svajAtIyAn lOkAn vizESataH svIyaparijanAn na pAlayati tarhi sa vizvAsAd bhraSTO 'pyadhamazca bhavati|
3605090077	vidhavAvargE yasyA gaNanA bhavati tayA SaSTivatsarEbhyO nyUnavayaskayA na bhavitavyaM; aparaM pUrvvam EkasvAmikA bhUtvA
36050a00ae	sA yat zizupOSaNEnAtithisEvanEna pavitralOkAnAM caraNaprakSAlanEna kliSTAnAm upakArENa sarvvavidhasatkarmmAcaraNEna ca satkarmmakaraNAt sukhyAtiprAptA bhavEt tadapyAvazyakaM|
36050b0063	kintu yuvatI rvidhavA na gRhANa yataH khrISTasya vaiparItyEna tAsAM darpE jAtE tA vivAham icchanti|
36050c0036	tasmAcca pUrvvadharmmaM parityajya daNPanIyA bhavanti|
36050d009c	anantaraM tA gRhAd gRhaM paryyaTantya AlasyaM zikSantE kEvalamAlasyaM nahi kintvanarthakAlApaM parAdhikAracarccAnjcApi zikSamANA anucitAni vAkyAni bhASantE|
36050e008b	atO mamEcchEyaM yuvatyO vidhavA vivAhaM kurvvatAm apatyavatyO bhavantu gRhakarmma kurvvatAnjcEtthaM vipakSAya kimapi nindAdvAraM na dadatu|
36050f003d	yata itaH pUrvvam api kAzcit zayatAnasya pazcAdgAminyO jAtAH|
36051000bc	aparaM vizvAsinyA vizvAsinO vA kasyApi parivArANAM madhyE yadi vidhavA vidyantE tarhi sa tAH pratipAlayatu tasmAt samitau bhArE 'nArOpitE satyavidhavAnAM pratipAlanaM karttuM tayA zakyatE|
3605110084	yE prAnjcaH samitiM samyag adhitiSThanti vizESata IzvaravAkyEnOpadEzEna ca yE yatnaM vidadhatE tE dviguNasyAdarasya yOgyA mAnyantAM|
360512007a	yasmAt zAstrE likhitamidamAstE, tvaM zasyamarddakavRSasyAsyaM mA badhAnEti, aparamapi kAryyakRd vEtanasya yOgyO bhavatIti|
3605130053	dvau trIn vA sAkSiNO vinA kasyAcit prAcInasya viruddham abhiyOgastvayA na gRhyatAM|
360514005c	aparaM yE pApamAcaranti tAn sarvvESAM samakSaM bhartsayasva tEnAparESAmapi bhIti rjaniSyatE|
36051500a8	aham Izvarasya prabhO ryIzukhrISTasya manOnItadivyadUtAnAnjca gOcarE tvAm idam AjnjApayAmi tvaM kasyApyanurOdhEna kimapi na kurvvana vinApakSapAtam EtAna vidhIn pAlaya|
360516005b	kasyApi mUrddhi hastAparNaM tvarayA mAkArSIH| parapApAnAnjcAMzI mA bhava| svaM zuciM rakSa|
3605170066	aparaM tavOdarapIPAyAH punaH puna durbbalatAyAzca nimittaM kEvalaM tOyaM na pivan kinjcin madyaM piva|
3605180047	kESAnjcit mAnavAnAM pApAni vicArAt pUrvvaM kESAnjcit pazcAt prakAzantE|
3605190056	tathaiva satkarmmANyapi prakAzantE tadanyathA sati pracchannAni sthAtuM na zaknuvanti|
360601008e	yAvantO lOkA yugadhAriNO dAsAH santi tE svasvasvAminaM pUrNasamAdarayOgyaM manyantAM nO cEd Izvarasya nAmna upadEzasya ca nindA sambhaviSyati|
36060200b3	yESAnjca svAminO vizvAsinaH bhavanti taistE bhrAtRtvAt nAvajnjEyAH kintu tE karmmaphalabhOginO vizvAsinaH priyAzca bhavantIti hEtOH sEvanIyA Eva, tvam EtAni zikSaya samupadiza ca|
3606030073	yaH kazcid itarazikSAM karOti, asmAkaM prabhO ryIzukhrISTasya hitavAkyAnIzvarabhaktE ryOgyAM zikSAnjca na svIkarOti
3606040054	sa darpadhmAtaH sarvvathA jnjAnahInazca vivAdai rvAgyuddhaizca rOgayuktazca bhavati|
36060500b8	tAdRzAd bhAvAd IrSyAvirOdhApavAdaduSTAsUyA bhraSTamanasAM satyajnjAnahInAnAm IzvarabhaktiM lAbhOpAyam iva manyamAnAnAM lOkAnAM vivAdAzca jAyantE tAdRzEbhyO lOkEbhyastvaM pRthak tiSTha|
3606060045	saMyatEcchayA yuktA yEzvarabhaktiH sA mahAlAbhOpAyO bhavatIti satyaM|
3606070066	EtajjagatpravEzanakAlE'smAbhiH kimapi nAnAyi tattayajanakAlE'pi kimapi nEtuM na zakSyata iti nizcitaM|
3606080043	ataEva khAdyAnyAcchAdanAni ca prApyAsmAbhiH santuSTai rbhavitavyaM|
3606090097	yE tu dhaninO bhavituM cESTantE tE parIkSAyAm unmAthE patanti yE cAbhilASA mAnavAn vinAzE narakE ca majjayanti tAdRzESvajnjAnAhitAbhilASESvapi patanti|
36060a0075	yatO'rthaspRhA sarvvESAM duritAnAM mUlaM bhavati tAmavalambya kEcid vizvAsAd abhraMzanta nAnAklEzaizca svAn avidhyan|
36060b006b	hE Izvarasya lOka tvam EtEbhyaH palAyya dharmma Izvarabhakti rvizvAsaH prEma sahiSNutA kSAntizcaitAnyAcara|
36060c0091	vizvAsarUpam uttamayuddhaM kuru, anantajIvanam Alambasva yatastadarthaM tvam AhUtO 'bhavaH, bahusAkSiNAM samakSanjcOttamAM pratijnjAM svIkRtavAn|
36060d009f	aparaM sarvvESAM jIvayiturIzvarasya sAkSAd yazca khrISTO yIzuH pantIyapIlAtasya samakSam uttamAM pratijnjAM svIkRtavAn tasya sAkSAd ahaM tvAm idam AjnjApayAmi|
36060e0084	IzvarENa svasamayE prakAzitavyam asmAkaM prabhO ryIzukhrISTasyAgamanaM yAvat tvayA niSkalagkatvEna nirddOSatvEna ca vidhI rakSyatAM|
36060f004a	sa IzvaraH saccidAnandaH, advitIyasamrAT, rAjnjAM rAjA, prabhUnAM prabhuH,
360610008f	amaratAyA advitIya AkaraH, agamyatEjOnivAsI, marttyAnAM kEnApi na dRSTaH kEnApi na dRzyazca| tasya gauravaparAkramau sadAtanau bhUyAstAM| AmEn|
360611007e	ihalOkE yE dhaninastE cittasamunnatiM capalE dhanE vizvAsanjca na kurvvatAM kintu bhOgArtham asmabhyaM pracuratvEna sarvvadAtA
3606120068	yO'mara Izvarastasmin vizvasantu sadAcAraM kurvvantu satkarmmadhanEna dhaninO sukalA dAtArazca bhavantu,
360613005f	yathA ca satyaM jIvanaM pApnuyustathA pAratrikAm uttamasampadaM sanjcinvantvEti tvayAdizyantAM|
3606140060	hE tImathiya, tvam upanidhiM gOpaya kAlpanikavidyAyA apavitraM pralApaM virOdhOktinjca tyaja ca,
3606150064	yataH katipayA lOkAstAM vidyAmavalambya vizvAsAd bhraSTA abhavana| prasAdastava sahAyO bhUyAt| AmEn|
370000000c	2 tImathiyaH
37010100a4	khrISTEna yIzunA yA jIvanasya pratijnjA tAmadhIzvarasyEcchayA yIzOH khrISTasyaikaH prEritaH paulO'haM svakIyaM priyaM dharmmaputraM tImathiyaM prati patraM likhAmi|
3701020053	tAta IzvarO'smAkaM prabhu ryIzukhrISTazca tvayi prasAdaM dayAM zAntinjca kriyAstAM|
370103008a	aham A pUrvvapuruSAt yam IzvaraM pavitramanasA sEvE taM dhanyaM vadanaM kathayAmi, aham ahOrAtraM prArthanAsamayE tvAM nirantaraM smarAmi|
3701040073	yazca vizvAsaH prathamE lOyInAmikAyAM tava mAtAmahyAm unIkInAmikAyAM mAtari cAtiSThat tavAntarE'pi tiSThatIti manyE
3701050080	tava taM niSkapaTaM vizvAsaM manasi kurvvan tavAzrupAtaM smaran yathAnandEna praphallO bhavEyaM tadarthaM tava darzanam AkAgkSE|
3701060063	atO hEtO rmama hastArpaNEna labdhO ya Izvarasya varastvayi vidyatE tam ujjvAlayituM tvAM smArayAmi|
3701070061	yata IzvarO'smabhyaM bhayajanakam AtmAnam adattvA zaktiprEmasatarkatAnAm Akaram AtmAnaM dattavAn|
3701080090	ataEvAsmAkaM prabhumadhi tasya vandidAsaM mAmadhi ca pramANaM dAtuM na trapasva kintvIzvarIyazaktyA susaMvAdasya kRtE duHkhasya sahabhAgI bhava|
37010900c4	sO'smAn paritrANapAtrANi kRtavAn pavitrENAhvAnEnAhUtavAMzca; asmatkarmmahEtunEti nahi svIyanirUpANasya prasAdasya ca kRtE tat kRtavAn| sa prasAdaH sRSTEH pUrvvakAlE khrISTEna yIzunAsmabhyam adAyi,
37010a008c	kintvadhunAsmAkaM paritrAtu ryIzOH khrISTasyAgamanEna prAkAzata| khrISTO mRtyuM parAjitavAn susaMvAdEna ca jIvanam amaratAnjca prakAzitavAn|
37010b003e	tasya ghOSayitA dUtazcAnyajAtIyAnAM zikSakazcAhaM niyuktO'smi|
37010c00ba	tasmAt kAraNAt mamAyaM klEzO bhavati tEna mama lajjA na jAyatE yatO'haM yasmin vizvasitavAn tamavagatO'smi mahAdinaM yAvat mamOpanidhE rgOpanasya zaktistasya vidyata iti nizcitaM jAnAmi|
37010d005d	hitadAyakAnAM vAkyAnAm AdarzarUpENa mattaH zrutAH khrISTE yIzau vizvAsaprEmnOH kathA dhAraya|
37010e0043	aparam asmadantarvAsinA pavitrENAtmanA tAmuttamAm upanidhiM gOpaya|
37010f0060	AziyAdEzIyAH sarvvE mAM tyaktavanta iti tvaM jAnAsi tESAM madhyE phUgillO harmmaginizca vidyEtE|
3701100059	prabhuranISipharasya parivArAn prati kRpAM vidadhAtu yataH sa punaH puna rmAm ApyAyitavAn
3701110062	mama zRgkhalEna na trapitvA rOmAnagarE upasthitisamayE yatnEna mAM mRgayitvA mamOddEzaM prAptavAn|
370112009e	atO vicAradinE sa yathA prabhOH kRpAbhAjanaM bhavEt tAdRzaM varaM prabhustasmai dEyAt| iphiSanagarE'pi sa kati prakArai rmAm upakRtavAn tat tvaM samyag vEtsi|
3702010048	hE mama putra, khrISTayIzutO yO'nugrahastasya balEna tvaM balavAn bhava|
370202007d	aparaM bahubhiH sAkSibhiH pramANIkRtAM yAM zikSAM zrutavAnasi tAM vizvAsyESu parasmai zikSAdAnE nipuNESu ca lOkESu samarpaya|
3702030031	tvaM yIzukhrISTasyOttamO yOddhEva klEzaM sahasva|
370204005d	yO yuddhaM karOti sa sAMsArikE vyApArE magnO na bhavati kintu svaniyOjayitrE rOcituM cESTatE|
3702050059	aparaM yO mallai ryudhyati sa yadi niyamAnusArENa na yuddhyati tarhi kirITaM na lapsyatE|
370206004c	aparaM yaH kRSIvalaH karmma karOti tEna prathamEna phalabhAginA bhavitavyaM|
3702070052	mayA yaducyatE tat tvayA budhyatAM yataH prabhustubhyaM sarvvatra buddhiM dAsyati|
3702080061	mama susaMvAdasya vacanAnusArAd dAyUdvaMzIyaM mRtagaNamadhyAd utthApitanjca yIzuM khrISTaM smara|
3702090073	tatsusaMvAdakAraNAd ahaM duSkarmmEva bandhanadazAparyyantaM klEzaM bhunjjE kintvIzvarasya vAkyam abaddhaM tiSThati|
37020a0093	khrISTEna yIzunA yad anantagauravasahitaM paritrANaM jAyatE tadabhirucitai rlOkairapi yat labhyEta tadarthamahaM tESAM nimittaM sarvvANyEtAni sahE|
37020b00a0	aparam ESA bhAratI satyA yadi vayaM tEna sArddhaM mriyAmahE tarhi tEna sArddhaM jIvivyAmaH, yadi ca klEzaM sahAmahE tarhi tEna sArddhaM rAjatvamapi kariSyAmahE|
37020c003d	yadi vayaM tam anaggIkurmmastarhi sO 'smAnapyanaggIkariSyati|
37020d0053	yadi vayaM na vizvAsAmastarhi sa vizvAsyastiSThati yataH svam apahnOtuM na zaknOti|
37020e007c	tvamEtAni smArayan tE yathA niSphalaM zrOtRNAM bhraMzajanakaM vAgyuddhaM na kuryyastathA prabhOH samakSaM dRPhaM vinIyAdiza|
37020f0089	aparaM tvam Izvarasya sAkSAt svaM parIkSitam anindanIyakarmmakAriNanjca satyamatasya vAkyAnAM sadvibhajanE nipuNanjca darzayituM yatasva|
370210005b	kintvapavitrA anarthakakathA dUrIkuru yatastadAlambina uttarOttaram adharmmE varddhiSyantE,
3702110089	tESAnjca vAkyaM galitakSatavat kSayavarddhakO bhaviSyati tESAM madhyE huminAyaH philItazcEtinAmAnau dvau janau satyamatAd bhraSTau jAtau,
370212004a	mRtAnAM punarutthiti rvyatItEti vadantau kESAnjcid vizvAsam utpATayatazca|
37021300b7	tathApIzvarasya bhittimUlam acalaM tiSThati tasmiMzcEyaM lipi rmudrAgkitA vidyatE| yathA, jAnAti paramEzastu svakIyAn sarvvamAnavAn| apagacchEd adharmmAcca yaH kazcit khrISTanAmakRt||
37021400b0	kintu bRhannikEtanE kEvala suvarNamayAni raupyamayANi ca bhAjanAni vidyanta iti tarhi kASThamayAni mRNmayAnyapi vidyantE tESAnjca kiyanti sammAnAya kiyantapamAnAya ca bhavanti|
3702150094	atO yadi kazcid EtAdRzEbhyaH svaM pariSkarOti tarhi sa pAvitaM prabhOH kAryyayOgyaM sarvvasatkAryyAyOpayuktaM sammAnArthakanjca bhAjanaM bhaviSyati|
37021600b4	yauvanAvasthAyA abhilASAstvayA parityajyantAM dharmmO vizvAsaH prEma yE ca zucimanObhiH prabhum uddizya prArthanAM kurvvatE taiH sArddham aikyabhAvazcaitESu tvayA yatnO vidhIyatAM|
370217004e	aparaM tvam anarthakAn ajnjAnAMzca praznAn vAgyuddhOtpAdakAn jnjAtvA dUrIkuru|
3702180097	yataH prabhO rdAsEna yuddham akarttavyaM kintu sarvvAn prati zAntEna zikSAdAnEcchukEna sahiSNunA ca bhavitavyaM, vipakSAzca tEna namratvEna cEtitavyAH|
370219005a	tathA kRtE yadIzvaraH satyamatasya jnjAnArthaM tEbhyO manaHparivarttanarUpaM varaM dadyAt,
37021a0068	tarhi tE yEna zayatAnEna nijAbhilASasAdhanAya dhRtAstasya jAlAt cEtanAM prApyOddhAraM labdhuM zakSyanti|
3703010038	caramadinESu klEzajanakAH samayA upasthAsyantIti jAnIhi|
3703020076	yatastAtkAlikA lOkA AtmaprEmiNO 'rthaprEmiNa AtmazlAghinO 'bhimAninO nindakAH pitrOranAjnjAgrAhiNaH kRtaghnA apavitrAH
3703030047	prItivarjitA asandhEyA mRSApavAdinO 'jitEndriyAH pracaNPA bhadradvESiNO
3703040048	vizvAsaghAtakA duHsAhasinO darpadhmAtA IzvarAprEmiNaH kintu sukhaprEmiNO
3703050058	bhaktavEzAH kintvasvIkRtabhaktiguNA bhaviSyanti; EtAdRzAnAM lOkAnAM saMmargaM parityaja|
3703060062	yatO yE janAH pracchannaM gEhAn pravizanti pApai rbhAragrastA nAnAvidhAbhilASaizcAlitA yAH kAminyO
370307007a	nityaM zikSantE kintu satyamatasya tattvajnjAnaM prAptuM kadAcit na zaknuvanti tA dAsIvad vazIkurvvatE ca tE tAdRzA lOkAH|
370308009c	yAnni ryAmbrizca yathA mUsamaM prati vipakSatvam akurutAM tathaiva bhraSTamanasO vizvAsaviSayE 'grAhyAzcaitE lOkA api satyamataM prati vipakSatAM kurvvanti|
3703090075	kintu tE bahudUram agrasarA na bhaviSyanti yatastayO rmUPhatA yadvat tadvad EtESAmapi mUPhatA sarvvadRzyA bhaviSyati|
37030a004b	mamOpadEzaH ziSTatAbhiprAyO vizvAsO rdharyyaM prEma sahiSNutOpadravaH klEzA
37030b009e	AntiyakhiyAyAm ikaniyE lUstrAyAnjca mAM prati yadyad aghaTata yAMzcOpadravAn aham asahE sarvvamEtat tvam avagatO'si kintu tatsarvvataH prabhu rmAm uddhRtavAn|
37030c0069	parantu yAvantO lOkAH khrISTEna yIzunEzvarabhaktim Acaritum icchanti tESAM sarvvESAm upadravO bhaviSyati|
37030d005d	aparaM pApiSThAH khalAzca lOkA bhrAmyantO bhramayantazcOttarOttaraM duSTatvEna varddhiSyantE|
37030e0076	kintu tvaM yad yad azikSathAH, yacca tvayi samarpitam abhUt tasmin avatiSTha, yataH kasmAt zikSAM prAptO'si tad vEtsi;
37030f0086	yAni ca dharmmazAstrANi khrISTE yIzau vizvAsEna paritrANaprAptayE tvAM jnjAninaM karttuM zaknuvanti tAni tvaM zaizavakAlAd avagatO'si|
370310006f	tat sarvvaM zAstram IzvarasyAtmanA dattaM zikSAyai dOSabOdhAya zOdhanAya dharmmavinayAya ca phalayUktaM bhavati
3703110047	tEna cEzvarasya lOkO nipuNaH sarvvasmai satkarmmaNE susajjazca bhavati|
370401009f	Izvarasya gOcarE yazca yIzuH khrISTaH svIyAgamanakAlE svarAjatvEna jIvatAM mRtAnAnjca lOkAnAM vicAraM kariSyati tasya gOcarE 'haM tvAm idaM dRPham AjnjApayAmi|
3704020073	tvaM vAkyaM ghOSaya kAlE'kAlE cOtsukO bhava pUrNayA sahiSNutayA zikSayA ca lOkAn prabOdhaya bhartsaya vinayasva ca|
3704030088	yata EtAdRzaH samaya AyAti yasmin lOkA yathArtham upadEzam asahyamAnAH karNakaNPUyanaviziSTA bhUtvA nijAbhilASAt zikSakAn saMgrahISyanti
370404004f	satyamatAcca zrOtrANi nivarttya vipathagAminO bhUtvOpAkhyAnESu pravarttiSyantE;
3704050085	kintu tvaM sarvvaviSayE prabuddhO bhava duHkhabhOgaM svIkuru susaMvAdapracArakasya karmma sAdhaya nijaparicaryyAM pUrNatvEna kuru ca|
370406003d	mama prANAnAm utsargO bhavati mama prasthAnakAlazcOpAtiSThat|
3704070058	aham uttamayuddhaM kRtavAn gantavyamArgasyAntaM yAvad dhAvitavAn vizvAsanjca rakSitavAn|
37040800d6	zESaM puNyamukuTaM madarthaM rakSitaM vidyatE tacca tasmin mahAdinE yathArthavicArakENa prabhunA mahyaM dAyiSyatE kEvalaM mahyam iti nahi kintu yAvantO lOkAstasyAgamanam AkAgkSantE tEbhyaH sarvvEbhyO 'pi dAyiSyatE|
3704090028	tvaM tvarayA matsamIpam AgantuM yatasva,
37040a0080	yatO dImA aihikasaMsAram IhamAnO mAM parityajya thiSalanIkIM gatavAn tathA krISki rgAlAtiyAM gatavAn tItazca dAlmAtiyAM gatavAn|
37040b0070	kEvalO lUkO mayA sArddhaM vidyatE| tvaM mArkaM sagginaM kRtvAgaccha yataH sa paricaryyayA mamOpakArI bhaviSyati,
37040c0028	tukhikanjcAham iphiSanagaraM prESitavAn|
37040d0084	yad AcchAdanavastraM trOyAnagarE kArpasya sannidhau mayA nikSiptaM tvamAgamanasamayE tat pustakAni ca vizESatazcarmmagranthAn Anaya|
37040e005c	kAMsyakAraH sikandarO mama bahvaniSTaM kRtavAn prabhustasya karmmaNAM samucitaphalaM dadAtu|
37040f004d	tvamapi tasmAt sAvadhAnAstiSTha yataH sO'smAkaM vAkyAnAm atIva vipakSO jAtaH|
370410007b	mama prathamapratyuttarasamayE kO'pi mama sahAyO nAbhavat sarvvE mAM paryyatyajan tAn prati tasya dOSasya gaNanA na bhUyAt;
37041100a8	kintu prabhu rmama sahAyO 'bhavat yathA ca mayA ghOSaNA sAdhyEta bhinnajAtIyAzca sarvvE susaMvAdaM zRNuyustathA mahyaM zaktim adadAt tatO 'haM siMhasya mukhAd uddhRtaH|
370412008e	aparaM sarvvasmAd duSkarmmataH prabhu rmAm uddhariSyati nijasvargIyarAjyaM nEtuM mAM tArayiSyati ca| tasya dhanyavAdaH sadAkAlaM bhUyAt| AmEn|
370413003a	tvaM priSkAm Akkilam anISipharasya parijanAMzca namaskuru|
3704140053	irAstaH karinthanagarE 'tiSThat traphimazca pIPitatvAt milItanagarE mayA vyahIyata|
370415006d	tvaM hEmantakAlAt pUrvvam AgantuM yatasva| ubUlaH pUdi rlInaH klaudiyA sarvvE bhrAtarazca tvAM namaskurvvatE|
370416004a	prabhu ryIzuH khrISTastavAtmanA saha bhUyAt| yuSmAsvanugrahO bhUyAt| AmEn|
3800000005	tItaH
3801010089	anantajIvanasyAzAtO jAtAyA IzvarabhaktE ryOgyasya satyamatasya yat tatvajnjAnaM yazca vizvAsa IzvarasyAbhirucitalOkai rlabhyatE tadarthaM
3801020073	yIzukhrISTasya prErita Izvarasya dAsaH paulO'haM sAdhAraNavizvAsAt mama prakRtaM dharmmaputraM tItaM prati likhami|
380103006d	niSkapaTa Izvara AdikAlAt pUrvvaM tat jIvanaM pratijnjAtavAn svanirUpitasamayE ca ghOSaNayA tat prakAzitavAn|
38010400a5	mama trAturIzvarasyAjnjayA ca tasya ghOSaNaM mayi samarpitam abhUt| asmAkaM tAta IzvaraH paritrAtA prabhu ryIzukhrISTazca tubhyam anugrahaM dayAM zAntinjca vitaratu|
380105008c	tvaM yad asampUrNakAryyANi sampUrayE rmadIyAdEzAcca pratinagaraM prAcInagaNAn niyOjayEstadarthamahaM tvAM krItyupadvIpE sthApayitvA gatavAn|
380106008c	tasmAd yO narO 'nindita EkasyA yOSitaH svAmI vizvAsinAm apacayasyAvAdhyatvasya vA dOSENAliptAnAnjca santAnAnAM janakO bhavati sa Eva yOgyaH|
3801070090	yatO hEtOradyakSENEzvarasya gRhAdyakSENEvAnindanIyEna bhavitavyaM| tEna svEcchAcAriNA krOdhinA pAnAsaktEna prahArakENa lObhinA vA na bhavitavyaM
380108005e	kintvatithisEvakEna sallOkAnurAgiNA vinItEna nyAyyEna dhArmmikENa jitEndriyENa ca bhavitavyaM,
3801090096	upadEzE ca vizvastaM vAkyaM tEna dhAritavyaM yataH sa yad yathArthEnOpadEzEna lOkAn vinEtuM vighnakAriNazca niruttarAn karttuM zaknuyAt tad AvazyakaM|
38010a0078	yatastE bahavO 'vAdhyA anarthakavAkyavAdinaH pravanjcakAzca santi vizESatazchinnatvacAM madhyE kEcit tAdRzA lOkAH santi|
38010b0077	tESAnjca vAgrOdha AvazyakO yatastE kutsitalAbhasyAzayAnucitAni vAkyAni zikSayantO nikhilaparivArANAM sumatiM nAzayanti|
38010c0093	tESAM svadEzIya EkO bhaviSyadvAdI vacanamidamuktavAn, yathA, krItIyamAnavAH sarvvE sadA kApaTyavAdinaH| hiMsrajantusamAnAstE 'lasAzcOdarabhArataH||
38010d005b	sAkSyamEtat tathyaM, atO hEtOstvaM tAn gAPhaM bhartsaya tE ca yathA vizvAsE svasthA bhavEyu
38010e005d	ryihUdIyOpAkhyAnESu satyamatabhraSTAnAM mAnavAnAm AjnjAsu ca manAMsi na nivEzayEyustathAdiza|
38010f0098	zucInAM kRtE sarvvANyEva zucIni bhavanti kintu kalagkitAnAm avizvAsinAnjca kRtE zuci kimapi na bhavati yatastESAM buddhayaH saMvEdAzca kalagkitAH santi|
3801100086	Izvarasya jnjAnaM tE pratijAnanti kintu karmmabhistad anaggIkurvvatE yatastE garhitA anAjnjAgrAhiNaH sarvvasatkarmmaNazcAyOgyAH santi|
380201002e	yathArthasyOpadEzasya vAkyAni tvayA kathyantAM
3802020068	vizESataH prAcInalOkA yathA prabuddhA dhIrA vinItA vizvAsE prEmni sahiSNutAyAnjca svasthA bhavEyustadvat
3802030066	prAcInayOSitO'pi yathA dharmmayOgyam AcAraM kuryyuH paranindakA bahumadyapAnasya nighnAzca na bhavEyuH
3802040079	kintu suzikSAkAriNyaH satya Izvarasya vAkyaM yat na nindyEta tadarthaM yuvatIH suzIlatAm arthataH patisnEham apatyasnEhaM
3802050052	vinItiM zucitvaM gRhiNItvaM saujanyaM svAminighnanjcAdizEyustathA tvayA kathyatAM|
3802060023	tadvad yUnO'pi vinItayE prabOdhaya|
3802070062	tvanjca sarvvaviSayE svaM satkarmmaNAM dRSTAntaM darzaya zikSAyAnjcAvikRtatvaM dhIratAM yathArthaM
3802080063	nirddOSanjca vAkyaM prakAzaya tEna vipakSO yuSmAkam apavAdasya kimapi chidraM na prApya trapiSyatE|
380209005d	dAsAzca yat svaprabhUnAM nighnAH sarvvaviSayE tuSTijanakAzca bhavEyuH pratyuttaraM na kuryyuH
38020a0095	kimapi nApaharEyuH kintu pUrNAM suvizvastatAM prakAzayEyuriti tAn Adiza| yata EvamprakArENAsmakaM trAturIzvarasya zikSA sarvvaviSayE tai rbhUSitavyA|
38020b0045	yatO hEtOstrANAjanaka IzvarasyAnugrahaH sarvvAn mAnavAn pratyuditavAn
38020c0083	sa cAsmAn idaM zikSyati yad vayam adharmmaM sAMsArikAbhilASAMzcAnaggIkRtya vinItatvEna nyAyEnEzvarabhaktyA cEhalOkE Ayu ryApayAmaH,
38020d006d	paramasukhasyAzAm arthatO 'smAkaM mahata Izvarasya trANakarttu ryIzukhrISTasya prabhAvasyOdayaM pratIkSAmahE|
38020e009a	yataH sa yathAsmAn sarvvasmAd adharmmAt mOcayitvA nijAdhikArasvarUpaM satkarmmasUtsukam EkaM prajAvargaM pAvayEt tadartham asmAkaM kRtE AtmadAnaM kRtavAn|
38020f004e	EtAni bhASasva pUrNasAmarthyEna cAdiza prabOdhaya ca, kO'pi tvAM nAvamanyatAM|
3803010063	tE yathA dEzAdhipAnAM zAsakAnAnjca nighnA AjnjAgrAhiNzca sarvvasmai satkarmmaNE susajjAzca bhavEyuH
3803020070	kamapi na nindEyu rnivvirOdhinaH kSAntAzca bhavEyuH sarvvAn prati ca pUrNaM mRdutvaM prakAzayEyuzcEti tAn Adiza|
3803030094	yataH pUrvvaM vayamapi nirbbOdhA anAjnjAgrAhiNO bhrAntA nAnAbhilASANAM sukhAnAnjca dAsEyA duSTatvErSyAcAriNO ghRNitAH parasparaM dvESiNazcAbhavAmaH|
3803040059	kintvasmAkaM trAturIzvarasya yA dayA marttyAnAM prati ca yA prItistasyAH prAdurbhAvE jAtE
380305009b	vayam AtmakRtEbhyO dharmmakarmmabhyastannahi kintu tasya kRpAtaH punarjanmarUpENa prakSAlanEna pravitrasyAtmanO nUtanIkaraNEna ca tasmAt paritrANAM prAptAH
380306004c	sa cAsmAkaM trAtrA yIzukhrISTEnAsmadupari tam AtmAnaM pracuratvEna vRSTavAn|
3803070051	itthaM vayaM tasyAnugrahENa sapuNyIbhUya pratyAzayAnantajIvanasyAdhikAriNO jAtAH|
38030800b5	vAkyamEtad vizvasanIyam atO hEtOrIzvarE yE vizvasitavantastE yathA satkarmmANyanutiSThEyustathA tAn dRPham AjnjApayEti mamAbhimataM|tAnyEvOttamAni mAnavEbhyaH phaladAni ca bhavanti|
3803090073	mUPhEbhyaH praznavaMzAvalivivAdEbhyO vyavasthAyA vitaNPAbhyazca nivarttasva yatastA niSphalA anarthakAzca bhavanti|
38030a0039	yO janO bibhitsustam EkavAraM dvirvvA prabOdhya dUrIkuru,
38030b004e	yatastAdRzO janO vipathagAmI pApiSTha AtmadOSakazca bhavatIti tvayA jnjAyatAM|
38030c009b	yadAham ArttimAM tukhikaM vA tava samIpaM prESayiSyAmi tadA tvaM nIkapalau mama samIpam AgantuM yatasva yatastatraivAhaM zItakAlaM yApayituM matim akArSaM|
38030d0066	vyavasthApakaH sInA ApalluzcaitayOH kasyApyabhAvO yanna bhavEt tadarthaM tau yatnEna tvayA visRjyEtAM|
38030e0069	aparam asmadIyalOkA yanniSphalA na bhavEyustadarthaM prayOjanIyOpakArAyA satkarmmANyanuSThAtuM zikSantAM|
38030f0079	mama sagginaH savvE tvAM namaskurvvatE| yE vizvAsAd asmAsu prIyantE tAn namaskuru; sarvvESu yuSmAsvanugrahO bhUyAt| AmEn|
390000000a	philOmOnaH
3901010055	khrISTasya yIzO rbandidAsaH paulastIthiyanAmA bhrAtA ca priyaM sahakAriNaM philImOnaM
390102005e	priyAm AppiyAM sahasEnAm ArkhippaM philImOnasya gRhE sthitAM samitinjca prati patraM likhataH|
3901030057	asmAkaM tAta IzvaraH prabhu ryIzukhrISTazca yuSmAn prati zAntim anugrahanjca kriyAstAM|
390104005b	prabhuM yIzuM prati sarvvAn pavitralOkAn prati ca tava prEmavizvAsayO rvRttAntaM nizamyAhaM
3901050047	prArthanAsamayE tava nAmOccArayan nirantaraM mamEzvaraM dhanyaM vadAmi|
3901060099	asmAsu yadyat saujanyaM vidyatE tat sarvvaM khrISTaM yIzuM yat prati bhavatIti jnjAnAya tava vizvAsamUlikA dAnazIlatA yat saphalA bhavEt tadaham icchAmi|
3901070072	hE bhrAtaH, tvayA pavitralOkAnAM prANa ApyAyitA abhavan EtasmAt tava prEmnAsmAkaM mahAn AnandaH sAntvanA ca jAtaH|
3901080061	tvayA yat karttavyaM tat tvAm AjnjApayituM yadyapyahaM khrISTEnAtIvOtsukO bhavEyaM tathApi vRddha
3901090057	idAnIM yIzukhrISTasya bandidAsazcaivambhUtO yaH paulaH sO'haM tvAM vinEtuM varaM manyE|
39010a0050	ataH zRgkhalabaddhO'haM yamajanayaM taM madIyatanayam OnISimam adhi tvAM vinayE|
39010b0046	sa pUrvvaM tavAnupakAraka AsIt kintvidAnIM tava mama cOpakArI bhavati|
39010c004d	tamEvAhaM tava samIpaM prESayAmi, atO madIyaprANasvarUpaH sa tvayAnugRhyatAM|
39010d0059	susaMvAdasya kRtE zRgkhalabaddhO'haM paricArakamiva taM svasannidhau varttayitum aicchaM|
39010e007a	kintu tava saujanyaM yad balEna na bhUtvA svEcchAyAH phalaM bhavEt tadarthaM tava sammatiM vinA kimapi karttavyaM nAmanyE|
39010f006f	kO jAnAti kSaNakAlArthaM tvattastasya vicchEdO'bhavad EtasyAyam abhiprAyO yat tvam anantakAlArthaM taM lapsyasE
390110008f	puna rdAsamiva lapsyasE tannahi kintu dAsAt zrESThaM mama priyaM tava ca zArIrikasambandhAt prabhusambandhAcca tatO'dhikaM priyaM bhrAtaramiva|
3901110041	atO hEtO ryadi mAM sahabhAginaM jAnAsi tarhi mAmiva tamanugRhANa|
390112005c	tEna yadi tava kimapyaparAddhaM tubhyaM kimapi dhAryyatE vA tarhi tat mamEti viditvA gaNaya|
3901130077	ahaM tat parizOtsyAmi, Etat paulO'haM svahastEna likhAmi, yatastvaM svaprANAn api mahyaM dhArayasi tad vaktuM nEcchAmi|
3901140054	bhO bhrAtaH, prabhOH kRtE mama vAnjchAM pUraya khrISTasya kRtE mama prANAn ApyAyaya|
3901150063	tavAjnjAgrAhitvE vizvasya mayA Etat likhyatE mayA yaducyatE tatO'dhikaM tvayA kAriSyata iti jAnAmi|
3901160096	tatkaraNasamayE madarthamapi vAsagRhaM tvayA sajjIkriyatAM yatO yuSmAkaM prArthanAnAM phalarUpO vara ivAhaM yuSmabhyaM dAyiSyE mamEti pratyAzA jAyatE|
390117002d	khrISTasya yIzAH kRtE mayA saha bandiripAphrA
3901180048	mama sahakAriNO mArka AriSTArkhO dImA lUkazca tvAM namaskAraM vEdayanti|
3901190048	asmAkaM prabhO ryIzukhrISTasyAnugrahO yuSmAkam AtmanA saha bhUyAt| AmEn|
3a00000007	ibriNaH
3a01010050	purA ya IzvarO bhaviSyadvAdibhiH pitRlOkEbhyO nAnAsamayE nAnAprakAraM kathitavAn
3a0102007d	sa Etasmin zESakAlE nijaputrENAsmabhyaM kathitavAn| sa taM putraM sarvvAdhikAriNaM kRtavAn tEnaiva ca sarvvajaganti sRSTavAn|
3a010300c4	sa putrastasya prabhAvasya pratibimbastasya tattvasya mUrttizcAsti svIyazaktivAkyEna sarvvaM dhattE ca svaprANairasmAkaM pApamArjjanaM kRtvA UrddhvasthAnE mahAmahimnO dakSiNapArzvE samupaviSTavAn|
3a01040051	divyadUtagaNAd yathA sa viziSTanAmnO 'dhikArI jAtastathA tEbhyO'pi zrESThO jAtaH|
3a010500a6	yatO dUtAnAM madhyE kadAcidIzvarENEdaM ka uktaH? yathA, "madIyatanayO 'si tvam adyaiva janitO mayA|" punazca "ahaM tasya pitA bhaviSyAmi sa ca mama putrO bhaviSyati|"
3a01060076	aparaM jagati svakIyAdvitIyaputrasya punarAnayanakAlE tEnOktaM, yathA, "Izvarasya sakalai rdUtairESa Eva praNamyatAM|"
3a01070079	dUtAn adhi tEnEdam uktaM, yathA, "sa karOti nijAn dUtAn gandhavAhasvarUpakAn| vahnizikhAsvarUpAMzca karOti nijasEvakAn||"
3a01080083	kintu putramuddizya tEnOktaM, yathA, "hE Izvara sadA sthAyi tava siMhAsanaM bhavEt| yAthArthyasya bhavEddaNPO rAjadaNPastvadIyakaH|
3a01090084	puNyE prEma karOSi tvaM kinjcAdharmmam RtIyasE| tasmAd ya Iza IzastE sa tE mitragaNAdapi| adhikAhlAdatailEna sEcanaM kRtavAn tava||"
3a010a006b	punazca, yathA, "hE prabhO pRthivImUlam Adau saMsthApitaM tvayA| tathA tvadIyahastEna kRtaM gaganamaNPalaM|
3a010b0059	imE vinaMkSyatastvantu nityamEvAvatiSThasE| idantu sakalaM vizvaM saMjariSyati vastravat|
3a010c0060	sagkOcitaM tvayA tattu vastravat parivartsyatE| tvantu nityaM sa EvAsI rnirantAstava vatsarAH||"
3a010d0094	aparaM dUtAnAM madhyE kaH kadAcidIzvarENEdamuktaH? yathA, "tavArIn pAdapIThaM tE yAvannahi karOmyahaM| mama dakSiNadigbhAgE tAvat tvaM samupAviza||"
3a010e0074	yE paritrANasyAdhikAriNO bhaviSyanti tESAM paricaryyArthaM prESyamANAH sEvanakAriNa AtmAnaH kiM tE sarvvE dUtA nahi?
3a02010065	atO vayaM yad bhramasrOtasA nApanIyAmahE tadarthamasmAbhi ryadyad azrAvi tasmin manAMsi nidhAtavyAni|
3a02020085	yatO hEtO dUtaiH kathitaM vAkyaM yadyamOgham abhavad yadi ca tallagghanakAriNE tasyAgrAhakAya ca sarvvasmai samucitaM daNPam adIyata,
3a02030093	tarhyasmAbhistAdRzaM mahAparitrANam avajnjAya kathaM rakSA prApsyatE, yat prathamataH prabhunA prOktaM tatO'smAn yAvat tasya zrOtRbhiH sthirIkRtaM,
3a02040081	aparaM lakSaNairadbhutakarmmabhi rvividhazaktiprakAzEna nijEcchAtaH pavitrasyAtmanO vibhAgEna ca yad IzvarENa pramANIkRtam abhUt|
3a02050059	vayaM tu yasya bhAvirAjyasya kathAM kathayAmaH, tat tEn divyadUtAnAm adhInIkRtamiti nahi|
3a02060095	kintu kutrApi kazcit pramANam IdRzaM dattavAn, yathA, "kiM vastu mAnavO yat sa nityaM saMsmaryyatE tvayA| kiM vA mAnavasantAnO yat sa AlOcyatE tvayA|
3a0207008a	divyadatagaNEbhyaH sa kinjcin nyUnaH kRtastvayA| tEjOgauravarUpENa kirITEna vibhUSitaH| sRSTaM yat tE karAbhyAM sa tatprabhutvE niyOjitaH|
3a020800ac	caraNAdhazca tasyaiva tvayA sarvvaM vazIkRtaM||" tEna sarvvaM yasya vazIkRtaM tasyAvazIbhUtaM kimapi nAvazESitaM kintvadhunApi vayaM sarvvANi tasya vazIbhUtAni na pazyAmaH|
3a020900b9	tathApi divyadUtagaNEbhyO yaH kinjcin nyUnIkRtO'bhavat taM yIzuM mRtyubhOgahEtOstEjOgauravarUpENa kirITEna vibhUSitaM pazyAmaH, yata IzvarasyAnugrahAt sa sarvvESAM kRtE mRtyum asvadata|
3a020a00a8	aparanjca yasmai yEna ca kRtsnaM vastu sRSTaM vidyatE bahusantAnAnAM vibhavAyAnayanakAlE tESAM paritrANAgrasarasya duHkhabhOgEna siddhIkaraNamapi tasyOpayuktam abhavat|
3a020b0068	yataH pAvakaH pUyamAnAzca sarvvE EkasmAdEvOtpannA bhavanti, iti hEtOH sa tAn bhrAtRn vadituM na lajjatE|
3a020c0077	tEna sa uktavAn, yathA, "dyOtayiSyAmi tE nAma bhrAtRNAM madhyatO mama| parantu samitE rmadhyE kariSyE tE prazaMsanaM||"
3a020d006d	punarapi, yathA, "tasmin vizvasya sthAtAhaM|" punarapi, yathA, "pazyAham apatyAni ca dattAni mahyam IzvarAt|"
3a020e0096	tESAm apatyAnAM rudhirapalalaviziSTatvAt sO'pi tadvat tadviziSTO'bhUt tasyAbhiprAyO'yaM yat sa mRtyubalAdhikAriNaM zayatAnaM mRtyunA balahInaM kuryyAt
3a020f0045	yE ca mRtyubhayAd yAvajjIvanaM dAsatvasya nighnA Asan tAn uddhArayEt|
3a02100046	sa dUtAnAm upakArI na bhavati kintvibrAhImO vaMzasyaivOpakArI bhavatI|
3a021100a6	atO hEtOH sa yathA kRpAvAn prajAnAM pApazOdhanArtham IzvarOddEzyaviSayE vizvAsyO mahAyAjakO bhavEt tadarthaM sarvvaviSayE svabhrAtRNAM sadRzIbhavanaM tasyOcitam AsIt|
3a0212005f	yataH sa svayaM parIkSAM gatvA yaM duHkhabhOgam avagatastEna parIkSAkrAntAn upakarttuM zaknOti|
3a03010078	hE svargIyasyAhvAnasya sahabhAginaH pavitrabhrAtaraH, asmAkaM dharmmapratijnjAyA dUtO'grasarazca yO yIzustam AlOcadhvaM|
3a0302006c	mUsA yadvat tasya sarvvaparivAramadhyE vizvAsya AsIt, tadvat ayamapi svaniyOjakasya samIpE vizvAsyO bhavati|
3a0303006d	parivArAcca yadvat tatsthApayituradhikaM gauravaM bhavati tadvat mUsasO'yaM bahutaragauravasya yOgyO bhavati|
3a03040061	Ekaikasya nivEzanasya parijanAnAM sthApayitA kazcid vidyatE yazca sarvvasthApayitA sa Izvara Eva|
3a0305007e	mUsAzca vakSyamANAnAM sAkSI bhRtya iva tasya sarvvaparijanamadhyE vizvAsyO'bhavat kintu khrISTastasya parijanAnAmadhyakSa iva|
3a03060060	vayaM tu yadi vizvAsasyOtsAhaM zlAghananjca zESaM yAvad dhArayAmastarhi tasya parijanA bhavAmaH|
3a03070062	atO hEtOH pavitrENAtmanA yadvat kathitaM, tadvat, "adya yUyaM kathAM tasya yadi saMzrOtumicchatha|
3a03080087	tarhi purA parIkSAyA dinE prAntaramadhyataH| madAjnjAnigrahasthAnE yuSmAbhistu kRtaM yathA| tathA mA kurutEdAnIM kaThinAni manAMsi vaH|
3a0309008f	yuSmAkaM pitarastatra matparIkSAm akurvvata| kurvvadbhi rmE'nusandhAnaM tairadRzyanta matkriyAH| catvAriMzatsamA yAvat kruddhvAhantu tadanvayE|
3a030a0052	avAdiSam imE lOkA bhrAntAntaHkaraNAH sadA| mAmakInAni vartmAni parijAnanti nO imE|
3a030b005c	iti hEtOrahaM kOpAt zapathaM kRtavAn imaM| prEvEkSyatE janairEtai rna vizrAmasthalaM mama||"
3a030c0079	hE bhrAtaraH sAvadhAnA bhavata, amarEzvarAt nivarttakO yO'vizvAsastadyuktaM duSTAntaHkaraNaM yuSmAkaM kasyApi na bhavatu|
3a030d0094	kintu yAvad adyanAmA samayO vidyatE tAvad yuSmanmadhyE kO'pi pApasya vanjcanayA yat kaThOrIkRtO na bhavEt tadarthaM pratidinaM parasparam upadizata|
3a030e006f	yatO vayaM khrISTasyAMzinO jAtAH kintu prathamavizvAsasya dRPhatvam asmAbhiH zESaM yAvad amOghaM dhArayitavyaM|
3a030f009e	adya yUyaM kathAM tasya yadi saMzrOtumicchatha, tarhyAjnjAlagghanasthAnE yuSmAbhistu kRtaM yathA, tathA mA kurutEdAnIM kaThinAni manAMsi va iti tEna yaduktaM,
3a03100068	tadanusArAd yE zrutvA tasya kathAM na gRhItavantastE kE? kiM mUsasA misaradEzAd AgatAH sarvvE lOkA nahi?
3a0311006f	kEbhyO vA sa catvAriMzadvarSANi yAvad akrudhyat? pApaM kurvvatAM yESAM kuNapAH prAntarE 'patan kiM tEbhyO nahi?
3a03120073	pravEkSyatE janairEtai rna vizrAmasthalaM mamEti zapathaH kESAM viruddhaM tEnAkAri? kim avizvAsinAM viruddhaM nahi?
3a03130046	atastE tat sthAnaM pravESTum avizvAsAt nAzaknuvan iti vayaM vIkSAmahE|
3a0401007f	aparaM tadvizrAmaprAptEH pratijnjA yadi tiSThati tarhyasmAkaM kazcit cEt tasyAH phalEna vanjcitO bhavEt vayam EtasmAd bibhImaH|
3a040200b6	yatO 'smAkaM samIpE yadvat tadvat tESAM samIpE'pi susaMvAdaH pracAritO 'bhavat kintu taiH zrutaM vAkyaM tAn prati niSphalam abhavat, yatastE zrOtArO vizvAsEna sArddhaM tannAmizrayan|
3a040300cd	tad vizrAmasthAnaM vizvAsibhirasmAbhiH pravizyatE yatastEnOktaM, "ahaM kOpAt zapathaM kRtavAn imaM, pravEkSyatE janairEtai rna vizrAmasthalaM mama|" kintu tasya karmmANi jagataH sRSTikAlAt samAptAni santi|
3a04040080	yataH kasmiMzcit sthAnE saptamaM dinamadhi tEnEdam uktaM, yathA, "IzvaraH saptamE dinE svakRtEbhyaH sarvvakarmmabhyO vizazrAma|"
3a0405005c	kintvEtasmin sthAnE punastEnOcyatE, yathA, "pravEkSyatE janairEtai rna vizrAmasthalaM mama|"
3a0406006b	phalatastat sthAnaM kaizcit pravESTavyaM kintu yE purA susaMvAdaM zrutavantastairavizvAsAt tanna praviSTam,
3a040700c6	iti hEtOH sa punaradyanAmakaM dinaM nirUpya dIrghakAlE gatE'pi pUrvvOktAM vAcaM dAyUdA kathayati, yathA, "adya yUyaM kathAM tasya yadi saMzrOtumicchatha, tarhi mA kurutEdAnIM kaThinAni manAMsi vaH|"
3a04080067	aparaM yihOzUyO yadi tAn vyazrAmayiSyat tarhi tataH param aparasya dinasya vAg IzvarENa nAkathayiSyata|
3a04090037	ata Izvarasya prajAbhiH karttavya EkO vizrAmastiSThati|
3a040a007b	aparam IzvarO yadvat svakRtakarmmabhyO vizazrAma tadvat tasya vizrAmasthAnaM praviSTO janO'pi svakRtakarmmabhyO vizrAmyati|
3a040b0058	atO vayaM tad vizrAmasthAnaM pravESTuM yatAmahai, tadavizvAsOdAharaNEna kO'pi na patatu|
3a040c00bd	Izvarasya vAdO'maraH prabhAvaviziSTazca sarvvasmAd dvidhArakhaggAdapi tIkSNaH, aparaM prANAtmanO rgranthimajjayOzca paribhEdAya vicchEdakArI manasazca sagkalpAnAm abhiprEtAnAnjca vicArakaH|
3a040d0089	aparaM yasya samIpE svIyA svIyA kathAsmAbhiH kathayitavyA tasyAgOcaraH kO'pi prANI nAsti tasya dRSTau sarvvamEvAnAvRtaM prakAzitanjcAstE|
3a040e00a2	aparaM ya uccatamaM svargaM praviSTa EtAdRza EkO vyaktirarthata Izvarasya putrO yIzurasmAkaM mahAyAjakO'sti, atO hEtO rvayaM dharmmapratijnjAM dRPham AlambAmahai|
3a040f007e	asmAkaM yO mahAyAjakO 'sti sO'smAkaM duHkhai rduHkhitO bhavitum azaktO nahi kintu pApaM vinA sarvvaviSayE vayamiva parIkSitaH|
3a04100072	ataEva kRpAM grahItuM prayOjanIyOpakArArtham anugrahaM prAptunjca vayam utsAhEnAnugrahasiMhAsanasya samIpaM yAmaH|
3a05010095	yaH kazcit mahAyAjakO bhavati sa mAnavAnAM madhyAt nItaH san mAnavAnAM kRta IzvarOddEzyaviSayE'rthata upahArANAM pApArthakabalInAnjca dAna niyujyatE|
3a05020077	sa cAjnjAnAM bhrAntAnAnjca lOkAnAM duHkhEna duHkhI bhavituM zaknOti, yatO hEtOH sa svayamapi daurbbalyavESTitO bhavati|
3a0503005d	EtasmAt kAraNAcca yadvat lOkAnAM kRtE tadvad AtmakRtE'pi pApArthakabalidAnaM tEna karttavyaM|
3a0504005f	sa ghOccapadaH svEcchAtaH kEnApi na gRhyatE kintu hArONa iva ya IzvarENAhUyatE tEnaiva gRhyatE|
3a050500bb	EvamprakArENa khrISTO'pi mahAyAjakatvaM grahItuM svIyagauravaM svayaM na kRtavAn, kintu "madIyatanayO'si tvam adyaiva janitO mayEti" vAcaM yastaM bhASitavAn sa Eva tasya gauravaM kRtavAn|
3a0506004a	tadvad anyagItE'pIdamuktaM, tvaM malkISEdakaH zrENyAM yAjakO'si sadAtanaH|
3a050700a8	sa ca dEhavAsakAlE bahukrandanEnAzrupAtEna ca mRtyuta uddharaNE samarthasya pituH samIpE punaH punarvinatiM prarthanAnjca kRtvA tatphalarUpiNIM zagkAtO rakSAM prApya ca
3a05080046	yadyapi putrO'bhavat tathApi yairaklizyata tairAjnjAgrahaNam azikSata|
3a05090057	itthaM siddhIbhUya nijAjnjAgrAhiNAM sarvvESAm anantaparitrANasya kAraNasvarUpO 'bhavat|
3a050a003e	tasmAt sa malkISEdakaH zrENIbhuktO mahAyAjaka IzvarENAkhyAtaH|
3a050b0055	tamadhyasmAkaM bahukathAH kathayitavyAH kintu tAH stabdhakarNai ryuSmAbhi rdurgamyAH|
3a050c00e6	yatO yUyaM yadyapi samayasya dIrghatvAt zikSakA bhavitum azakSyata tathApIzvarasya vAkyAnAM yA prathamA varNamAlA tAmadhi zikSAprApti ryuSmAkaM punarAvazyakA bhavati, tathA kaThinadravyE nahi kintu dugdhE yuSmAkaM prayOjanam AstE|
3a050d003e	yO dugdhapAyI sa zizurEvEtikAraNAt dharmmavAkyE tatparO nAsti|
3a050e006f	kintu sadasadvicArE yESAM cEtAMsi vyavahArENa zikSitAni tAdRzAnAM siddhalOkAnAM kaThOradravyESu prayOjanamasti|
3a0601006d	vayaM mRtijanakakarmmabhyO manaHparAvarttanam IzvarE vizvAsO majjanazikSaNaM hastArpaNaM mRtalOkAnAm utthAnam
3a06020090	anantakAlasthAyivicArAjnjA caitaiH punarbhittimUlaM na sthApayantaH khrISTaviSayakaM prathamOpadEzaM pazcAtkRtya siddhiM yAvad agrasarA bhavAma|
3a0603002b	IzvarasyAnumatyA ca tad asmAbhiH kAriSyatE|
3a06040058	ya EkakRtvO dIptimayA bhUtvA svargIyavararasam AsvaditavantaH pavitrasyAtmanO'MzinO jAtA
3a06050049	Izvarasya suvAkyaM bhAvikAlasya zaktinjcAsvaditavantazca tE bhraSTvA yadi
3a0606008a	svamanObhirIzvarasya putraM punaH kruzE ghnanti lajjAspadaM kurvvatE ca tarhi manaHparAvarttanAya punastAn navInIkarttuM kO'pi na zaknOti|
3a06070083	yatO yA bhUmiH svOpari bhUyaH patitaM vRSTiM pivatI tatphalAdhikAriNAM nimittam iSTAni zAkAdInyutpAdayati sA IzvarAd AziSaM prAptA|
3a06080063	kintu yA bhUmi rgOkSurakaNTakavRkSAn utpAdayati sA na grAhyA zApArhA ca zESE tasyA dAhO bhaviSyati|
3a06090083	hE priyatamAH, yadyapi vayam EtAdRzaM vAkyaM bhASAmahE tathApi yUyaM tata utkRSTAH paritrANapathasya pathikAzcAdhva iti vizvasAmaH|
3a060a008f	yatO yuSmAbhiH pavitralOkAnAM ya upakArO 'kAri kriyatE ca tEnEzvarasya nAmnE prakAzitaM prEma zramanjca vismarttum IzvarO'nyAyakArI na bhavati|
3a060b0068	aparaM yuSmAkam EkaikO janO yat pratyAzApUraNArthaM zESaM yAvat tamEva yatnaM prakAzayEdityaham icchAmi|
3a060c0073	ataH zithilA na bhavata kintu yE vizvAsEna sahiSNutayA ca pratijnjAnAM phalAdhikAriNO jAtAstESAm anugAminO bhavata|
3a060d0093	IzvarO yadA ibrAhImE pratyajAnAt tadA zrESThasya kasyApyaparasya nAmnA zapathaM karttuM nAzaknOt, atO hEtOH svanAmnA zapathaM kRtvA tEnOktaM yathA,
3a060e0041	"satyam ahaM tvAm AziSaM gadiSyAmi tavAnvayaM varddhayiSyAmi ca|"
3a060f004a	anEna prakArENa sa sahiSNutAM vidhAya tasyAH pratyAzAyAH phalaM labdhavAn|
3a06100068	atha mAnavAH zrESThasya kasyacit nAmnA zapantE, zapathazca pramANArthaM tESAM sarvvavivAdAntakO bhavati|
3a06110089	ityasmin IzvaraH pratijnjAyAH phalAdhikAriNaH svIyamantraNAyA amOghatAM bAhulyatO darzayitumicchan zapathEna svapratijnjAM sthirIkRtavAn|
3a0612009e	ataEva yasmin anRtakathanam Izvarasya na sAdhyaM tAdRzEnAcalEna viSayadvayEna sammukhastharakSAsthalasya prAptayE palAyitAnAm asmAkaM sudRPhA sAntvanA jAyatE|
3a0613005a	sA pratyAzAsmAkaM manOnaukAyA acalO laggarO bhUtvA vicchEdakavastrasyAbhyantaraM praviSTA|
3a06140056	tatraivAsmAkam agrasarO yIzuH pravizya malkISEdakaH zrENyAM nityasthAyI yAjakO'bhavat|
3a0701007d	zAlamasya rAjA sarvvOparisthasyEzvarasya yAjakazca san yO nRpatInAM mAraNAt pratyAgatam ibrAhImaM sAkSAtkRtyAziSaM gaditavAn,
3a07020099	yasmai cEbrAhIm sarvvadravyANAM dazamAMzaM dattavAn sa malkISEdak svanAmnO'rthEna prathamatO dharmmarAjaH pazcAt zAlamasya rAjArthataH zAntirAjO bhavati|
3a070300ab	aparaM tasya pitA mAtA vaMzasya nirNaya AyuSa ArambhO jIvanasya zESazcaitESAm abhAvO bhavati, itthaM sa Izvaraputrasya sadRzIkRtaH, sa tvanantakAlaM yAvad yAjakastiSThati|
3a0704006b	ataEvAsmAkaM pUrvvapuruSa ibrAhIm yasmai luThitadravyANAM dazamAMzaM dattavAn sa kIdRk mahAn tad AlOcayata|
3a07050089	yAjakatvaprAptA lEvEH santAnA vyavasthAnusArENa lOkEbhyO'rthata ibrAhImO jAtEbhyaH svIyabhrAtRbhyO dazamAMzagrahaNasyAdEzaM labdhavantaH|
3a07060079	kintvasau yadyapi tESAM vaMzAt nOtpannastathApIbrAhImO dazamAMzaM gRhItavAn pratijnjAnAm adhikAriNam AziSaM gaditavAMzca|
3a07070048	aparaM yaH zrEyAn sa kSudratarAyAziSaM dadAtItyatra kO'pi sandEhO nAsti|
3a07080072	aparam idAnIM yE dazamAMzaM gRhlanti tE mRtyOradhInA mAnavAH kintu tadAnIM yO gRhItavAn sa jIvatItipramANaprAptaH|
3a07090059	aparaM dazamAMzagrAhI lEvirapIbrAhImdvArA dazamAMzaM dattavAn Etadapi kathayituM zakyatE|
3a070a0052	yatO yadA malkISEdak tasya pitaraM sAkSAt kRtavAn tadAnIM sa lEviH pitururasyAsIt|
3a070b00f8	aparaM yasya sambandhE lOkA vyavasthAM labdhavantastEna lEvIyayAjakavargENa yadi siddhiH samabhaviSyat tarhi hArONasya zrENyA madhyAd yAjakaM na nirUpyEzvarENa malkISEdakaH zrENyA madhyAd aparasyaikasya yAjakasyOtthApanaM kuta Avazyakam abhaviSyat?
3a070c0047	yatO yAjakavargasya vinimayEna sutarAM vyavasthAyA api vinimayO jAyatE|
3a070d0079	aparanjca tad vAkyaM yasyOddEzyaM sO'parENa vaMzEna saMyuktA'sti tasya vaMzasya ca kO'pi kadApi vEdyAH karmma na kRtavAn|
3a070e0088	vastutastu yaM vaMzamadhi mUsA yAjakatvasyaikAM kathAmapi na kathitavAn tasmin yihUdAvaMzE'smAkaM prabhu rjanma gRhItavAn iti suspaSTaM|
3a070f0063	tasya spaSTataram aparaM pramANamidaM yat malkISEdakaH sAdRzyavatAparENa tAdRzEna yAjakEnOdEtavyaM,
3a0710006d	yasya nirUpaNaM zarIrasambandhIyavidhiyuktayA vyavasthAyA na bhavati kintvakSayajIvanayuktayA zaktyA bhavati|
3a0711005a	yata Izvara idaM sAkSyaM dattavAn, yathA, "tvaM maklISEdakaH zrENyAM yAjakO'si sadAtanaH|"
3a0712007f	anEnAgravarttinO vidhE durbbalatAyA niSphalatAyAzca hEtOrarthatO vyavasthayA kimapi siddhaM na jAtamitihEtOstasya lOpO bhavati|
3a07130054	yayA ca vayam Izvarasya nikaTavarttinO bhavAma EtAdRzI zrESThapratyAzA saMsthApyatE|
3a07140055	aparaM yIzuH zapathaM vinA na niyuktastasmAdapi sa zrESThaniyamasya madhyasthO jAtaH|
3a07150057	yatastE zapathaM vinA yAjakA jAtAH kintvasau zapathEna jAtaH yataH sa idamuktaH, yathA,
3a0716005c	"paramEza idaM zEpE na ca tasmAnnivartsyatE| tvaM malkISEdakaH zrENyAM yAjakO'si sadAtanaH|"
3a07170046	tE ca bahavO yAjakA abhavan yatastE mRtyunA nityasthAyitvAt nivAritAH,
3a0718004f	kintvasAvanantakAlaM yAvat tiSThati tasmAt tasya yAjakatvaM na parivarttanIyaM|
3a07190091	tatO hEtO ryE mAnavAstEnEzvarasya sannidhiM gacchanti tAn sa zESaM yAvat paritrAtuM zaknOti yatastESAM kRtE prArthanAM karttuM sa satataM jIvati|
3a071a007f	aparam asmAkaM tAdRzamahAyAjakasya prayOjanamAsId yaH pavitrO 'hiMsakO niSkalagkaH pApibhyO bhinnaH svargAdapyuccIkRtazca syAt|
3a071b00c0	aparaM mahAyAjakAnAM yathA tathA tasya pratidinaM prathamaM svapApAnAM kRtE tataH paraM lOkAnAM pApAnAM kRtE balidAnasya prayOjanaM nAsti yata AtmabalidAnaM kRtvA tad EkakRtvastEna sampAditaM|
3a071c00b2	yatO vyavasthayA yE mahAyAjakA nirUpyantE tE daurbbalyayuktA mAnavAH kintu vyavasthAtaH paraM zapathayuktEna vAkyEna yO mahAyAjakO nirUpitaH sO 'nantakAlArthaM siddhaH putra Eva|
3a08010084	kathyamAnAnAM vAkyAnAM sArO'yam asmAkam EtAdRza EkO mahAyAjakO'sti yaH svargE mahAmahimnaH siMhAsanasya dakSiNapArzvO samupaviSTavAn
3a0802006b	yacca dUSyaM na manujaiH kintvIzvarENa sthApitaM tasya satyadUSyasya pavitravastUnAnjca sEvakaH sa bhavati|
3a0803007a	yata EkaikO mahAyAjakO naivEdyAnAM balInAnjca dAnE niyujyatE, atO hEtOrEtasyApi kinjcid utsarjanIyaM vidyata ityAvazyakaM|
3a0804007f	kinjca sa yadi pRthivyAm asthAsyat tarhi yAjakO nAbhaviSyat, yatO yE vyavasthAnusArAt naivEdyAni dadatyEtAdRzA yAjakA vidyantE|
3a080500f1	tE tu svargIyavastUnAM dRSTAntEna chAyayA ca sEvAmanutiSThanti yatO mUsasi dUSyaM sAdhayitum udyatE satIzvarastadEva tamAdiSTavAn phalataH sa tamuktavAn, yathA, "avadhEhi girau tvAM yadyannidarzanaM darzitaM tadvat sarvvANi tvayA kriyantAM|"
3a08060084	kintvidAnIm asau tasmAt zrESThaM sEvakapadaM prAptavAn yataH sa zrESThapratijnjAbhiH sthApitasya zrESThaniyamasya madhyasthO'bhavat|
3a08070065	sa prathamO niyamO yadi nirddOSO'bhaviSyata tarhi dvitIyasya niyamasya kimapi prayOjanaM nAbhaviSyat|
3a080800c7	kintu sa dOSamArOpayan tEbhyaH kathayati, yathA, "paramEzvara idaM bhASatE pazya yasmin samayE'ham isrAyElavaMzEna yihUdAvaMzEna ca sArddham EkaM navInaM niyamaM sthirIkariSyAmyEtAdRzaH samaya AyAti|
3a080900ee	paramEzvarO'paramapi kathayati tESAM pUrvvapuruSANAM misaradEzAd AnayanArthaM yasmin dinE'haM tESAM karaM dhRtvA taiH saha niyamaM sthirIkRtavAn taddinasya niyamAnusArENa nahi yatastai rmama niyamE lagghitE'haM tAn prati cintAM nAkaravaM|
3a080a00f0	kintu paramEzvaraH kathayati taddinAt paramahaM isrAyElavaMzIyaiH sArddham imaM niyamaM sthirIkariSyAmi, tESAM cittE mama vidhIn sthApayiSyAmi tESAM hRtpatrE ca tAn lEkhiSyAmi, aparamahaM tESAm IzvarO bhaviSyAmi tE ca mama lOkA bhaviSyanti|
3a080b00a9	aparaM tvaM paramEzvaraM jAnIhItivAkyEna tESAmEkaikO janaH svaM svaM samIpavAsinaM bhrAtaranjca puna rna zikSayiSyati yata AkSudrAt mahAntaM yAvat sarvvE mAM jnjAsyanti|
3a080c005d	yatO hEtOrahaM tESAm adharmmAn kSamiSyE tESAM pApAnyaparAdhAMzca punaH kadApi na smariSyAmi|"
3a080d0082	anEna taM niyamaM nUtanaM gaditvA sa prathamaM niyamaM purAtanIkRtavAn; yacca purAtanaM jIrNAnjca jAtaM tasya lOpO nikaTO 'bhavat|
3a09010053	sa prathamO niyama ArAdhanAyA vividharItibhiraihikapavitrasthAnEna ca viziSTa AsIt|
3a09020088	yatO dUSyamEkaM niramIyata tasya prathamakOSThasya nAma pavitrasthAnamityAsIt tatra dIpavRkSO bhOjanAsanaM darzanIyapUpAnAM zrENI cAsIt|
3a09030054	tatpazcAd dvitIyAyAstiraSkariNyA abhyantarE 'tipavitrasthAnamitinAmakaM kOSThamAsIt,
3a090400a0	tatra ca suvarNamayO dhUpAdhAraH paritaH suvarNamaNPitA niyamamanjjUSA cAsIt tanmadhyE mAnnAyAH suvarNaghaTO hArONasya manjjaritadaNPastakSitau niyamaprastarau,
3a09050069	tadupari ca karuNAsanE chAyAkAriNau tEjOmayau kirUbAvAstAm, EtESAM vizESavRttAntakathanAya nAyaM samayaH|
3a09060061	EtESvIdRk nirmmitESu yAjakA IzvarasEvAm anutiSThanatO dUSyasya prathamakOSThaM nityaM pravizanti|
3a090700b7	kintu dvitIyaM kOSThaM prativarSam EkakRtva EkAkinA mahAyAjakEna pravizyatE kintvAtmanimittaM lOkAnAm ajnjAnakRtapApAnAnjca nimittam utsarjjanIyaM rudhiram anAdAya tEna na pravizyatE|
3a09080088	ityanEna pavitra AtmA yat jnjApayati tadidaM tat prathamaM dUSyaM yAvat tiSThati tAvat mahApavitrasthAnagAmI panthA aprakAzitastiSThati|
3a0909009c	tacca dUSyaM varttamAnasamayasya dRSTAntaH, yatO hEtOH sAmprataM saMzOdhanakAlaM yAvad yannirUpitaM tadanusArAt sEvAkAriNO mAnasikasiddhikaraNE'samarthAbhiH
3a090a0064	kEvalaM khAdyapEyESu vividhamajjanESu ca zArIrikarItibhi ryuktAni naivEdyAni balidAnAni ca bhavanti|
3a090b0085	aparaM bhAvimaggalAnAM mahAyAjakaH khrISTa upasthAyAhastanirmmitEnArthata EtatsRSTE rbahirbhUtEna zrESThEna siddhEna ca dUSyENa gatvA
3a090c0081	chAgAnAM gOvatsAnAM vA rudhiram anAdAya svIyarudhiram AdAyaikakRtva Eva mahApavitrasthAnaM pravizyAnantakAlikAM muktiM prAptavAn|
3a090d005a	vRSachAgAnAM rudhirENa gavIbhasmanaH prakSEpENa ca yadyazucilOkAH zArIrizucitvAya pUyantE,
3a090e00ca	tarhi kiM manyadhvE yaH sadAtanEnAtmanA niSkalagkabalimiva svamEvEzvarAya dattavAn, tasya khrISTasya rudhirENa yuSmAkaM manAMsyamarEzvarasya sEvAyai kiM mRtyujanakEbhyaH karmmabhyO na pavitrIkAriSyantE?
3a090f00ad	sa nUtananiyamasya madhyasthO'bhavat tasyAbhiprAyO'yaM yat prathamaniyamalagghanarUpapApEbhyO mRtyunA muktau jAtAyAm AhUtalOkA anantakAlIyasampadaH pratijnjAphalaM labhEran|
3a09100046	yatra niyamO bhavati tatra niyamasAdhakasya balE rmRtyunA bhavitavyaM|
3a09110071	yatO hatEna balinA niyamaH sthirIbhavati kintu niyamasAdhakO bali ryAvat jIvati tAvat niyamO nirarthakastiSThati|
3a09120038	tasmAt sa pUrvvaniyamO'pi rudhirapAtaM vinA na sAdhitaH|
3a091300ce	phalataH sarvvalOkAn prati vyavasthAnusArENa sarvvA AjnjAH kathayitvA mUsA jalEna sindUravarNalOmnA ESOvatRNEna ca sArddhaM gOvatsAnAM chAgAnAnjca rudhiraM gRhItvA granthE sarvvalOkESu ca prakSipya babhASE,
3a0914003c	yuSmAn adhIzvarO yaM niyamaM nirUpitavAn tasya rudhiramEtat|
3a09150047	tadvat sa dUSyE'pi sEvArthakESu sarvvapAtrESu ca rudhiraM prakSiptavAn|
3a0916006f	aparaM vyavasthAnusArENa prAyazaH sarvvANi rudhirENa pariSkriyantE rudhirapAtaM vinA pApamOcanaM na bhavati ca|
3a09170095	aparaM yAni svargIyavastUnAM dRSTAntAstESAm EtaiH pAvanam Avazyakam AsIt kintu sAkSAt svargIyavastUnAm EtEbhyaH zrESThE rbalidAnaiH pAvanamAvazyakaM|
3a091800a7	yataH khrISTaH satyapavitrasthAnasya dRSTAntarUpaM hastakRtaM pavitrasthAnaM na praviSTavAn kintvasmannimittam idAnIm Izvarasya sAkSAd upasthAtuM svargamEva praviSTaH|
3a09190083	yathA ca mahAyAjakaH prativarSaM parazONitamAdAya mahApavitrasthAnaM pravizati tathA khrISTEna punaH punarAtmOtsargO na karttavyaH,
3a091a00a3	karttavyE sati jagataH sRSTikAlamArabhya bahuvAraM tasya mRtyubhOga AvazyakO'bhavat; kintvidAnIM sa AtmOtsargENa pApanAzArtham EkakRtvO jagataH zESakAlE pracakAzE|
3a091b0046	aparaM yathA mAnuSasyaikakRtvO maraNaM tat pazcAd vicArO nirUpitO'sti,
3a091c00a6	tadvat khrISTO'pi bahUnAM pApavahanArthaM balirUpENaikakRtva utsasRjE, aparaM dvitIyavAraM pApAd bhinnaH san yE taM pratIkSantE tESAM paritrANArthaM darzanaM dAsyati|
3a0a0100b1	vyavasthA bhaviSyanmaggalAnAM chAyAsvarUpA na ca vastUnAM mUrttisvarUpA tatO hEtO rnityaM dIyamAnairEkavidhai rvArSikabalibhiH zaraNAgatalOkAn siddhAn karttuM kadApi na zaknOti|
3a0a020090	yadyazakSyat tarhi tESAM balInAM dAnaM kiM na nyavarttiSyata? yataH sEvAkAriSvEkakRtvaH pavitrIbhUtESu tESAM kO'pi pApabOdhaH puna rnAbhaviSyat|
3a0a03003c	kintu tai rbalidAnaiH prativatsaraM pApAnAM smAraNaM jAyatE|
3a0a04003d	yatO vRSANAM chAgAnAM vA rudhirENa pApamOcanaM na sambhavati|
3a0a050069	EtatkAraNAt khrISTEna jagat pravizyEdam ucyatE, yathA, "nESTvA baliM na naivEdyaM dEhO mE nirmmitastvayA|
3a0a060035	na ca tvaM balibhi rhavyaiH pApaghnai rvA pratuSyasi|
3a0a070087	avAdiSaM tadaivAhaM pazya kurvvE samAgamaM| dharmmagranthasya sargE mE vidyatE likhitA kathA| Iza manO'bhilASastE mayA sampUrayiSyatE|"
3a0a0800b2	ityasmin prathamatO yESAM dAnaM vyavasthAnusArAd bhavati tAnyadhi tEnEdamuktaM yathA, balinaivEdyahavyAni pApaghnanjcOpacArakaM, nEmAni vAnjchasi tvaM hi na caitESu pratuSyasIti|
3a0a090087	tataH paraM tEnOktaM yathA, "pazya manO'bhilASaM tE karttuM kurvvE samAgamaM;" dvitIyam Etad vAkyaM sthirIkarttuM sa prathamaM lumpati|
3a0a0a005b	tEna manO'bhilASENa ca vayaM yIzukhrISTasyaikakRtvaH svazarIrOtsargAt pavitrIkRtA abhavAma|
3a0a0b0090	aparam EkaikO yAjakaH pratidinam upAsanAM kurvvan yaizca pApAni nAzayituM kadApi na zakyantE tAdRzAn EkarUpAn balIn punaH punarutsRjan tiSThati|
3a0a0c004f	kintvasau pApanAzakam EkaM baliM datvAnantakAlArtham Izvarasya dakSiNa upavizya
3a0a0d004d	yAvat tasya zatravastasya pAdapIThaM na bhavanti tAvat pratIkSamANastiSThati|
3a0a0e0043	yata EkEna balidAnEna sO'nantakAlArthaM pUyamAnAn lOkAn sAdhitavAn|
3a0a0f002f	Etasmin pavitra AtmApyasmAkaM pakSE pramANayati
3a0a1000c1	"yatO hEtOstaddinAt param ahaM taiH sArddham imaM niyamaM sthirIkariSyAmIti prathamata uktvA paramEzvarENEdaM kathitaM, tESAM cittE mama vidhIn sthApayiSyAmi tESAM manaHsu ca tAn lEkhiSyAmi ca,
3a0a11003f	aparanjca tESAM pApAnyaparAdhAMzca punaH kadApi na smAriSyAmi|"
3a0a12004b	kintu yatra pApamOcanaM bhavati tatra pApArthakabalidAnaM puna rna bhavati|
3a0a13004d	atO hE bhrAtaraH, yIzO rudhirENa pavitrasthAnapravEzAyAsmAkam utsAhO bhavati,
3a0a140066	yataH sO'smadarthaM tiraskariNyArthataH svazarIrENa navInaM jIvanayuktanjcaikaM panthAnaM nirmmitavAn,
3a0a15003d	aparanjcEzvarIyaparivArasyAdhyakSa EkO mahAyAjakO'smAkamasti|
3a0a1600a9	atO hEtOrasmAbhiH saralAntaHkaraNai rdRPhavizvAsaiH pApabOdhAt prakSAlitamanObhi rnirmmalajalE snAtazarIraizcEzvaram upAgatya pratyAzAyAH pratijnjA nizcalA dhArayitavyA|
3a0a170028	yatO yastAm aggIkRtavAn sa vizvasanIyaH|
3a0a180059	aparaM prEmni satkriyAsu caikaikasyOtsAhavRddhyartham asmAbhiH parasparaM mantrayitavyaM|
3a0a1900b4	aparaM katipayalOkA yathA kurvvanti tathAsmAbhiH sabhAkaraNaM na parityaktavyaM parasparam upadESTavyanjca yatastat mahAdinam uttarOttaraM nikaTavartti bhavatIti yuSmAbhi rdRzyatE|
3a0a1a007d	satyamatasya jnjAnaprAptEH paraM yadi vayaM svaMcchayA pApAcAraM kurmmastarhi pApAnAM kRtE 'nyat kimapi balidAnaM nAvaziSyatE
3a0a1b0046	kintu vicArasya bhayAnakA pratIkSA ripunAzakAnalasya tApazcAvaziSyatE|
3a0a1c0062	yaH kazcit mUsasO vyavasthAm avamanyatE sa dayAM vinA dvayOstisRNAM vA sAkSiNAM pramANEna hanyatE,
3a0a1d00d2	tasmAt kiM budhyadhvE yO jana Izvarasya putram avajAnAti yEna ca pavitrIkRtO 'bhavat tat niyamasya rudhiram apavitraM jAnAti, anugrahakaram AtmAnam apamanyatE ca, sa kiyanmahAghOrataradaNPasya yOgyO bhaviSyati?
3a0a1e00ad	yataH paramEzvaraH kathayati, "dAnaM phalasya matkarmma sUcitaM pradadAmyahaM|" punarapi, "tadA vicArayiSyantE parEzEna nijAH prajAH|" idaM yaH kathitavAn taM vayaM jAnImaH|
3a0a1f002d	amarEzvarasya karayOH patanaM mahAbhayAnakaM|
3a0a200090	hE bhrAtaraH, pUrvvadinAni smarata yatastadAnIM yUyaM dIptiM prApya bahudurgatirUpaM saMgrAmaM sahamAnA EkatO nindAklEzaiH kautukIkRtA abhavata,
3a0a210029	anyatazca tadbhOginAM samAMzinO 'bhavata|
3a0a22009e	yUyaM mama bandhanasya duHkhEna duHkhinO 'bhavata, yuSmAkam uttamA nityA ca sampattiH svargE vidyata iti jnjAtvA sAnandaM sarvvasvasyApaharaNam asahadhvanjca|
3a0a23003b	ataEva mahApuraskArayuktaM yuSmAkam utsAhaM na parityajata|
3a0a240078	yatO yUyaM yEnEzvarasyEcchAM pAlayitvA pratijnjAyAH phalaM labhadhvaM tadarthaM yuSmAbhi rdhairyyAvalambanaM karttavyaM|
3a0a250041	yEnAgantavyaM sa svalpakAlAt param AgamiSyati na ca vilambiSyatE|
3a0a260062	"puNyavAn janO vizvAsEna jIviSyati kintu yadi nivarttatE tarhi mama manastasmin na tOSaM yAsyati|"
3a0a270060	kintu vayaM vinAzajanikAM dharmmAt nivRttiM na kurvvANA AtmanaH paritrANAya vizvAsaM kurvvAmahE|
3a0b010043	vizvAsa AzaMsitAnAM nizcayaH, adRzyAnAM viSayANAM darzanaM bhavati|
3a0b020034	tEna vizvAsEna prAnjcO lOkAH prAmANyaM prAptavantaH|
3a0b03007a	aparam Izvarasya vAkyEna jagantyasRjyanta, dRSTavastUni ca pratyakSavastubhyO nOdapadyantaitad vayaM vizvAsEna budhyAmahE|
3a0b0400c7	vizvAsEna hAbil Izvaramuddizya kAbilaH zrESThaM balidAnaM kRtavAn tasmAccEzvarENa tasya dAnAnyadhi pramANE dattE sa dhArmmika ityasya pramANaM labdhavAn tEna vizvAsEna ca sa mRtaH san adyApi bhASatE|
3a0b0500dd	vizvAsEna hanOk yathA mRtyuM na pazyEt tathA lOkAntaraM nItaH, tasyOddEzazca kEnApi na prApi yata IzvarastaM lOkAntaraM nItavAn, tatpramANamidaM tasya lOkAntarIkaraNAt pUrvvaM sa IzvarAya rOcitavAn iti pramANaM prAptavAn|
3a0b060096	kintu vizvAsaM vinA kO'pIzvarAya rOcituM na zaknOti yata IzvarO'sti svAnvESilOkEbhyaH puraskAraM dadAti cEtikathAyAm IzvarazaraNAgatai rvizvasitavyaM|
3a0b0700cc	aparaM tadAnIM yAnyadRzyAnyAsan tAnIzvarENAdiSTaH san nOhO vizvAsEna bhItvA svaparijanAnAM rakSArthaM pOtaM nirmmitavAn tEna ca jagajjanAnAM dOSAn darzitavAn vizvAsAt labhyasya puNyasyAdhikArI babhUva ca|
3a0b080092	vizvAsEnEbrAhIm AhUtaH san AjnjAM gRhItvA yasya sthAnasyAdhikArastEna prAptavyastat sthAnaM prasthitavAn kintu prasthAnasamayE kka yAmIti nAjAnAt|
3a0b09007d	vizvAsEna sa pratijnjAtE dEzE paradEzavat pravasan tasyAH pratijnjAyAH samAnAMzibhyAm ishAkA yAkUbA ca saha dUSyavAsyabhavat|
3a0b0a0050	yasmAt sa IzvarENa nirmmitaM sthApitanjca bhittimUlayuktaM nagaraM pratyaikSata|
3a0b0b008c	aparanjca vizvAsEna sArA vayOtikrAntA santyapi garbhadhAraNAya zaktiM prApya putravatyabhavat, yataH sA pratijnjAkAriNaM vizvAsyam amanyata|
3a0b0c0076	tatO hEtO rmRtakalpAd EkasmAt janAd AkAzIyanakSatrANIva gaNanAtItAH samudratIrasthasikatA iva cAsaMkhyA lOkA utpEdirE|
3a0b0d00a3	EtE sarvvE pratijnjAyAH phalAnyaprApya kEvalaM dUrAt tAni nirIkSya vanditvA ca, pRthivyAM vayaM vidEzinaH pravAsinazcAsmaha iti svIkRtya vizvAsEna prANAn tatyajuH|
3a0b0e004f	yE tu janA itthaM kathayanti taiH paitRkadEzO 'smAbhiranviSyata iti prakAzyatE|
3a0b0f0053	tE yasmAd dEzAt nirgatAstaM yadyasmariSyan tarhi parAvarttanAya samayam alapsyanta|
3a0b1000ad	kintu tE sarvvOtkRSTam arthataH svargIyaM dEzam AkAgkSanti tasmAd IzvarastAnadhi na lajjamAnastESAm Izvara iti nAma gRhItavAn yataH sa tESAM kRtE nagaramEkaM saMsthApitavAn|
3a0b110041	aparam ibrAhImaH parIkSAyAM jAtAyAM sa vizvAsEnEshAkam utsasarja,
3a0b120071	vastuta ishAki tava vaMzO vikhyAsyata iti vAg yamadhi kathitA tam advitIyaM putraM pratijnjAprAptaH sa utsasarja|
3a0b130052	yata IzvarO mRtAnapyutthApayituM zaknOtIti sa mEnE tasmAt sa upamArUpaM taM lEbhE|
3a0b140043	aparam ishAk vizvAsEna yAkUb ESAvE ca bhAviviSayAnadhyAziSaM dadau|
3a0b150079	aparaM yAkUb maraNakAlE vizvAsEna yUSaphaH putrayOrEkaikasmai janAyAziSaM dadau yaSTyA agrabhAgE samAlambya praNanAma ca|
3a0b160077	aparaM yUSaph caramakAlE vizvAsEnEsrAyElvaMzIyAnAM misaradEzAd bahirgamanasya vAcaM jagAda nijAsthIni cAdhi samAdidEza|
3a0b170086	navajAtO mUsAzca vizvAsAt trAn mAsAn svapitRbhyAm agOpyata yatastau svazizuM paramasundaraM dRSTavantau rAjAjnjAnjca na zagkitavantau|
3a0b180048	aparaM vayaHprAptO mUsA vizvAsAt phirauNO dauhitra iti nAma nAggIcakAra|
3a0b190054	yataH sa kSaNikAt pApajasukhabhOgAd Izvarasya prajAbhiH sArddhaM duHkhabhOgaM vavrE|
3a0b1a0072	tathA misaradEzIyanidhibhyaH khrISTanimittAM nindAM mahatIM sampattiM mEnE yatO hEtOH sa puraskAradAnam apaikSata|
3a0b1b0076	aparaM sa vizvAsEna rAjnjaH krOdhAt na bhItvA misaradEzaM paritatyAja, yatastEnAdRzyaM vIkSamANEnEva dhairyyam Alambi|
3a0b1c0087	aparaM prathamajAtAnAM hantA yat svIyalOkAn na spRzEt tadarthaM sa vizvAsEna nistAraparvvIyabalicchEdanaM rudhirasEcananjcAnuSThitAvAn|
3a0b1d006a	aparaM tE vizvAsAt sthalEnEva sUphsAgarENa jagmuH kintu misrIyalOkAstat karttum upakramya tOyESu mamajjuH|
3a0b1e0057	aparanjca vizvAsAt taiH saptAhaM yAvad yirIhOH prAcIrasya pradakSiNE kRtE tat nipapAta|
3a0b1f0053	vizvAsAd rAhabnAmikA vEzyApi prItyA cArAn anugRhyAvizvAsibhiH sArddhaM na vinanAza|
3a0b200091	adhikaM kiM kathayiSyAmi? gidiyOnO bArakaH zimzOnO yiptahO dAyUd zimUyElO bhaviSyadvAdinazcaitESAM vRttAntakathanAya mama samayAbhAvO bhaviSyati|
3a0b21007d	vizvAsAt tE rAjyAni vazIkRtavantO dharmmakarmmANi sAdhitavantaH pratijnjAnAM phalaM labdhavantaH siMhAnAM mukhAni ruddhavantO
3a0b22008e	vahnErdAhaM nirvvApitavantaH khaggadhArAd rakSAM prAptavantO daurbbalyE sabalIkRtA yuddhE parAkramiNO jAtAH parESAM sainyAni davayitavantazca|
3a0b230079	yOSitaH punarutthAnEna mRtAn AtmajAn lEbhirE, aparE ca zrESThOtthAnasya prAptErAzayA rakSAm agRhItvA tAPanEna mRtavantaH|
3a0b24003b	aparE tiraskAraiH kazAbhi rbandhanaiH kArayA ca parIkSitAH|
3a0b2500b5	bahavazca prastarAghAtai rhatAH karapatrai rvA vidIrNA yantrai rvA kliSTAH khaggadhArai rvA vyApAditAH| tE mESANAM chAgAnAM vA carmmANi paridhAya dInAH pIPitA duHkhArttAzcAbhrAmyan|
3a0b26005c	saMsArO yESAm ayOgyastE nirjanasthAnESu parvvatESu gahvarESu pRthivyAzchidrESu ca paryyaTan|
3a0b27004a	EtaiH sarvvai rvizvAsAt pramANaM prApi kintu pratijnjAyAH phalaM na prApi|
3a0b280062	yatastE yathAsmAn vinA siddhA na bhavEyustathaivEzvarENAsmAkaM kRtE zrESThataraM kimapi nirdidizE|
3a0c010090	atO hEtOrEtAvatsAkSimEghai rvESTitAH santO vayamapi sarvvabhAram AzubAdhakaM pApanjca nikSipyAsmAkaM gamanAya nirUpitE mArgE dhairyyENa dhAvAma|
3a0c0200db	yazcAsmAkaM vizvAsasyAgrEsaraH siddhikarttA cAsti taM yIzuM vIkSAmahai yataH sa svasammukhasthitAnandasya prAptyartham apamAnaM tucchIkRtya kruzasya yAtanAM sOPhavAn IzvarIyasiMhAsanasya dakSiNapArzvE samupaviSTavAMzca|
3a0c03007d	yaH pApibhiH svaviruddham EtAdRzaM vaiparItyaM sOPhavAn tam AlOcayata tEna yUyaM svamanaHsu zrAntAH klAntAzca na bhaviSyatha|
3a0c04004d	yUyaM pApEna saha yudhyantO'dyApi zONitavyayaparyyantaM pratirOdhaM nAkuruta|
3a0c0500a9	tathA ca putrAn pratIva yuSmAn prati ya upadEza uktastaM kiM vismRtavantaH? "parEzEna kRtAM zAstiM hE matputra na tucchaya| tEna saMbhartsitazcApi naiva klAmya kadAcana|
3a0c06005e	parEzaH prIyatE yasmin tasmai zAstiM dadAti yat| yantu putraM sa gRhlAti tamEva praharatyapi|"
3a0c070088	yadi yUyaM zAstiM sahadhvaM tarhIzvaraH putrairiva yuSmAbhiH sArddhaM vyavaharati yataH pitA yasmai zAstiM na dadAti tAdRzaH putraH kaH?
3a0c080069	sarvvE yasyAH zAstEraMzinO bhavanti sA yadi yuSmAkaM na bhavati tarhi yUyam AtmajA na kintu jArajA AdhvE|
3a0c0900a3	aparam asmAkaM zArIrikajanmadAtArO'smAkaM zAstikAriNO'bhavan tE cAsmAbhiH sammAnitAstasmAd ya AtmanAM janayitA vayaM kiM tatO'dhikaM tasya vazIbhUya na jIviSyAmaH?
3a0c0a007d	tE tvalpadinAni yAvat svamanO'matAnusArENa zAstiM kRtavantaH kintvESO'smAkaM hitAya tasya pavitratAyA aMzitvAya cAsmAn zAsti|
3a0c0b0098	zAstizca varttamAnasamayE kEnApi nAnandajanikA kintu zOkajanikaiva manyatE tathApi yE tayA vinIyantE tEbhyaH sA pazcAt zAntiyuktaM dharmmaphalaM dadAti|
3a0c0c0045	ataEva yUyaM zithilAn hastAn durbbalAni jAnUni ca sabalAni kurudhvaM|
3a0c0d006d	yathA ca durbbalasya sandhisthAnaM na bhajyEta svasthaM tiSThEt tathA svacaraNArthaM saralaM mArgaM nirmmAta|
3a0c0e0077	aparanjca sarvvaiH sArtham EkyabhAvaM yacca vinA paramEzvarasya darzanaM kEnApi na lapsyatE tat pavitratvaM cESTadhvaM|
3a0c0f0085	yathA kazcid IzvarasyAnugrahAt na patEt, yathA ca tiktatAyA mUlaM praruhya bAdhAjanakaM na bhavEt tEna ca bahavO'pavitrA na bhavEyuH,
3a0c100088	yathA ca kazcit lampaTO vA EkakRtva AhArArthaM svIyajyESThAdhikAravikrEtA ya ESaustadvad adharmmAcArI na bhavEt tathA sAvadhAnA bhavata|
3a0c110098	yataH sa ESauH pazcAd AzIrvvAdAdhikArI bhavitum icchannapi nAnugRhIta iti yUyaM jAnItha, sa cAzrupAtEna matyantaraM prArthayamAnO'pi tadupAyaM na lEbhE|
3a0c120090	aparanjca spRzyaH parvvataH prajvalitO vahniH kRSNAvarNO mEghO 'ndhakArO jhanjbhza tUrIvAdyaM vAkyAnAM zabdazca naitESAM sannidhau yUyam AgatAH|
3a0c130056	taM zabdaM zrutvA zrOtArastAdRzaM sambhASaNaM yat puna rna jAyatE tat prArthitavantaH|
3a0c140067	yataH pazurapi yadi dharAdharaM spRzati tarhi sa pASANAghAtai rhantavya ityAdEzaM sOPhuM tE nAzaknuvan|
3a0c150047	tacca darzanam EvaM bhayAnakaM yat mUsasOktaM bhItastrAsayuktazcAsmIti|
3a0c160052	kintu sIyOnparvvatO 'marEzvarasya nagaraM svargasthayirUzAlamam ayutAni divyadUtAH
3a0c170071	svargE likhitAnAM prathamajAtAnAm utsavaH samitizca sarvvESAM vicArAdhipatirIzvaraH siddhIkRtadhArmmikAnAm AtmAnO
3a0c18007c	nUtananiyamasya madhyasthO yIzuH, aparaM hAbilO raktAt zrEyaH pracArakaM prOkSaNasya raktanjcaitESAM sannidhau yUyam AgatAH|
3a0c1900b6	sAvadhAnA bhavata taM vaktAraM nAvajAnIta yatO hEtOH pRthivIsthitaH sa vaktA yairavajnjAtastai ryadi rakSA nAprApi tarhi svargIyavaktuH parAgmukhIbhUyAsmAbhiH kathaM rakSA prApsyatE?
3a0c1a009d	tadA tasya ravAt pRthivI kampitA kintvidAnIM tEnEdaM pratijnjAtaM yathA, "ahaM punarEkakRtvaH pRthivIM kampayiSyAmi kEvalaM tannahi gaganamapi kampayiSyAmi|"
3a0c1b006c	sa EkakRtvaH zabdO nizcalaviSayANAM sthitayE nirmmitAnAmiva canjcalavastUnAM sthAnAntarIkaraNaM prakAzayati|
3a0c1c0084	ataEva nizcalarAjyaprAptairasmAbhiH sO'nugraha AlambitavyO yEna vayaM sAdaraM sabhayanjca tuSTijanakarUpENEzvaraM sEvituM zaknuyAma|
3a0c1d0025	yatO'smAkam IzvaraH saMhArakO vahniH|
3a0d01003d	bhrAtRSu prEma tiSThatu| atithisEvA yuSmAbhi rna vismaryyatAM
3a0d020040	yatastayA pracchannarUpENa divyadUtAH kESAnjcid atithayO'bhavan|
3a0d03004c	bandinaH sahabandibhiriva duHkhinazca dEhavAsibhiriva yuSmAbhiH smaryyantAM|
3a0d040071	vivAhaH sarvvESAM samIpE sammAnitavyastadIyazayyA ca zuciH kintu vEzyAgAminaH pAradArikAzcEzvarENa daNPayiSyantE|
3a0d050087	yUyam AcArE nirlObhA bhavata vidyamAnaviSayE santuSyata ca yasmAd Izvara EvEdaM kathitavAn, yathA, "tvAM na tyakSyAmi na tvAM hAsyAmi|"
3a0d06008e	ataEva vayam utsAhEnEdaM kathayituM zaknumaH, "matpakSE paramEzO'sti na bhESyAmi kadAcana| yasmAt mAM prati kiM karttuM mAnavaH pArayiSyati||"
3a0d070097	yuSmAkaM yE nAyakA yuSmabhyam Izvarasya vAkyaM kathitavantastE yuSmAbhiH smaryyantAM tESAm AcArasya pariNAmam AlOcya yuSmAbhistESAM vizvAsO'nukriyatAM|
3a0d080029	yIzuH khrISTaH zvO'dya sadA ca sa EvAstE|
3a0d09009b	yUyaM nAnAvidhanUtanazikSAbhi rna parivarttadhvaM yatO'nugrahENAntaHkaraNasya susthirIbhavanaM kSEmaM na ca khAdyadravyaiH| yatastadAcAriNastai rnOpakRtAH|
3a0d0a0060	yE daSyasya sEvAM kurvvanti tE yasyA dravyabhOjanasyAnadhikAriNastAdRzI yajnjavEdirasmAkam AstE|
3a0d0b007f	yatO yESAM pazUnAM zONitaM pApanAzAya mahAyAjakEna mahApavitrasthAnasyAbhyantaraM nIyatE tESAM zarIrANi zibirAd bahi rdahyantE|
3a0d0c0066	tasmAd yIzurapi yat svarudhirENa prajAH pavitrIkuryyAt tadarthaM nagaradvArasya bahi rmRtiM bhuktavAn|
3a0d0d0052	atO hEtOrasmAbhirapi tasyApamAnaM sahamAnaiH zibirAd bahistasya samIpaM gantavyaM|
3a0d0e0050	yatO 'trAsmAkaM sthAyi nagaraM na vidyatE kintu bhAvi nagaram asmAbhiranviSyatE|
3a0d0f0074	ataEva yIzunAsmAbhi rnityaM prazaMsArUpO balirarthatastasya nAmAggIkurvvatAm OSThAdharANAM phalam IzvarAya dAtavyaM|
3a0d10005f	aparanjca parOpakArO dAnanjca yuSmAbhi rna vismaryyatAM yatastAdRzaM balidAnam IzvarAya rOcatE|
3a0d110100	yUyaM svanAyakAnAm AjnjAgrAhiNO vazyAzca bhavata yatO yairupanidhiH pratidAtavyastAdRzA lOkA iva tE yuSmadIyAtmanAM rakSaNArthaM jAgrati, atastE yathA sAnandAstat kuryyu rna ca sArttasvarA atra yatadhvaM yatastESAm ArttasvarO yuSmAkam iSTajanakO na bhavEt|
3a0d120092	aparanjca yUyam asmannimittiM prArthanAM kuruta yatO vayam uttamamanOviziSTAH sarvvatra sadAcAraM karttum icchukAzca bhavAma iti nizcitaM jAnImaH|
3a0d13005e	vizESatO'haM yathA tvarayA yuSmabhyaM puna rdIyE tadarthaM prArthanAyai yuSmAn adhikaM vinayE|
3a0d140068	anantaniyamasya rudhirENa viziSTO mahAn mESapAlakO yEna mRtagaNamadhyAt punarAnAyi sa zAntidAyaka IzvarO
3a0d1500be	nijAbhimatasAdhanAya sarvvasmin satkarmmaNi yuSmAn siddhAn karOtu, tasya dRSTau ca yadyat tuSTijanakaM tadEva yuSmAkaM madhyE yIzunA khrISTEna sAdhayatu| tasmai mahimA sarvvadA bhUyAt| AmEn|
3a0d160068	hE bhrAtaraH, vinayE'haM yUyam idam upadEzavAkyaM sahadhvaM yatO'haM saMkSEpENa yuSmAn prati likhitavAn|
3a0d170084	asmAkaM bhrAtA tImathiyO muktO'bhavad iti jAnIta, sa ca yadi tvarayA samAgacchati tarhi tEna sArddhaMm ahaM yuSmAn sAkSAt kariSyAmi|
3a0d180064	yuSmAkaM sarvvAn nAyakAn pavitralOkAMzca namaskuruta| aparam itAliyAdEzIyAnAM namaskAraM jnjAsyatha|
3a0d190030	anugrahO yuSmAkaM sarvvESAM sahAyO bhUyAt| AmEn|
3b00000007	yAkUbaH
3b0101006d	Izvarasya prabhO ryIzukhrISTasya ca dAsO yAkUb vikIrNIbhUtAn dvAdazaM vaMzAn prati namaskRtya patraM likhati|
3b01020064	hE mama bhrAtaraH, yUyaM yadA bahuvidhaparIkSASu nipatata tadA tat pUrNAnandasya kAraNaM manyadhvaM|
3b01030049	yatO yuSmAkaM vizvAsasya parIkSitatvEna dhairyyaM sampAdyata iti jAnItha|
3b0104007f	tacca dhairyyaM siddhaphalaM bhavatu tEna yUyaM siddhAH sampUrNAzca bhaviSyatha kasyApi guNasyAbhAvazca yuSmAkaM na bhaviSyati|
3b01050094	yuSmAkaM kasyApi jnjAnAbhAvO yadi bhavEt tarhi ya IzvaraH saralabhAvEna tiraskAranjca vinA sarvvEbhyO dadAti tataH sa yAcatAM tatastasmai dAyiSyatE|
3b01060084	kintu sa niHsandEhaH san vizvAsEna yAcatAM yataH sandigdhO mAnavO vAyunA cAlitasyOtplavamAnasya ca samudrataraggasya sadRzO bhavati|
3b01070037	tAdRzO mAnavaH prabhOH kinjcit prApsyatIti na manyatAM|
3b0108002c	dvimanA lOkaH sarvvagatiSu canjcalO bhavati|
3b01090029	yO bhrAtA namraH sa nijOnnatyA zlAghatAM|
3b010a0050	yazca dhanavAn sa nijanamratayA zlAghatAMyataH sa tRNapuSpavat kSayaM gamiSyati|
3b010b0095	yataH satApEna sUryyENOditya tRNaM zOSyatE tatpuSpanjca bhrazyati tEna tasya rUpasya saundaryyaM nazyati tadvad dhanilOkO'pi svIyamUPhatayA mlAsyati|
3b010c0086	yO janaH parIkSAM sahatE sa Eva dhanyaH, yataH parIkSitatvaM prApya sa prabhunA svaprEmakAribhyaH pratijnjAtaM jIvanamukuTaM lapsyatE|
3b010d0079	IzvarO mAM parIkSata iti parIkSAsamayE kO'pi na vadatu yataH pApAyEzvarasya parIkSA na bhavati sa ca kamapi na parIkSatE|
3b010e0050	kintu yaH kazcit svIyamanOvAnjchayAkRSyatE lObhyatE ca tasyaiva parIkSA bhavati|
3b010f0062	tasmAt sA manOvAnjchA sagarbhA bhUtvA duSkRtiM prasUtE duSkRtizca pariNAmaM gatvA mRtyuM janayati|
3b0110002b	hE mama priyabhrAtaraH, yUyaM na bhrAmyata|
3b01110099	yat kinjcid uttamaM dAnaM pUrNO varazca tat sarvvam UrddhvAd arthatO yasmin dazAntaraM parivarttanajAtacchAyA vA nAsti tasmAd dIptyAkarAt pituravarOhati|
3b0112007e	tasya sRSTavastUnAM madhyE vayaM yat prathamaphalasvarUpA bhavAmastadarthaM sa svEcchAtaH satyamatasya vAkyEnAsmAn janayAmAsa|
3b0113006d	ataEva hE mama priyabhrAtaraH, yuSmAkam EkaikO janaH zravaNE tvaritaH kathanE dhIraH krOdhE'pi dhIrO bhavatu|
3b01140034	yatO mAnavasya krOdha IzvarIyadharmmaM na sAdhayati|
3b01150086	atO hEtO ryUyaM sarvvAm azucikriyAM duSTatAbAhulyanjca nikSipya yuSmanmanasAM paritrANE samarthaM rOpitaM vAkyaM namrabhAvEna gRhlIta|
3b01160069	aparanjca yUyaM kEvalam AtmavanjcayitArO vAkyasya zrOtArO na bhavata kintu vAkyasya karmmakAriNO bhavata|
3b0117008b	yatO yaH kazcid vAkyasya karmmakArI na bhUtvA kEvalaM tasya zrOtA bhavati sa darpaNE svIyazArIrikavadanaM nirIkSamANasya manujasya sadRzaH|
3b01180040	AtmAkArE dRSTE sa prasthAya kIdRza AsIt tat tatkSaNAd vismarati|
3b01190092	kintu yaH kazcit natvA muktEH siddhAM vyavasthAm AlOkya tiSThati sa vismRtiyuktaH zrOtA na bhUtvA karmmakarttaiva san svakAryyE dhanyO bhaviSyati|
3b011a0064	anAyattarasanaH san yaH kazcit svamanO vanjcayitvA svaM bhaktaM manyatE tasya bhakti rmudhA bhavati|
3b011b0092	klEzakAlE pitRhInAnAM vidhavAnAnjca yad avEkSaNaM saMsArAcca niSkalagkEna yad AtmarakSaNaM tadEva piturIzvarasya sAkSAt zuci rnirmmalA ca bhaktiH|
3b02010066	hE mama bhrAtaraH, yUyam asmAkaM tEjasvinaH prabhO ryIzukhrISTasya dharmmaM mukhApEkSayA na dhArayata|
3b0202007b	yatO yuSmAkaM sabhAyAM svarNAggurIyakayuktE bhrAjiSNuparicchadE puruSE praviSTE malinavastrE kasmiMzcid daridrE'pi praviSTE
3b020300c1	yUyaM yadi taM bhrAjiSNuparicchadavasAnaM janaM nirIkSya vadEta bhavAn atrOttamasthAna upavizatviti kinjca taM daridraM yadi vadEta tvam amusmin sthAnE tiSTha yadvAtra mama pAdapITha upavizEti,
3b02040041	tarhi manaHsu vizESya yUyaM kiM kutarkaiH kuvicArakA na bhavatha?
3b020500c3	hE mama priyabhrAtaraH, zRNuta, saMsArE yE daridrAstAn IzvarO vizvAsEna dhaninaH svaprEmakAribhyazca pratizrutasya rAjyasyAdhikAriNaH karttuM kiM na varItavAn? kintu daridrO yuSmAbhiravajnjAyatE|
3b02060050	dhanavanta Eva kiM yuSmAn nOpadravanti balAcca vicArAsanAnAM samIpaM na nayanti?
3b0207003f	yuSmadupari parikIrttitaM paramaM nAma kiM tairEva na nindyatE?
3b0208008a	kinjca tvaM svasamIpavAsini svAtmavat prIyasva, EtacchAstrIyavacanAnusAratO yadi yUyaM rAjakIyavyavasthAM pAlayatha tarhi bhadraM kurutha|
3b0209005a	yadi ca mukhApEkSAM kurutha tarhi pApam Acaratha vyavasthayA cAjnjAlagghina iva dUSyadhvE|
3b020a006c	yatO yaH kazcit kRtsnAM vyavasthAM pAlayati sa yadyEkasmin vidhau skhalati tarhi sarvvESAm aparAdhI bhavati|
3b020b00b6	yatO hEtOstvaM paradArAn mA gacchEti yaH kathitavAn sa Eva narahatyAM mA kuryyA ityapi kathitavAn tasmAt tvaM paradArAn na gatvA yadi narahatyAM karOSi tarhi vyavasthAlagghI bhavasi|
3b020c0066	muktE rvyavasthAtO yESAM vicArENa bhavitavyaM tAdRzA lOkA iva yUyaM kathAM kathayata karmma kuruta ca|
3b020d0057	yO dayAM nAcarati tasya vicArO nirddayEna kAriSyatE, kintu dayA vicAram abhibhaviSyati|
3b020e00a2	hE mama bhrAtaraH, mama pratyayO'stIti yaH kathayati tasya karmmANi yadi na vidyanta tarhi tEna kiM phalaM? tEna pratyayEna kiM tasya paritrANaM bhavituM zaknOti?
3b020f009b	kESucid bhrAtRSu bhaginISu vA vasanahInESu prAtyahikAhArahInESu ca satsu yuSmAkaM kO'pi tEbhyaH zarIrArthaM prayOjanIyAni dravyANi na datvA yadi tAn vadEt,
3b02100049	yUyaM sakuzalaM gatvOSNagAtrA bhavata tRpyata cEti tarhyEtEna kiM phalaM?
3b0211004b	tadvat pratyayO yadi karmmabhi ryuktO na bhavEt tarhyEkAkitvAt mRta EvAstE|
3b021200b3	kinjca kazcid idaM vadiSyati tava pratyayO vidyatE mama ca karmmANi vidyantE, tvaM karmmahInaM svapratyayaM mAM darzaya tarhyahamapi matkarmmabhyaH svapratyayaM tvAM darzayiSyAmi|
3b02130056	Eka IzvarO 'stIti tvaM pratyESi| bhadraM karOSi| bhUtA api tat pratiyanti kampantE ca|
3b02140055	kintu hE nirbbOdhamAnava, karmmahInaH pratyayO mRta EvAstyEtad avagantuM kim icchasi?
3b0215006c	asmAkaM pUrvvapuruSO ya ibrAhIm svaputram ishAkaM yajnjavEdyAm utsRSTavAn sa kiM karmmabhyO na sapuNyIkRtaH?
3b0216005d	pratyayE tasya karmmaNAM sahakAriNi jAtE karmmabhiH pratyayaH siddhO 'bhavat tat kiM pazyasi?
3b02170092	itthanjcEdaM zAstrIyavacanaM saphalam abhavat, ibrAhIm paramEzvarE vizvasitavAn tacca tasya puNyAyAgaNyata sa cEzvarasya mitra iti nAma labdhavAn|
3b02180043	pazyata mAnavaH karmmabhyaH sapuNyIkriyatE na caikAkinA pratyayEna|
3b0219006a	tadvad yA rAhabnAmikA vArAgganA cArAn anugRhyAparENa mArgENa visasarja sApi kiM karmmabhyO na sapuNyIkRtA?
3b021a004c	ataEvAtmahInO dEhO yathA mRtO'sti tathaiva karmmahInaH pratyayO'pi mRtO'sti|
3b03010067	hE mama bhrAtaraH, zikSakairasmAbhi rgurutaradaNPO lapsyata iti jnjAtvA yUyam anEkE zikSakA mA bhavata|
3b0302007c	yataH sarvvE vayaM bahuviSayESu skhalAmaH, yaH kazcid vAkyE na skhalati sa siddhapuruSaH kRtsnaM vazIkarttuM samarthazcAsti|
3b03030065	pazyata vayam azvAn vazIkarttuM tESAM vaktrESu khalInAn nidhAya tESAM kRtsnaM zarIram anuvarttayAmaH|
3b03040095	pazyata yE pOtA atIva bRhadAkArAH pracaNPavAtaizca cAlitAstE'pi karNadhArasya manO'bhimatAd atikSudrENa karNEna vAnjchitaM sthAnaM pratyanuvarttantE|
3b03050068	tadvad rasanApi kSudratarAggaM santI darpavAkyAni bhASatE| pazya kIdRgmahAraNyaM dahyatE 'lpEna vahninA|
3b030600a9	rasanApi bhavEd vahniradharmmarUpapiSTapE| asmadaggESu rasanA tAdRzaM santiSThati sA kRtsnaM dEhaM kalagkayati sRSTirathasya cakraM prajvalayati narakAnalEna jvalati ca|
3b03070063	pazupakSyurOgajalacarANAM sarvvESAM svabhAvO damayituM zakyatE mAnuSikasvabhAvEna damayAnjcakrE ca|
3b03080062	kintu mAnavAnAM kEnApi jihvA damayituM na zakyatE sA na nivAryyam aniSTaM halAhalaviSENa pUrNA ca|
3b0309005b	tayA vayaM pitaram IzvaraM dhanyaM vadAmaH, tayA cEzvarasya sAdRzyE sRSTAn mAnavAn zapAmaH|
3b030a0058	EkasmAd vadanAd dhanyavAdazApau nirgacchataH| hE mama bhrAtaraH, EtAdRzaM na karttavyaM|
3b030b0043	prasravaNaH kim EkasmAt chidrAt miSTaM tiktanjca tOyaM nirgamayati?
3b030c00a5	hE mama bhrAtaraH, uPumbarataruH kiM jitaphalAni drAkSAlatA vA kim uPumbaraphalAni phalituM zaknOti? tadvad EkaH prasravaNO lavaNamiSTE tOyE nirgamayituM na zaknOti|
3b030d006f	yuSmAkaM madhyE jnjAnI subOdhazca ka AstE? tasya karmmANi jnjAnamUlakamRdutAyuktAnIti sadAcArAt sa pramANayatu|
3b030e0083	kintu yuSmadantaHkaraNamadhyE yadi tiktErSyA vivAdEcchA ca vidyatE tarhi satyamatasya viruddhaM na zlAghadhvaM nacAnRtaM kathayata|
3b030f0049	tAdRzaM jnjAnam UrddhvAd AgataM nahi kintu pArthivaM zarIri bhautikanjca|
3b03100059	yatO hEtOrIrSyA vivAdEcchA ca yatra vEdyEtE tatraiva kalahaH sarvvaM duSkRtanjca vidyatE|
3b03110099	kintUrddhvAd AgataM yat jnjAnaM tat prathamaM zuci tataH paraM zAntaM kSAntam AzusandhEyaM dayAdisatphalaiH paripUrNam asandigdhaM niSkapaTanjca bhavati|
3b0312002c	zAntyAcAribhiH zAntyA dharmmaphalaM rOpyatE|
3b0401006a	yuSmAkaM madhyE samarA raNazca kuta utpadyantE? yuSmadaggazibirAzritAbhyaH sukhEcchAbhyaH kiM nOtpadyantE?
3b040200c3	yUyaM vAnjchatha kintu nApnutha, yUyaM narahatyAm IrSyAnjca kurutha kintu kRtArthA bhavituM na zaknutha, yUyaM yudhyatha raNaM kurutha ca kintvaprAptAstiSThatha, yatO hEtOH prArthanAM na kurutha|
3b0403005e	yUyaM prArthayadhvE kintu na labhadhvE yatO hEtOH svasukhabhOgESu vyayArthaM ku prArthayadhvE|
3b040400c1	hE vyabhicAriNO vyabhicAriNyazca, saMsArasya yat maitryaM tad Izvarasya zAtravamiti yUyaM kiM na jAnItha? ata Eva yaH kazcit saMsArasya mitraM bhavitum abhilaSati sa EvEzvarasya zatru rbhavati|
3b04050076	yUyaM kiM manyadhvE? zAstrasya vAkyaM kiM phalahInaM bhavEt? asmadantarvAsI ya AtmA sa vA kim IrSyArthaM prEma karOti?
3b0406009b	tannahi kintu sa pratulaM varaM vitarati tasmAd uktamAstE yathA, AtmAbhimAnalOkAnAM vipakSO bhavatIzvaraH| kintu tEnaiva namrEbhyaH prasAdAd dIyatE varaH||
3b04070057	ataEva yUyam Izvarasya vazyA bhavata zayatAnaM saMrundha tEna sa yuSmattaH palAyiSyatE|
3b040800ae	Izvarasya samIpavarttinO bhavata tEna sa yuSmAkaM samIpavarttI bhaviSyati| hE pApinaH, yUyaM svakarAn pariSkurudhvaM| hE dvimanOlOkAH, yUyaM svAntaHkaraNAni zucIni kurudhvaM|
3b04090061	yUyam udvijadhvaM zOcata vilapata ca, yuSmAkaM hAsaH zOkAya, Anandazca kAtaratAyai parivarttEtAM|
3b040a003e	prabhOH samakSaM namrA bhavata tasmAt sa yuSmAn uccIkariSyati|
3b040b00fb	hE bhrAtaraH, yUyaM parasparaM mA dUSayata| yaH kazcid bhrAtaraM dUSayati bhrAtu rvicAranjca karOti sa vyavasthAM dUSayati vyavasthAyAzca vicAraM karOti| tvaM yadi vyavasthAyA vicAraM karOSi tarhi vyavasthApAlayitA na bhavasi kintu vicArayitA bhavasi|
3b040c007b	advitIyO vyavasthApakO vicArayitA ca sa EvAstE yO rakSituM nAzayitunjca pArayati| kintu kastvaM yat parasya vicAraM karOSi?
3b040d008f	adya zvO vA vayam amukanagaraM gatvA tatra varSamEkaM yApayantO vANijyaM kariSyAmaH lAbhaM prApsyAmazcEti kathAM bhASamANA yUyam idAnIM zRNuta|
3b040e008e	zvaH kiM ghaTiSyatE tad yUyaM na jAnItha yatO jIvanaM vO bhavEt kIdRk tattu bASpasvarUpakaM, kSaNamAtraM bhavEd dRzyaM lupyatE ca tataH paraM|
3b040f0072	tadanuktvA yuSmAkam idaM kathanIyaM prabhOricchAtO vayaM yadi jIvAmastarhyEtat karmma tat karmma vA kariSyAma iti|
3b04100059	kintvidAnIM yUyaM garvvavAkyaiH zlAghanaM kurudhvE tAdRzaM sarvvaM zlAghanaM kutsitamEva|
3b04110049	atO yaH kazcit satkarmma karttaM viditvA tanna karOti tasya pApaM jAyatE|
3b0501005a	hE dhanavantaH, yUyam idAnIM zRNuta yuSmAbhirAgamiSyatklEzahEtOH krandyatAM vilapyatAnjca|
3b0502002f	yuSmAkaM draviNaM jIrNaM kITabhuktAH sucElakAH|
3b050300b4	kanakaM rajatanjcApi vikRtiM pragamiSyati, tatkalagkazca yuSmAkaM pApaM pramANayiSyati, hutAzavacca yuSmAkaM pizitaM khAdayiSyati| ittham antimaghasrESu yuSmAbhiH sanjcitaM dhanaM|
3b050400c3	pazyata yaiH kRSIvalai ryuSmAkaM zasyAni chinnAni tEbhyO yuSmAbhi ryad vEtanaM chinnaM tad uccai rdhvaniM karOti tESAM zasyacchEdakAnAm ArttarAvaH sEnApatEH paramEzvarasya karNakuharaM praviSTaH|
3b0505006f	yUyaM pRthivyAM sukhabhOgaM kAmukatAnjcAritavantaH, mahAbhOjasya dina iva nijAntaHkaraNAni paritarpitavantazca|
3b0506005c	aparanjca yuSmAbhi rdhArmmikasya daNPAjnjA hatyA cAkAri tathApi sa yuSmAn na pratiruddhavAn|
3b050700c2	hE bhrAtaraH, yUyaM prabhOrAgamanaM yAvad dhairyyamAlambadhvaM| pazyata kRSivalO bhUmE rbahumUlyaM phalaM pratIkSamANO yAvat prathamam antimanjca vRSTijalaM na prApnOti tAvad dhairyyam AlambatE|
3b05080066	yUyamapi dhairyyamAlambya svAntaHkaraNAni sthirIkuruta, yataH prabhOrupasthitiH samIpavarttinyabhavat|
3b05090073	hE bhrAtaraH, yUyaM yad daNPyA na bhavEta tadarthaM parasparaM na glAyata, pazyata vicArayitA dvArasamIpE tiSThati|
3b050a007c	hE mama bhrAtaraH, yE bhaviSyadvAdinaH prabhO rnAmnA bhASitavantastAn yUyaM duHkhasahanasya dhairyyasya ca dRSTAntAn jAnIta|
3b050b008e	pazyata dhairyyazIlA asmAbhi rdhanyA ucyantE| AyUbO dhairyyaM yuSmAbhirazrAvi prabhOH pariNAmazcAdarzi yataH prabhu rbahukRpaH sakaruNazcAsti|
3b050c00d6	hE bhrAtaraH vizESata idaM vadAmi svargasya vA pRthivyA vAnyavastunO nAma gRhItvA yuSmAbhiH kO'pi zapathO na kriyatAM, kintu yathA daNPyA na bhavata tadarthaM yuSmAkaM tathaiva tannahi cEtivAkyaM yathESTaM bhavatu|
3b050d0060	yuSmAkaM kazcid duHkhI bhavati? sa prArthanAM karOtu| kazcid vAnanditO bhavati? sa gItaM gAyatu|
3b050e007f	yuSmAkaM kazcit pIPitO 'sti? sa samitEH prAcInAn AhvAtu tE ca pabhO rnAmnA taM tailEnAbhiSicya tasya kRtE prArthanAM kurvvantu|
3b050f0082	tasmAd vizvAsajAtaprArthanayA sa rOgI rakSAM yAsyati prabhuzca tam utthApayiSyati yadi ca kRtapApO bhavEt tarhi sa taM kSamiSyatE|
3b0510009d	yUyaM parasparam aparAdhAn aggIkurudhvam ArOgyaprAptyarthanjcaikajanO 'nyasya kRtE prArthanAM karOtu dhArmmikasya sayatnA prArthanA bahuzaktiviziSTA bhavati|
3b05110088	ya EliyO vayamiva sukhaduHkhabhOgI marttya AsIt sa prArthanayAnAvRSTiM yAcitavAn tEna dEzE sArddhavatsaratrayaM yAvad vRSTi rna babhUva|
3b0512005c	pazcAt tEna punaH prArthanAyAM kRtAyAm AkAzastOyAnyavarSIt pRthivI ca svaphalAni prArOhayat|
3b05130053	hE bhrAtaraH, yuSmAkaM kasmiMzcit satyamatAd bhraSTE yadi kazcit taM parAvarttayati
3b0514007c	tarhi yO janaH pApinaM vipathabhramaNAt parAvarttayati sa tasyAtmAnaM mRtyuta uddhariSyati bahupApAnyAvariSyati cEti jAnAtu|
3c00000009	1 pitaraH
3c0101004a	panta-gAlAtiyA-kappadakiyA-AziyA-bithuniyAdEzESu pravAsinO yE vikIrNalOkAH
3c010200d5	piturIzvarasya pUrvvanirNayAd AtmanaH pAvanEna yIzukhrISTasyAjnjAgrahaNAya zONitaprOkSaNAya cAbhirucitAstAn prati yIzukhrISTasya prEritaH pitaraH patraM likhati| yuSmAn prati bAhulyEna zAntiranugrahazca bhUyAstAM|
3c01030091	asmAkaM prabhO ryIzukhrISTasya tAta IzvarO dhanyaH, yataH sa svakIyabahukRpAtO mRtagaNamadhyAd yIzukhrISTasyOtthAnEna jIvanapratyAzArtham arthatO
3c01040075	'kSayaniSkalagkAmlAnasampattiprAptyartham asmAn puna rjanayAmAsa| sA sampattiH svargE 'smAkaM kRtE sanjcitA tiSThati,
3c0105004f	yUyanjcEzvarasya zaktitaH zESakAlE prakAzyaparitrANArthaM vizvAsEna rakSyadhvE|
3c01060085	tasmAd yUyaM yadyapyAnandEna praphullA bhavatha tathApi sAmprataM prayOjanahEtOH kiyatkAlaparyyantaM nAnAvidhaparIkSAbhiH klizyadhvE|
3c010700cd	yatO vahninA yasya parIkSA bhavati tasmAt nazvarasuvarNAdapi bahumUlyaM yuSmAkaM vizvAsarUpaM yat parIkSitaM svarNaM tEna yIzukhrISTasyAgamanasamayE prazaMsAyAH samAdarasya gauravasya ca yOgyatA prAptavyA|
3c0108009a	yUyaM taM khrISTam adRSTvApi tasmin prIyadhvE sAmprataM taM na pazyantO'pi tasmin vizvasantO 'nirvvacanIyEna prabhAvayuktEna cAnandEna praphullA bhavatha,
3c0109003c	svavizvAsasya pariNAmarUpam AtmanAM paritrANaM labhadhvE ca|
3c010a008f	yuSmAsu yO 'nugrahO varttatE tadviSayE ya IzvarIyavAkyaM kathitavantastE bhaviSyadvAdinastasya paritrANasyAnvESaNam anusandhAnanjca kRtavantaH|
3c010b00b8	vizESatastESAmantarvvAsI yaH khrISTasyAtmA khrISTE varttiSyamANAni duHkhAni tadanugAmiprabhAvanjca pUrvvaM prAkAzayat tEna kaH kIdRzO vA samayO niradizyataitasyAnusandhAnaM kRtavantaH|
3c010c010e	tatastai rviSayaistE yanna svAn kintvasmAn upakurvvantyEtat tESAM nikaTE prAkAzyata| yAMzca tAn viSayAn divyadUtA apyavanatazirasO nirIkSitum abhilaSanti tE viSayAH sAmprataM svargAt prESitasya pavitrasyAtmanaH sahAyyAd yuSmatsamIpE susaMvAdapracArayitRbhiH prAkAzyanta|
3c010d0092	ataEva yUyaM manaHkaTibandhanaM kRtvA prabuddhAH santO yIzukhrISTasya prakAzasamayE yuSmAsu varttiSyamAnasyAnugrahasya sampUrNAM pratyAzAM kuruta|
3c010e0071	aparaM pUrvvIyAjnjAnatAvasthAyAH kutsitAbhilASANAM yOgyam AcAraM na kurvvantO yuSmadAhvAnakArI yathA pavitrO 'sti
3c010f0045	yUyamapyAjnjAgrAhisantAnA iva sarvvasmin AcArE tAdRk pavitrA bhavata|
3c0110003f	yatO likhitam AstE, yUyaM pavitrAstiSThata yasmAdahaM pavitraH|
3c0111009c	aparanjca yO vinApakSapAtam EkaikamAnuSasya karmmAnusArAd vicAraM karOti sa yadi yuSmAbhistAta AkhyAyatE tarhi svapravAsasya kAlO yuSmAbhi rbhItyA yApyatAM|
3c0112004d	yUyaM nirarthakAt paitRkAcArAt kSayaNIyai rUpyasuvarNAdibhi rmuktiM na prApya
3c01130062	niSkalagkanirmmalamESazAvakasyEva khrISTasya bahumUlyEna rudhirENa muktiM prAptavanta iti jAnItha|
3c01140061	sa jagatO bhittimUlasthApanAt pUrvvaM niyuktaH kintu caramadinESu yuSmadarthaM prakAzitO 'bhavat|
3c01150080	yatastEnaiva mRtagaNAt tasyOtthApayitari tasmai gauravadAtari cEzvarE vizvasitha tasmAd IzvarE yuSmAkaM vizvAsaH pratyAzA cAstE|
3c0116008b	yUyam AtmanA satyamatasyAjnjAgrahaNadvArA niSkapaTAya bhrAtRprEmnE pAvitamanasO bhUtvA nirmmalAntaHkaraNaiH parasparaM gAPhaM prEma kuruta|
3c01170081	yasmAd yUyaM kSayaNIyavIryyAt nahi kintvakSayaNIyavIryyAd Izvarasya jIvanadAyakEna nityasthAyinA vAkyEna punarjanma gRhItavantaH|
3c01180056	sarvvaprANI tRNaistulyastattEjastRNapuSpavat| tRNAni parizuSyati puSpANi nipatanti ca|
3c01190065	kintu vAkyaM parEzasyAnantakAlaM vitiSThatE| tadEva ca vAkyaM susaMvAdEna yuSmAkam antikE prakAzitaM|
3c0201004e	sarvvAn dvESAn sarvvAMzca chalAn kApaTyAnIrSyAH samastaglAnikathAzca dUrIkRtya
3c0202005c	yuSmAbhiH paritrANAya vRddhiprAptyarthaM navajAtazizubhiriva prakRtaM vAgdugdhaM pipAsyatAM|
3c02030036	yataH prabhu rmadhura EtasyAsvAdaM yUyaM prAptavantaH|
3c02040073	aparaM mAnuSairavajnjAtasya kintvIzvarENAbhirucitasya bahumUlyasya jIvatprastarasyEva tasya prabhOH sannidhim AgatA
3c0205008c	yUyamapi jIvatprastarA iva nicIyamAnA AtmikamandiraM khrISTEna yIzunA cEzvaratOSakANAm AtmikabalInAM dAnArthaM pavitrO yAjakavargO bhavatha|
3c020600ab	yataH zAstrE likhitamAstE, yathA, pazya pASANa EkO 'sti sIyOni sthApitO mayA| mukhyakONasya yOgyaH sa vRtazcAtIva mUlyavAn| yO janO vizvasEt tasmin sa lajjAM na gamiSyati|
3c020700b6	vizvAsinAM yuSmAkamEva samIpE sa mUlyavAn bhavati kintvavizvAsinAM kRtE nicEtRbhiravajnjAtaH sa pASANaH kONasya bhittimUlaM bhUtvA bAdhAjanakaH pASANaH skhalanakArakazca zailO jAtaH|
3c0208003b	tE cAvizvAsAd vAkyEna skhalanti skhalanE ca niyuktAH santi|
3c020900ac	kintu yUyaM yEnAndhakAramadhyAt svakIyAzcaryyadIptimadhyam AhUtAstasya guNAn prakAzayitum abhirucitO vaMzO rAjakIyO yAjakavargaH pavitrA jAtiradhikarttavyAH prajAzca jAtAH|
3c020a0082	pUrvvaM yUyaM tasya prajA nAbhavata kintvidAnIm Izvarasya prajA AdhvE| pUrvvam ananukampitA abhavata kintvidAnIm anukampitA AdhvE|
3c020b008a	hE priyatamAH, yUyaM pravAsinO vidEzinazca lOkA iva manasaH prAtikUlyEna yOdhibhyaH zArIrikasukhAbhilASEbhyO nivarttadhvam ityahaM vinayE|
3c020c00b9	dEvapUjakAnAM madhyE yuSmAkam AcAra Evam uttamO bhavatu yathA tE yuSmAn duSkarmmakArilOkAniva puna rna nindantaH kRpAdRSTidinE svacakSurgOcarIyasatkriyAbhya Izvarasya prazaMsAM kuryyuH|
3c020d0073	tatO hEtO ryUyaM prabhOranurOdhAt mAnavasRSTAnAM kartRtvapadAnAM vazIbhavata vizESatO bhUpAlasya yataH sa zrESThaH,
3c020e006a	dEzAdhyakSANAnjca yatastE duSkarmmakAriNAM daNPadAnArthaM satkarmmakAriNAM prazaMsArthanjca tEna prEritAH|
3c020f0068	itthaM nirbbOdhamAnuSANAm ajnjAnatvaM yat sadAcAribhi ryuSmAbhi rniruttarIkriyatE tad IzvarasyAbhimataM|
3c02100070	yUyaM svAdhInA ivAcarata tathApi duSTatAyA vESasvarUpAM svAdhInatAM dhArayanta iva nahi kintvIzvarasya dAsA iva|
3c02110055	sarvvAn samAdriyadhvaM bhrAtRvargE prIyadhvam IzvarAd bibhIta bhUpAlaM sammanyadhvaM|
3c0212006b	hE dAsAH yUyaM sampUrNAdarENa prabhUnAM vazyA bhavata kEvalaM bhadrANAM dayAlUnAnjca nahi kintvanRjUnAmapi|
3c0213004b	yatO 'nyAyEna duHkhabhOgakAla IzvaracintayA yat klEzasahanaM tadEva priyaM|
3c0214007d	pApaM kRtvA yuSmAkaM capETAghAtasahanEna kA prazaMsA? kintu sadAcAraM kRtvA yuSmAkaM yad duHkhasahanaM tadEvEzvarasya priyaM|
3c02150090	tadarthamEva yUyam AhUtA yataH khrISTO'pi yuSmannimittaM duHkhaM bhuktvA yUyaM yat tasya padacihnai rvrajEta tadarthaM dRSTAntamEkaM darzitavAn|
3c02160042	sa kimapi pApaM na kRtavAn tasya vadanE kApi chalasya kathA nAsIt|
3c02170083	ninditO 'pi san sa pratinindAM na kRtavAn duHkhaM sahamAnO 'pi na bhartsitavAn kintu yathArthavicArayituH samIpE svaM samarpitavAn|
3c0218008a	vayaM yat pApEbhyO nivRtya dharmmArthaM jIvAmastadarthaM sa svazarIrENAsmAkaM pApAni kruza UPhavAn tasya prahArai ryUyaM svasthA abhavata|
3c0219007a	yataH pUrvvaM yUyaM bhramaNakArimESA ivAdhvaM kintvadhunA yuSmAkam AtmanAM pAlakasyAdhyakSasya ca samIpaM pratyAvarttitAH|
3c03010064	hE yOSitaH, yUyamapi nijasvAminAM vazyA bhavata tathA sati yadi kEcid vAkyE vizvAsinO na santi tarhi
3c03020065	tE vinAvAkyaM yOSitAm AcArENArthatastESAM pratyakSENa yuSmAkaM sabhayasatItvAcArENAkraSTuM zakSyantE|
3c03030063	aparaM kEzaracanayA svarNAlagkAradhAraNOna paricchadaparidhAnEna vA yuSmAkaM vAhyabhUSA na bhavatu,
3c0304005a	kintvIzvarasya sAkSAd bahumUlyakSamAzAntibhAvAkSayaratnEna yuktO gupta AntarikamAnava Eva|
3c0305007c	yataH pUrvvakAlE yAH pavitrastriya IzvarE pratyAzAmakurvvan tA api tAdRzImEva bhUSAM dhArayantyO nijasvAminAM vazyA abhavan|
3c03060094	tathaiva sArA ibrAhImO vazyA satI taM patimAkhyAtavatI yUyanjca yadi sadAcAriNyO bhavatha vyAkulatayA ca bhItA na bhavatha tarhi tasyAH kanyA AdhvE|
3c030700bf	hE puruSAH, yUyaM jnjAnatO durbbalatarabhAjanairiva yOSidbhiH sahavAsaM kuruta, Ekasya jIvanavarasya sahabhAginIbhyatAbhyaH samAdaraM vitarata ca na cEd yuSmAkaM prArthanAnAM bAdhA janiSyatE|
3c03080067	vizESatO yUyaM sarvva EkamanasaH paraduHkhai rduHkhitA bhrAtRpramiNaH kRpAvantaH prItibhAvAzca bhavata|
3c03090088	aniSTasya parizOdhEnAniSTaM nindAyA vA parizOdhEna nindAM na kurvvanta AziSaM datta yatO yUyam AziradhikAriNO bhavitumAhUtA iti jAnItha|
3c030a0065	aparanjca, jIvanE prIyamANO yaH sudinAni didRkSatE| pApAt jihvAM mRSAvAkyAt svAdharau sa nivarttayEt|
3c030b0059	sa tyajEd duSTatAmArgaM satkriyAnjca samAcarEt| mRgayANazca zAntiM sa nityamEvAnudhAvatu|
3c030c0088	lOcanE paramEzasyOnmIlitE dhArmmikAn prati| prArthanAyAH kRtE tESAH tacchrOtrE sugamE sadA| krOdhAsyanjca parEzasya kadAcAriSu varttatE|
3c030d0048	aparaM yadi yUyam uttamasyAnugAminO bhavatha tarhi kO yuSmAn hiMsiSyatE?
3c030e0068	yadi ca dharmmArthaM klizyadhvaM tarhi dhanyA bhaviSyatha| tESAm AzagkayA yUyaM na bibhIta na vigkta vA|
3c030f00af	manObhiH kintu manyadhvaM pavitraM prabhumIzvaraM| aparanjca yuSmAkam AntarikapratyAzAyAstattvaM yaH kazcit pRcchati tasmai zAntibhItibhyAm uttaraM dAtuM sadA susajjA bhavata|
3c0310009b	yE ca khrISTadharmmE yuSmAkaM sadAcAraM dUSayanti tE duSkarmmakAriNAmiva yuSmAkam apavAdEna yat lajjitA bhavEyustadarthaM yuSmAkam uttamaH saMvEdO bhavatu|
3c0311006a	IzvarasyAbhimatAd yadi yuSmAbhiH klEzaH sOPhavyastarhi sadAcAribhiH klEzasahanaM varaM na ca kadAcAribhiH|
3c031200c5	yasmAd Izvarasya sannidhim asmAn AnEtum adhArmmikANAM vinimayEna dhArmmikaH khrISTO 'pyEkakRtvaH pApAnAM daNPaM bhuktavAn, sa ca zarIrasambandhE mAritaH kintvAtmanaH sambandhE puna rjIvitO 'bhavat|
3c03130051	tatsambandhE ca sa yAtrAM vidhAya kArAbaddhAnAm AtmanAM samIpE vAkyaM ghOSitavAn|
3c031400ad	purA nOhasya samayE yAvat pOtO niramIyata tAvad Izvarasya dIrghasahiSNutA yadA vyalambata tadA tE'nAjnjAgrAhiNO'bhavan| tEna pOtOnAlpE'rthAd aSTAvEva prANinastOyam uttIrNAH|
3c031500ae	tannidarzananjcAvagAhanaM (arthataH zArIrikamalinatAyA yastyAgaH sa nahi kintvIzvarAyOttamasaMvEdasya yA pratajnjA saiva) yIzukhrISTasya punarutthAnEnEdAnIm asmAn uttArayati,
3c03160066	yataH sa svargaM gatvEzvarasya dakSiNE vidyatE svargIyadUtAH zAsakA balAni ca tasya vazIbhUtA abhavan|
3c04010079	asmAkaM vinimayEna khrISTaH zarIrasambandhE daNPaM bhuktavAn atO hEtOH zarIrasambandhE yO daNPaM bhuktavAn sa pApAt mukta
3c0402008b	itibhAvEna yUyamapi susajjIbhUya dEhavAsasyAvaziSTaM samayaM punarmAnavAnAm icchAsAdhanArthaM nahi kintvIzvarasyEcchAsAdhanArthaM yApayata|
3c040300a2	AyuSO yaH samayO vyatItastasmin yuSmAbhi ryad dEvapUjakAnAm icchAsAdhanaM kAmakutsitAbhilASamadyapAnaraggarasamattatAghRNArhadEvapUjAcaraNanjcAkAri tEna bAhulyaM|
3c0404006a	yUyaM taiH saha tasmin sarvvanAzapagkE majjituM na dhAvatha, ityanEnAzcaryyaM vijnjAya tE yuSmAn nindanti|
3c04050054	kintu yO jIvatAM mRtAnAnjca vicAraM karttum udyatO'sti tasmai tairuttaraM dAyiSyatE|
3c0406009d	yatO hEtO ryE mRtAstESAM yat mAnavOddEzyaH zArIrikavicAraH kintvIzvarOddEzyam AtmikajIvanaM bhavat tadarthaM tESAmapi sannidhau susamAcAraH prakAzitO'bhavat|
3c0407005a	sarvvESAm antimakAla upasthitastasmAd yUyaM subuddhayaH prArthanArthaM jAgratazca bhavata|
3c0408005c	vizESataH parasparaM gAPhaM prEma kuruta, yataH, pApAnAmapi bAhulyaM prEmnaivAcchAdayiSyatE|
3c0409002b	kAtarOktiM vinA parasparam AtithyaM kRruta|
3c040a0078	yEna yO varO labdhastEnaiva sa param upakarOtR, itthaM yUyam Izvarasya bahuvidhaprasAdasyOttamA bhANPAgArAdhipA bhavata|
3c040b00de	yO vAkyaM kathayati sa Izvarasya vAkyamiva kathayatu yazca param upakarOti sa IzvaradattasAmarthyAdivOpakarOtu| sarvvaviSayE yIzukhrISTEnEzvarasya gauravaM prakAzyatAM tasyaiva gauravaM parAkramazca sarvvadA bhUyAt| AmEna|
3c040c006c	hE priyatamAH, yuSmAkaM parIkSArthaM yastApO yuSmAsu varttatE tam asambhavaghaTitaM matvA nAzcaryyaM jAnIta,
3c040d006d	kintu khrISTEna klEzAnAM sahabhAgitvAd Anandata tEna tasya pratApaprakAzE'pyAnanandEna praphullA bhaviSyatha|
3c040e00b1	yadi khrISTasya nAmahEtunA yuSmAkaM nindA bhavati tarhi yUyaM dhanyA yatO gauravadAyaka IzvarasyAtmA yuSmAsvadhitiSThati tESAM madhyE sa nindyatE kintu yuSmanmadhyE prazaMsyatE|
3c040f0062	kintu yuSmAkaM kO'pi hantA vA cairO vA duSkarmmakRd vA parAdhikAracarccaka iva daNPaM na bhugktAM|
3c0410005b	yadi ca khrISTIyAna iva daNPaM bhugktE tarhi sa na lajjamAnastatkAraNAd IzvaraM prazaMsatu|
3c04110080	yatO vicArasyArambhasamayE Izvarasya mandirE yujyatE yadi cAsmatsvArabhatE tarhIzvarIyasusaMvAdAgrAhiNAM zESadazA kA bhaviSyati?
3c0412005f	dhArmmikEnApi cEt trANam atikRcchrENa gamyatE| tarhyadhArmmikapApibhyAm AzrayaH kutra lapsyatE|
3c04130069	ata IzvarEcchAtO yE duHkhaM bhunjjatE tE sadAcArENa svAtmAnO vizvAsyasraSTurIzvasya karAbhyAM nidadhatAM|
3c0501006b	khrISTasya klEzAnAM sAkSI prakAziSyamANasya pratApasyAMzI prAcInazcAhaM yuSmAkaM prAcInAn vinIyEdaM vadAmi|
3c050200a0	yuSmAkaM madhyavarttI ya Izvarasya mESavRndO yUyaM taM pAlayata tasya vIkSaNaM kuruta ca, AvazyakatvEna nahi kintu svEcchAtO na va kulObhEna kintvicchukamanasA|
3c05030053	aparam aMzAnAm adhikAriNa iva na prabhavata kintu vRndasya dRSTAntasvarUpA bhavata|
3c05040046	tEna pradhAnapAlaka upasthitE yUyam amlAnaM gauravakirITaM lapsyadhvE|
3c050500d2	hE yuvAnaH, yUyamapi prAcInalOkAnAM vazyA bhavata sarvvE ca sarvvESAM vazIbhUya namratAbharaNEna bhUSitA bhavata, yataH, AtmAbhimAnilOkAnAM vipakSO bhavatIzvaraH| kintu tEnaiva namrEbhyaH prasAdAd dIyatE varaH|
3c05060063	atO yUyam Izvarasya balavatkarasyAdhO namrIbhUya tiSThata tEna sa ucitasamayE yuSmAn uccIkariSyati|
3c05070044	yUyaM sarvvacintAM tasmin nikSipata yataH sa yuSmAn prati cintayati|
3c05080088	yUyaM prabuddhA jAgratazca tiSThata yatO yuSmAkaM prativAdI yaH zayatAnaH sa garjjanakArI siMha iva paryyaTan kaM grasiSyAmIti mRgayatE,
3c0509007a	atO vizvAsE susthirAstiSThantastEna sArddhaM yudhyata, yuSmAkaM jagannivAsibhrAtRSvapi tAdRzAH klEzA varttanta iti jAnIta|
3c050a00b3	kSaNikaduHkhabhOgAt param asmabhyaM khrISTEna yIzunA svakIyAnantagauravadAnArthaM yO'smAn AhUtavAn sa sarvvAnugrAhIzvaraH svayaM yuSmAn siddhAn sthirAn sabalAn nizcalAMzca karOtu|
3c050b0039	tasya gauravaM parAkramazcAnantakAlaM yAvad bhUyAt| AmEn|
3c050c00b7	yaH silvAnO (manyE) yuSmAkaM vizvAsyO bhrAtA bhavati tadvArAhaM saMkSEpENa likhitvA yuSmAn vinItavAn yUyanjca yasmin adhitiSThatha sa EvEzvarasya satyO 'nugraha iti pramANaM dattavAn|
3c050d0064	yuSmAbhiH sahAbhirucitA yA samiti rbAbili vidyatE sA mama putrO mArkazca yuSmAn namaskAraM vEdayati|
3c050e0068	yUyaM prEmacumbanEna parasparaM namaskuruta| yIzukhrISTAzritAnAM yuSmAkaM sarvvESAM zAnti rbhUyAt| AmEn|
3d00000009	2 pitaraH
3d010100b7	yE janA asmAbhiH sArddham astadIzvarE trAtari yIzukhrISTE ca puNyasambalitavizvAsadhanasya samAnAMzitvaM prAptAstAn prati yIzukhrISTasya dAsaH prEritazca zimOn pitaraH patraM likhati|
3d01020058	IzvarasyAsmAkaM prabhO ryIzOzca tatvajnjAnEna yuSmAsvanugrahazAntyO rbAhulyaM varttatAM|
3d0103009d	jIvanArtham Izvarabhaktyarthanjca yadyad AvazyakaM tat sarvvaM gauravasadguNAbhyAm asmadAhvAnakAriNastattvajnjAnadvArA tasyEzvarIyazaktirasmabhyaM dattavatI|
3d010400af	tatsarvvENa cAsmabhyaM tAdRzA bahumUlyA mahApratijnjA dattA yAbhi ryUyaM saMsAravyAptAt kutsitAbhilASamUlAt sarvvanAzAd rakSAM prApyEzvarIyasvabhAvasyAMzinO bhavituM zaknutha|
3d0105004c	tatO hEtO ryUyaM sampUrNaM yatnaM vidhAya vizvAsE saujanyaM saujanyE jnjAnaM
3d01060047	jnjAna AyatEndriyatAm AyatEndriyatAyAM dhairyyaM dhairyya Izvarabhaktim
3d0107002a	Izvarabhaktau bhrAtRsnEhE ca prEma yugkta|
3d01080085	EtAni yadi yuSmAsu vidyantE varddhantE ca tarhyasmatprabhO ryIzukhrISTasya tattvajnjAnE yuSmAn alasAn niSphalAMzca na sthApayiSyanti|
3d01090067	kintvEtAni yasya na vidyantE sO 'ndhO mudritalOcanaH svakIyapUrvvapApAnAM mArjjanasya vismRtiM gatazca|
3d010a006e	tasmAd hE bhrAtaraH, yUyaM svakIyAhvAnavaraNayO rdRPhakaraNE bahu yatadhvaM, tat kRtvA kadAca na skhaliSyatha|
3d010b006c	yatO 'nEna prakArENAsmAkaM prabhOstrAtR ryIzukhrISTasyAnantarAjyasya pravEzEna yUyaM sukalEna yOjayiSyadhvE|
3d010c0091	yadyapi yUyam Etat sarvvaM jAnItha varttamAnE satyamatE susthirA bhavatha ca tathApi yuSmAn sarvvadA tat smArayitum aham ayatnavAn na bhaviSyAmi|
3d010d004f	yAvad Etasmin dUSyE tiSThAmi tAvad yuSmAn smArayan prabOdhayituM vihitaM manyE|
3d010e006f	yatO 'smAkaM prabhu ryIzukhrISTO mAM yat jnjApitavAn tadanusArAd dUSyamEtat mayA zIghraM tyaktavyam iti jAnAmi|
3d010f0059	mama paralOkagamanAt paramapi yUyaM yadEtAni smarttuM zakSyatha tasmin sarvvathA yatiSyE|
3d011000bc	yatO 'smAkaM prabhO ryIzukhrISTasya parAkramaM punarAgamananjca yuSmAn jnjApayantO vayaM kalpitAnyupAkhyAnAnyanvagacchAmEti nahi kintu tasya mahimnaH pratyakSasAkSiNO bhUtvA bhASitavantaH|
3d011100b1	yataH sa piturIzvarAd gauravaM prazaMsAnjca prAptavAn vizESatO mahimayuktatEjOmadhyAd EtAdRzI vANI taM prati nirgatavatI, yathA, ESa mama priyaputra Etasmin mama paramasantOSaH|
3d01120050	svargAt nirgatEyaM vANI pavitraparvvatE tEna sArddhaM vidyamAnairasmAbhirazrAvi|
3d011300db	aparam asmatsamIpE dRPhataraM bhaviSyadvAkyaM vidyatE yUyanjca yadi dinArambhaM yuSmanmanaHsu prabhAtIyanakSatrasyOdayanjca yAvat timiramayE sthAnE jvalantaM pradIpamiva tad vAkyaM sammanyadhvE tarhi bhadraM kariSyatha|
3d01140067	zAstrIyaM kimapi bhaviSyadvAkyaM manuSyasya svakIyabhAvabOdhakaM nahi, Etad yuSmAbhiH samyak jnjAyatAM|
3d01150085	yatO bhaviSyadvAkyaM purA mAnuSANAm icchAtO nOtpannaM kintvIzvarasya pavitralOkAH pavitrENAtmanA pravarttitAH santO vAkyam abhASanta|
3d020100fc	aparaM pUrvvakAlE yathA lOkAnAM madhyE mithyAbhaviSyadvAdina upAtiSThan tathA yuSmAkaM madhyE'pi mithyAzikSakA upasthAsyanti, tE svESAM krEtAraM prabhum anaggIkRtya satvaraM vinAzaM svESu varttayanti vinAzakavaidharmmyaM guptaM yuSmanmadhyam AnESyanti|
3d02020053	tatO 'nEkESu tESAM vinAzakamArgaM gatESu tEbhyaH satyamArgasya nindA sambhaviSyati|
3d02030084	aparanjca tE lObhAt kApaTyavAkyai ryuSmattO lAbhaM kariSyantE kintu tESAM purAtanadaNPAjnjA na vilambatE tESAM vinAzazca na nidrAti|
3d0204005d	IzvaraH kRtapApAn dUtAn na kSamitvA timirazRgkhalaiH pAtAlE ruddhvA vicArArthaM samarpitavAn|
3d02050088	purAtanaM saMsAramapi na kSamitvA taM duSTAnAM saMsAraM jalAplAvanEna majjayitvA saptajanaiH sahitaM dharmmapracArakaM nOhaM rakSitavAn|
3d02060067	sidOmam amOrA cEtinAmakE nagarE bhaviSyatAM duSTAnAM dRSTAntaM vidhAya bhasmIkRtya vinAzEna daNPitavAn;
3d02070052	kintu taiH kutsitavyabhicAribhi rduSTAtmabhiH kliSTaM dhArmmikaM lOTaM rakSitavAn|
3d02080084	sa dhArmmikO janastESAM madhyE nivasan svIyadRSTizrOtragOcarEbhyastESAm adharmmAcArEbhyaH svakIyadhArmmikamanasi dinE dinE taptavAn|
3d02090062	prabhu rbhaktAn parIkSAd uddharttuM vicAradinanjca yAvad daNPyAmAnAn adhArmmikAn rOddhuM pArayati,
3d020a008b	vizESatO yE 'mEdhyAbhilASAt zArIrikasukham anugacchanti kartRtvapadAni cAvajAnanti tAnEva (rOddhuM pArayati|) tE duHsAhasinaH pragalbhAzca|
3d020b009f	aparaM balagauravAbhyAM zrESThA divyadUtAH prabhOH sannidhau yESAM vaiparItyEna nindAsUcakaM vicAraM na kurvvanti tESAm uccapadasthAnAM nindanAd imE na bhItAH|
3d020c00be	kintu yE buddhihInAH prakRtA jantavO dharttavyatAyai vinAzyatAyai ca jAyantE tatsadRzA imE yanna budhyantE tat nindantaH svakIyavinAzyatayA vinaMkSyanti svIyAdharmmasya phalaM prApsyanti ca|
3d020d008d	tE divA prakRSTabhOjanaM sukhaM manyantE nijachalaiH sukhabhOginaH santO yuSmAbhiH sArddhaM bhOjanaM kurvvantaH kalagkinO dOSiNazca bhavanti|
3d020e006e	tESAM lOcanAni paradArAkAgkSINi pApE cAzrAntAni tE canjcalAni manAMsi mOhayanti lObhE tatparamanasaH santi ca|
3d020f009b	tE zApagrastA vaMzAH saralamArgaM vihAya biyOraputrasya biliyamasya vipathEna vrajantO bhrAntA abhavan| sa biliyamO 'pyadharmmAt prApyE pAritOSikE'prIyata,
3d02100080	kintu nijAparAdhAd bhartsanAm alabhata yatO vacanazaktihInaM vAhanaM mAnuSikagiram uccAryya bhaviSyadvAdina unmattatAm abAdhata|
3d02110072	imE nirjalAni prasravaNAni pracaNPavAyunA cAlitA mEghAzca tESAM kRtE nityasthAyI ghOratarAndhakAraH sanjcitO 'sti|
3d02120085	yE ca janA bhrAntyAcArigaNAt kRcchrENOddhRtAstAn imE 'parimitadarpakathA bhASamANAH zArIrikasukhAbhilASaiH kAmakrIPAbhizca mOhayanti|
3d02130075	tEbhyaH svAdhInatAM pratijnjAya svayaM vinAzyatAyA dAsA bhavanti, yataH, yO yEnaiva parAjigyE sa jAtastasya kigkaraH|
3d02140094	trAtuH prabhO ryIzukhrISTasya jnjAnEna saMsArasya malEbhya uddhRtA yE punastESu nimajjya parAjIyantE tESAM prathamadazAtaH zESadazA kutsitA bhavati|
3d02150072	tESAM pakSE dharmmapathasya jnjAnAprApti rvaraM na ca nirddiSTAt pavitravidhimArgAt jnjAnaprAptAnAM parAvarttanaM|
3d0216009e	kintu yEyaM satyA dRSTAntakathA saiva tESu phalitavatI, yathA, kukkuraH svIyavAntAya vyAvarttatE punaH punaH| luThituM karddamE tadvat kSAlitazcaiva zUkaraH||
3d03010095	hE priyatamAH, yUyaM yathA pavitrabhaviSyadvaktRbhiH pUrvvOktAni vAkyAni trAtrA prabhunA prEritAnAm asmAkam AdEzanjca sAratha tathA yuSmAn smArayitvA
3d03020046	yuSmAkaM saralabhAvaM prabOdhayitum ahaM dvitIyam idaM patraM likhAmi|
3d0303004f	prathamaM yuSmAbhiridaM jnjAyatAM yat zESE kAlE svEcchAcAriNO nindakA upasthAya
3d0304008c	vadiSyanti prabhOrAgamanasya pratijnjA kutra? yataH pitRlOkAnAM mahAnidrAgamanAt paraM sarvvANi sRSTErArambhakAlE yathA tathaivAvatiSThantE|
3d0305007a	pUrvvam Izvarasya vAkyEnAkAzamaNPalaM jalAd utpannA jalE santiSThamAnA ca pRthivyavidyataitad anicchukatAtastE na jAnAnti,
3d03060032	tatastAtkAlikasaMsArO jalEnAplAvitO vinAzaM gataH|
3d0307007e	kintvadhunA varttamAnE AkAzabhUmaNPalE tEnaiva vAkyEna vahnyarthaM guptE vicAradinaM duSTamAnavAnAM vinAzanjca yAvad rakSyatE|
3d03080083	hE priyatamAH, yUyam EtadEkaM vAkyam anavagatA mA bhavata yat prabhOH sAkSAd dinamEkaM varSasahasravad varSasahasranjca dinaikavat|
3d030900c8	kEcid yathA vilambaM manyantE tathA prabhuH svapratijnjAyAM vilambatE tannahi kintu kO'pi yanna vinazyEt sarvvaM Eva manaHparAvarttanaM gacchEyurityabhilaSan sO 'smAn prati dIrghasahiSNutAM vidadhAti|
3d030a00af	kintu kSapAyAM caura iva prabhO rdinam AgamiSyati tasmin mahAzabdEna gaganamaNPalaM lOpsyatE mUlavastUni ca tApEna galiSyantE pRthivI tanmadhyasthitAni karmmANi ca dhakSyantE|
3d030b0070	ataH sarvvairEtai rvikArE gantavyE sati yasmin AkAzamaNPalaM dAhEna vikAriSyatE mUlavastUni ca tApEna galiSyantE
3d030c0079	tasyEzvaradinasyAgamanaM pratIkSamANairAkAgkSamANaizca yUSmAbhi rdharmmAcArEzvarabhaktibhyAM kIdRzai rlOkai rbhavitavyaM?
3d030d0077	tathApi vayaM tasya pratijnjAnusArENa dharmmasya vAsasthAnaM nUtanam AkAzamaNPalaM nUtanaM bhUmaNPalanjca pratIkSAmahE|
3d030e0077	ataEva hE priyatamAH, tAni pratIkSamANA yUyaM niSkalagkA aninditAzca bhUtvA yat zAntyAzritAstiSThathaitasmin yatadhvaM|
3d030f00a3	asmAkaM prabhO rdIrghasahiSNutAnjca paritrANajanikAM manyadhvaM| asmAkaM priyabhrAtrE paulAya yat jnjAnam adAyi tadanusArENa sO'pi patrE yuSmAn prati tadEvAlikhat|
3d031000ca	svakIyasarvvapatrESu caitAnyadhi prastutya tadEva gadati| tESu patrESu katipayAni durUhyANi vAkyAni vidyantE yE ca lOkA ajnjAnAzcanjcalAzca tE nijavinAzArtham anyazAstrIyavacanAnIva tAnyapi vikArayanti|
3d03110085	tasmAd hE priyatamAH, yUyaM pUrvvaM buddhvA sAvadhAnAstiSThata, adhArmmikANAM bhrAntisrOtasApahRtAH svakIyasusthiratvAt mA bhrazyata|
3d03120079	kintvasmAkaM prabhOstrAtu ryIzukhrISTasyAnugrahE jnjAnE ca varddhadhvaM| tasya gauravam idAnIM sadAkAlanjca bhUyAt| AmEn|
3e00000009	1 yOhanaH
3e0101009a	AditO ya AsId yasya vAg asmAbhirazrAvi yanjca vayaM svanEtrai rdRSTavantO yanjca vIkSitavantaH svakaraiH spRSTavantazca taM jIvanavAdaM vayaM jnjApayAmaH|
3e010200b9	sa jIvanasvarUpaH prakAzata vayanjca taM dRSTavantastamadhi sAkSyaM dadmazca, yazca pituH sannidhAvavarttatAsmAkaM samIpE prakAzata ca tam anantajIvanasvarUpaM vayaM yuSmAn jnjApayAmaH|
3e010300ad	asmAbhi ryad dRSTaM zrutanjca tadEva yuSmAn jnjApyatE tEnAsmAbhiH sahAMzitvaM yuSmAkaM bhaviSyati| asmAkanjca sahAMzitvaM pitrA tatputrENa yIzukhrISTEna ca sArddhaM bhavati|
3e0104004d	aparanjca yuSmAkam AnandO yat sampUrNO bhavEd tadarthaM vayam EtAni likhAmaH|
3e01050069	vayaM yAM vArttAM tasmAt zrutvA yuSmAn jnjApayAmaH sEyam| IzvarO jyOtistasmin andhakArasya lEzO'pi nAsti|
3e01060066	vayaM tEna sahAMzina iti gaditvA yadyandhAkArE carAmastarhi satyAcAriNO na santO 'nRtavAdinO bhavAmaH|
3e010700b2	kintu sa yathA jyOtiSi varttatE tathA vayamapi yadi jyOtiSi carAmastarhi parasparaM sahabhAginO bhavAmastasya putrasya yIzukhrISTasya rudhiranjcAsmAn sarvvasmAt pApAt zuddhayati|
3e01080065	vayaM niSpApA iti yadi vadAmastarhi svayamEva svAn vanjcayAmaH satyamatanjcAsmAkam antarE na vidyatE|
3e01090089	yadi svapApAni svIkurmmahE tarhi sa vizvAsyO yAthArthikazcAsti tasmAd asmAkaM pApAni kSamiSyatE sarvvasmAd adharmmAccAsmAn zuddhayiSyati|
3e010a0066	vayam akRtapApA iti yadi vadAmastarhi tam anRtavAdinaM kurmmastasya vAkyanjcAsmAkam antarE na vidyatE|
3e020100c8	hE priyabAlakAH, yuSmAbhi ryat pApaM na kriyEta tadarthaM yuSmAn pratyEtAni mayA likhyantE| yadi tu kEnApi pApaM kriyatE tarhi pituH samIpE 'smAkaM EkaH sahAyO 'rthatO dhArmmikO yIzuH khrISTO vidyatE|
3e02020062	sa cAsmAkaM pApAnAM prAyazcittaM kEvalamasmAkaM nahi kintu likhilasaMsArasya pApAnAM prAyazcittaM|
3e02030033	vayaM taM jAnIma iti tadIyAjnjApAlanEnAvagacchAmaH|
3e02040064	ahaM taM jAnAmIti vaditvA yastasyAjnjA na pAlayati sO 'nRtavAdI satyamatanjca tasyAntarE na vidyatE|
3e0205007a	yaH kazcit tasya vAkyaM pAlayati tasmin Izvarasya prEma satyarUpENa sidhyati vayaM tasmin varttAmahE tad EtEnAvagacchAmaH|
3e02060062	ahaM tasmin tiSThAmIti yO gadati tasyEdam ucitaM yat khrISTO yAdRg AcaritavAn sO 'pi tAdRg AcarEt|
3e020700a5	hE priyatamAH, yuSmAn pratyahaM nUtanAmAjnjAM likhAmIti nahi kintvAditO yuSmAbhi rlabdhAM purAtanAmAjnjAM likhAmi| AditO yuSmAbhi ryad vAkyaM zrutaM sA purAtanAjnjA|
3e02080087	punarapi yuSmAn prati nUtanAjnjA mayA likhyata Etadapi tasmin yuSmAsu ca satyaM, yatO 'ndhakArO vyatyEti satyA jyOtizcEdAnIM prakAzatE;
3e02090053	ahaM jyOtiSi vartta iti gaditvA yaH svabhrAtaraM dvESTi sO 'dyApi tamisrE varttatE|
3e020a0057	svabhrAtari yaH prIyatE sa Eva jyOtiSi varttatE vighnajanakaM kimapi tasmin na vidyatE|
3e020b008f	kintu svabhrAtaraM yO dvESTi sa timirE varttatE timirE carati ca timirENa ca tasya nayanE 'ndhIkriyEtE tasmAt kka yAmIti sa jnjAtuM na zaknOti|
3e020c0056	hE zizavaH, yUyaM tasya nAmnA pApakSamAM prAptavantastasmAd ahaM yuSmAn prati likhAmi|
3e020d00d7	hE pitaraH, ya AditO varttamAnastaM yUyaM jAnItha tasmAd yuSmAn prati likhAmi| hE yuvAnaH yUyaM pApatmAnaM jitavantastasmAd yuSmAn prati likhAmi| hE bAlakAH, yUyaM pitaraM jAnItha tasmAdahaM yuSmAn prati likhitavAn|
3e020e00dc	hE pitaraH, AditO yO varttamAnastaM yUyaM jAnItha tasmAd yuSmAn prati likhitavAn| hE yuvAnaH, yUyaM balavanta AdhvE, Izvarasya vAkyanjca yuSmadantarE vartatE pApAtmA ca yuSmAbhiH parAjigyE tasmAd yuSmAn prati likhitavAn|
3e020f006a	yUyaM saMsArE saMsArasthaviSayESu ca mA prIyadhvaM yaH saMsArE prIyatE tasyAntarE pituH prEma na tiSThati|
3e02100099	yataH saMsArE yadyat sthitam arthataH zArIrikabhAvasyAbhilASO darzanEndriyasyAbhilASO jIvanasya garvvazca sarvvamEtat pitRtO na jAyatE kintu saMsAradEva|
3e0211005e	saMsArastadIyAbhilASazca vyatyEti kintu ya IzvarasyESTaM karOti sO 'nantakAlaM yAvat tiSThati|
3e0212009d	hE bAlakAH, zESakAlO'yaM, aparaM khrISTAriNOpasthAvyamiti yuSmAbhi ryathA zrutaM tathA bahavaH khrISTAraya upasthitAstasmAdayaM zESakAlO'stIti vayaM jAnImaH|
3e021300a0	tE 'smanmadhyAn nirgatavantaH kintvasmadIyA nAsan yadyasmadIyA abhaviSyan tarhyasmatsaggE 'sthAsyan, kintu sarvvE 'smadIyA na santyEtasya prakAza Avazyaka AsIt|
3e02140045	yaH pavitrastasmAd yUyam abhiSEkaM prAptavantastEna sarvvANi jAnItha|
3e0215009c	yUyaM satyamataM na jAnItha tatkAraNAd ahaM yuSmAn prati likhitavAn tannahi kintu yUyaM tat jAnItha satyamatAcca kimapyanRtavAkyaM nOtpadyatE tatkAraNAdEva|
3e0216007e	yIzurabhiSiktastrAtEti yO nAggIkarOti taM vinA kO 'parO 'nRtavAdI bhavEt? sa Eva khrISTAri ryaH pitaraM putranjca nAggIkarOti|
3e02170068	yaH kazcit putraM nAggIkarOti sa pitaramapi na dhArayati yazca putramaggIkarOti sa pitaramapi dhArayati|
3e02180087	AditO yuSmAbhi ryat zrutaM tad yuSmAsu tiSThatu, AditaH zrutaM vAkyaM yadi yuSmAsu tiSThati, tarhi yUyamapi putrE pitari ca sthAsyatha|
3e0219003f	sa ca pratijnjayAsmabhyaM yat pratijnjAtavAn tad anantajIvanaM|
3e021a0037	yE janA yuSmAn bhrAmayanti tAnadhyaham idaM likhitavAn|
3e021b00f2	aparaM yUyaM tasmAd yam abhiSEkaM prAptavantaH sa yuSmAsu tiSThati tataH kO'pi yad yuSmAn zikSayEt tad anAvazyakaM, sa cAbhiSEkO yuSmAn sarvvANi zikSayati satyazca bhavati na cAtathyaH, ataH sa yuSmAn yadvad azikSayat tadvat tatra sthAsyatha|
3e021c00a3	ataEva hE priyabAlakA yUyaM tatra tiSThata, tathA sati sa yadA prakAziSyatE tadA vayaM pratibhAnvitA bhaviSyAmaH, tasyAgamanasamayE ca tasya sAkSAnna trapiSyAmahE|
3e021d0069	sa dhArmmikO 'stIti yadi yUyaM jAnItha tarhi yaH kazcid dharmmAcAraM karOti sa tasmAt jAta ityapi jAnIta|
3e0301009b	pazyata vayam Izvarasya santAnA iti nAmnAkhyAmahE, EtEna pitAsmabhyaM kIdRk mahAprEma pradattavAn, kintu saMsArastaM nAjAnAt tatkAraNAdasmAn api na jAnAti|
3e030200cf	hE priyatamAH, idAnIM vayam Izvarasya santAnA AsmahE pazcAt kiM bhaviSyAmastad adyApyaprakAzitaM kintu prakAzaM gatE vayaM tasya sadRzA bhaviSyAmi iti jAnImaH, yataH sa yAdRzO 'sti tAdRzO 'smAbhirdarziSyatE|
3e0303005f	tasmin ESA pratyAzA yasya kasyacid bhavati sa svaM tathA pavitraM karOti yathA sa pavitrO 'sti|
3e03040058	yaH kazcit pApam Acarati sa vyavasthAlagghanaM karOti yataH pApamEva vyavasthAlagghanaM|
3e0305005b	aparaM sO 'smAkaM pApAnyapaharttuM prAkAzataitad yUyaM jAnItha, pApanjca tasmin na vidyatE|
3e03060070	yaH kazcit tasmin tiSThati sa pApAcAraM na karOti yaH kazcit pApAcAraM karOti sa taM na dRSTavAn na vAvagatavAn|
3e03070086	hE priyabAlakAH, kazcid yuSmAkaM bhramaM na janayEt, yaH kazcid dharmmAcAraM karOti sa tAdRg dhArmmikO bhavati yAdRk sa dhAmmikO 'sti|
3e03080082	yaH pApAcAraM karOti sa zayatAnAt jAtO yataH zayatAna AditaH pApAcArI zayatAnasya karmmaNAM lOpArthamEvEzvarasya putraH prAkAzata|
3e0309008a	yaH kazcid IzvarAt jAtaH sa pApAcAraM na karOti yatastasya vIryyaM tasmin tiSThati pApAcAraM karttunjca na zaknOti yataH sa IzvarAt jAtaH|
3e030a00ad	ityanEnEzvarasya santAnAH zayatAnasya ca santAnA vyaktA bhavanti| yaH kazcid dharmmAcAraM na karOti sa IzvarAt jAtO nahi yazca svabhrAtari na prIyatE sO 'pIzvarAt jAtO nahi|
3e030b005f	yatastasya ya AdEza AditO yuSmAbhiH zrutaH sa ESa Eva yad asmAbhiH parasparaM prEma karttavyaM|
3e030c00b8	pApAtmatO jAtO yaH kAbil svabhrAtaraM hatavAn tatsadRzairasmAbhi rna bhavitavyaM| sa kasmAt kAraNAt taM hatavAn? tasya karmmANi duSTAni tadbhrAtuzca karmmANi dharmmANyAsan iti kAraNAt|
3e030d0050	hE mama bhrAtaraH, saMsArO yadi yuSmAn dvESTi tarhi tad AzcaryyaM na manyadhvaM|
3e030e0077	vayaM mRtyum uttIryya jIvanaM prAptavantastad bhrAtRSu prEmakaraNAt jAnImaH| bhrAtari yO na prIyatE sa mRtyau tiSThati|
3e030f007a	yaH kazcit svabhrAtaraM dvESTi saM naraghAtI kinjcAnantajIvanaM naraghAtinaH kasyApyantarE nAvatiSThatE tad yUyaM jAnItha|
3e0310007f	asmAkaM kRtE sa svaprANAMstyaktavAn ityanEna vayaM prEmnastattvam avagatAH, aparaM bhrAtRNAM kRtE 'smAbhirapi prANAstyaktavyAH|
3e0311007e	sAMsArikajIvikAprAptO yO janaH svabhrAtaraM dInaM dRSTvA tasmAt svIyadayAM ruNaddhi tasyAntara Izvarasya prEma kathaM tiSThEt?
3e03120063	hE mama priyabAlakAH, vAkyEna jihvayA vAsmAbhiH prEma na karttavyaM kintu kAryyENa satyatayA caiva|
3e03130065	EtEna vayaM yat satyamatasambandhIyAstat jAnImastasya sAkSAt svAntaHkaraNAni sAntvayituM zakSyAmazca|
3e0314005d	yatO 'smadantaHkaraNaM yadyasmAn dUSayati tarhyasmadantaH karaNAd IzvarO mahAn sarvvajnjazca|
3e0315006b	hE priyatamAH, asmadantaHkaraNaM yadyasmAn na dUSayati tarhi vayam Izvarasya sAkSAt pratibhAnvitA bhavAmaH|
3e03160074	yacca prArthayAmahE tat tasmAt prApnumaH, yatO vayaM tasyAjnjAH pAlayAmastasya sAkSAt tuSTijanakam AcAraM kurmmazca|
3e03170075	aparaM tasyEyamAjnjA yad vayaM putrasya yIzukhrISTasya nAmni vizvasimastasyAjnjAnusArENa ca parasparaM prEma kurmmaH|
3e03180087	yazca tasyAjnjAH pAlayati sa tasmin tiSThati tasmin sO'pi tiSThati; sa cAsmAn yam AtmAnaM dattavAn tasmAt sO 'smAsu tiSThatIti jAnImaH|
3e0401009c	hE priyatamAH, yUyaM sarvvESvAtmasu na vizvasita kintu tE IzvarAt jAtA na vEtyAtmanaH parIkSadhvaM yatO bahavO mRSAbhaviSyadvAdinO jaganmadhyam AgatavantaH|
3e04020085	IzvarIyO ya AtmA sa yuSmAbhiranEna paricIyatAM, yIzuH khrISTO narAvatArO bhUtvAgata Etad yEna kEnacid AtmanA svIkriyatE sa IzvarIyaH|
3e040300bb	kintu yIzuH khrISTO narAvatArO bhUtvAgata Etad yEna kEnacid AtmanA nAggIkriyatE sa IzvarIyO nahi kintu khrISTArErAtmA, tEna cAgantavyamiti yuSmAbhiH zrutaM, sa cEdAnImapi jagati varttatE|
3e0404006c	hE bAlakAH, yUyam IzvarAt jAtAstAn jitavantazca yataH saMsArAdhiSThAnakAriNO 'pi yuSmadadhiSThAnakArI mahAn|
3e0405004f	tE saMsArAt jAtAstatO hEtOH saMsArAd bhASantE saMsArazca tESAM vAkyAni gRhlAti|
3e040600a5	vayam IzvarAt jAtAH, IzvaraM yO jAnAti sO'smadvAkyAni gRhlAti yazcEzvarAt jAtO nahi sO'smadvAkyAni na gRhlAti; anEna vayaM satyAtmAnaM bhrAmakAtmAnanjca paricinumaH|
3e0407008c	hE priyatamAH, vayaM parasparaM prEma karavAma, yataH prEma IzvarAt jAyatE, aparaM yaH kazcit prEma karOti sa IzvarAt jAta IzvaraM vEtti ca|
3e04080044	yaH prEma na karOti sa IzvaraM na jAnAti yata IzvaraH prEmasvarUpaH|
3e04090084	asmAsvIzvarasya prEmaitEna prAkAzata yat svaputrENAsmabhyaM jIvanadAnArtham IzvaraH svIyam advitIyaM putraM jaganmadhyaM prESitavAn|
3e040a0094	vayaM yad IzvarE prItavanta ityatra nahi kintu sa yadasmAsu prItavAn asmatpApAnAM prAyazcirttArthaM svaputraM prESitavAMzcEtyatra prEma santiSThatE|
3e040b0066	hE priyatamAH, asmAsu yadIzvarENaitAdRzaM prEma kRtaM tarhi parasparaM prEma karttum asmAkamapyucitaM|
3e040c0083	IzvaraH kadAca kEnApi na dRSTaH yadyasmAbhiH parasparaM prEma kriyatE tarhIzvarO 'smanmadhyE tiSThati tasya prEma cAsmAsu sEtsyatE|
3e040d006e	asmabhyaM tEna svakIyAtmanOM'zO datta ityanEna vayaM yat tasmin tiSThAmaH sa ca yad asmAsu tiSThatIti jAnImaH|
3e040e0043	pitA jagatrAtAraM putraM prESitavAn Etad vayaM dRSTvA pramANayAmaH|
3e040f0054	yIzurIzvarasya putra Etad yEnAggIkriyatE tasmin IzvarastiSThati sa cEzvarE tiSThati|
3e041000a7	asmAsvIzvarasya yat prEma varttatE tad vayaM jnjAtavantastasmin vizvAsitavantazca| IzvaraH prEmasvarUpaH prEmnI yastiSThati sa IzvarE tiSThati tasmiMzcEzvarastiSThati|
3e0411008b	sa yAdRzO 'sti vayamapyEtasmin jagati tAdRzA bhavAma EtasmAd vicAradinE 'smAbhi ryA pratibhA labhyatE sAsmatsambandhIyasya prEmnaH siddhiH|
3e0412007d	prEmni bhIti rna varttatE kintu siddhaM prEma bhItiM nirAkarOti yatO bhItiH sayAtanAsti bhItO mAnavaH prEmni siddhO na jAtaH|
3e04130040	asmAsu sa prathamaM prItavAn iti kAraNAd vayaM tasmin prIyAmahE|
3e041400be	IzvarE 'haM prIya ityuktvA yaH kazcit svabhrAtaraM dvESTi sO 'nRtavAdI| sa yaM dRSTavAn tasmin svabhrAtari yadi na prIyatE tarhi yam IzvaraM na dRSTavAn kathaM tasmin prEma karttuM zaknuyAt?
3e04150057	ata IzvarE yaH prIyatE sa svIyabhrAtaryyapi prIyatAm iyam AjnjA tasmAd asmAbhi rlabdhA|
3e05010083	yIzurabhiSiktastrAtEti yaH kazcid vizvAsiti sa IzvarAt jAtaH; aparaM yaH kazcit janayitari prIyatE sa tasmAt jAtE janE 'pi prIyatE|
3e05020061	vayam Izvarasya santAnESu prIyAmahE tad anEna jAnImO yad IzvarE prIyAmahE tasyAjnjAH pAlayAmazca|
3e05030066	yata IzvarE yat prEma tat tadIyAjnjApAlanEnAsmAbhiH prakAzayitavyaM, tasyAjnjAzca kaThOrA na bhavanti|
3e05040068	yatO yaH kazcid IzvarAt jAtaH sa saMsAraM jayati kinjcAsmAkaM yO vizvAsaH sa EvAsmAkaM saMsArajayijayaH|
3e05050048	yIzurIzvarasya putra iti yO vizvasiti taM vinA kO'paraH saMsAraM jayati?
3e0506008b	sO'bhiSiktastrAtA yIzustOyarudhirAbhyAm AgataH kEvalaM tOyEna nahi kintu tOyarudhirAbhyAm, AtmA ca sAkSI bhavati yata AtmA satyatAsvarUpaH|
3e05070060	yatO hEtOH svargE pitA vAdaH pavitra AtmA ca traya imE sAkSiNaH santi, traya imE caikO bhavanti|
3e05080063	tathA pRthivyAm AtmA tOyaM rudhiranjca trINyEtAni sAkSyaM dadAti tESAM trayANAm EkatvaM bhavati ca|
3e0509007e	mAnavAnAM sAkSyaM yadyasmAbhi rgRhyatE tarhIzvarasya sAkSyaM tasmAdapi zrESThaM yataH svaputramadhIzvarENa dattaM sAkSyamidaM|
3e050a00ba	Izvarasya putrE yO vizvAsiti sa nijAntarE tat sAkSyaM dhArayati; IzvarE yO na vizvasiti sa tam anRtavAdinaM karOti yata IzvaraH svaputramadhi yat sAkSyaM dattavAn tasmin sa na vizvasiti|
3e050b0060	tacca sAkSyamidaM yad IzvarO 'smabhyam anantajIvanaM dattavAn tacca jIvanaM tasya putrE vidyatE|
3e050c0064	yaH putraM dhArayati sa jIvanaM dhAriyati, Izvarasya putraM yO na dhArayati sa jIvanaM na dhArayati|
3e050d0099	Izvaraputrasya nAmni yuSmAn pratyEtAni mayA likhitAni tasyAbhiprAyO 'yaM yad yUyam anantajIvanaprAptA iti jAnIyAta tasyEzvaraputrasya nAmni vizvasEta ca|
3e050e008a	tasyAntikE 'smAkaM yA pratibhA bhavati tasyAH kAraNamidaM yad vayaM yadi tasyAbhimataM kimapi taM yAcAmahE tarhi sO 'smAkaM vAkyaM zRNOti|
3e050f0071	sa cAsmAkaM yat kinjcana yAcanaM zRNOtIti yadi jAnImastarhi tasmAd yAcitA varA asmAbhiH prApyantE tadapi jAnImaH|
3e051000ff	kazcid yadi svabhrAtaram amRtyujanakaM pApaM kurvvantaM pazyati tarhi sa prArthanAM karOtu tEnEzvarastasmai jIvanaM dAsyati, arthatO mRtyujanakaM pApaM yEna nAkAritasmai| kintu mRtyujanakam EkaM pApam AstE tadadhi tEna prArthanA kriyatAmityahaM na vadAmi|
3e0511003d	sarvva EvAdharmmaH pApaM kintu sarvvapAMpa mRtyujanakaM nahi|
3e0512007e	ya IzvarAt jAtaH sa pApAcAraM na karOti kintvIzvarAt jAtO janaH svaM rakSati tasmAt sa pApAtmA taM na spRzatIti vayaM jAnImaH|
3e0513004f	vayam IzvarAt jAtAH kintu kRtsnaH saMsAraH pApAtmanO vazaM gatO 'stIti jAnImaH|
3e051400f1	aparam Izvarasya putra AgatavAn vayanjca yayA tasya satyamayasya jnjAnaM prApnuyAmastAdRzIM dhiyam asmabhyaM dattavAn iti jAnImastasmin satyamayE 'rthatastasya putrE yIzukhrISTE tiSThAmazca; sa Eva satyamaya IzvarO 'nantajIvanasvarUpazcAsti|
3e0515003a	hE priyabAlakAH, yUyaM dEvamUrttibhyaH svAn rakSata| AmEn|
3f00000009	2 yOhanaH
3f0101004b	hE abhirucitE kuriyE, tvAM tava putrAMzca prati prAcInO'haM patraM likhAmi|
3f0102009b	satyamatAd yuSmAsu mama prEmAsti kEvalaM mama nahi kintu satyamatajnjAnAM sarvvESAmEva| yataH satyamatam asmAsu tiSThatyanantakAlaM yAvaccAsmAsu sthAsyati|
3f01030082	piturIzvarAt tatpituH putrAt prabhO ryIzukhrISTAcca prApyO 'nugrahaH kRpA zAntizca satyatAprEmabhyAM sArddhaM yuSmAn adhitiSThatu|
3f01040084	vayaM pitRtO yAm AjnjAM prAptavantastadanusArENa tava kEcid AtmajAH satyamatam AcarantyEtasya pramANaM prApyAhaM bhRzam AnanditavAn|
3f01050094	sAmpratanjca hE kuriyE, navInAM kAnjcid AjnjAM na likhannaham AditO labdhAm AjnjAM likhan tvAm idaM vinayE yad asmAbhiH parasparaM prEma karttavyaM|
3f01060078	aparaM prEmaitEna prakAzatE yad vayaM tasyAjnjA AcarEma| AditO yuSmAbhi ryA zrutA sEyam AjnjA sA ca yuSmAbhirAcaritavyA|
3f01070082	yatO bahavaH pravanjcakA jagat pravizya yIzukhrISTO narAvatArO bhUtvAgata Etat nAggIkurvvanti sa Eva pravanjcakaH khrISTArizcAsti|
3f01080076	asmAkaM zramO yat paNPazramO na bhavEt kintu sampUrNaM vEtanamasmAbhi rlabhyEta tadarthaM svAnadhi sAvadhAnA bhavataH|
3f01090096	yaH kazcid vipathagAmI bhUtvA khrISTasya zikSAyAM na tiSThati sa IzvaraM na dhArayati khrISTasya zijnjAyAM yastiSThati sa pitaraM putranjca dhArayati|
3f010a008e	yaH kazcid yuSmatsannidhimAgacchan zikSAmEnAM nAnayati sa yuSmAbhiH svavEzmani na gRhyatAM tava maggalaM bhUyAditi vAgapi tasmai na kathyatAM|
3f010b0062	yatastava maggalaM bhUyAditi vAcaM yaH kazcit tasmai kathayati sa tasya duSkarmmaNAm aMzI bhavati|
3f010c00d8	yuSmAn prati mayA bahUni lEkhitavyAni kintu patramasIbhyAM tat karttuM nEcchAmi, yatO 'smAkam AnandO yathA sampUrNO bhaviSyati tathA yuSmatsamIpamupasthAyAhaM sammukhIbhUya yuSmAbhiH sambhASiSya iti pratyAzA mamAstE|
3f010d0042	tavAbhirucitAyA bhaginyA bAlakAstvAM namaskAraM jnjApayanti| AmEn|
4000000009	3 yOhanaH
400101004f	prAcInO 'haM satyamatAd yasmin prIyE taM priyatamaM gAyaM prati patraM likhAmi|
4001020056	hE priya, tavAtmA yAdRk zubhAnvitastAdRk sarvvaviSayE tava zubhaM svAsthyanjca bhUyAt|
400103006e	bhrAtRbhirAgatya tava satyamatasyArthatastvaM kIdRk satyamatamAcarasyEtasya sAkSyE dattE mama mahAnandO jAtaH|
4001040056	mama santAnAH satyamatamAcarantItivArttAtO mama ya AnandO jAyatE tatO mahattarO nAsti|
400105006b	hE priya, bhrAtRn prati vizESatastAn vidEzinO bhRtRn prati tvayA yadyat kRtaM tat sarvvaM vizvAsinO yOgyaM|
400106007d	tE ca samitEH sAkSAt tava pramnaH pramANaM dattavantaH, aparam IzvarayOgyarUpENa tAn prasthApayatA tvayA satkarmma kAriSyatE|
400107004c	yatastE tasya nAmnA yAtrAM vidhAya bhinnajAtIyEbhyaH kimapi na gRhItavantaH|
400108005a	tasmAd vayaM yat satyamatasya sahAyA bhavEma tadarthamEtAdRzA lOkA asmAbhiranugrahItavyAH|
4001090067	samitiM pratyahaM patraM likhitavAn kintu tESAM madhyE yO diyatriphiH pradhAnAyatE sO 'smAn na gRhlAti|
40010a00df	atO 'haM yadOpasthAsyAmi tadA tEna yadyat kriyatE tat sarvvaM taM smArayiSyAmi, yataH sa durvvAkyairasmAn apavadati, tEnApi tRptiM na gatvA svayamapi bhrAtRn nAnugRhlAti yE cAnugrahItumicchanti tAn samititO 'pi bahiSkarOti|
40010b0087	hE priya, tvayA duSkarmma nAnukriyatAM kintu satkarmmaiva| yaH satkarmmAcArI sa IzvarAt jAtaH, yO duSkarmmAcArI sa IzvaraM na dRSTavAn|
40010c0092	dImItriyasya pakSE sarvvaiH sAkSyam adAyi vizESataH satyamatEnApi, vayamapi tatpakSE sAkSyaM dadmaH, asmAkanjca sAkSyaM satyamEvEti yUyaM jAnItha|
40010d004d	tvAM prati mayA bahUni lEkhitavyAni kintu masIlEkhanIbhyAM lEkhituM nEcchAmi|
40010e00d2	acirENa tvAM drakSyAmIti mama pratyAzAstE tadAvAM sammukhIbhUya parasparaM sambhASiSyAvahE| tava zAnti rbhUyAt| asmAkaM mitrANi tvAM namaskAraM jnjApayanti tvamapyEkaikasya nAma prOcya mitrEbhyO namaskuru| iti|
4100000007	yihUdAH
410101007e	yIzukhrISTasya dAsO yAkUbO bhrAtA yihUdAstAtEnEzvarENa pavitrIkRtAn yIzukhrISTEna rakSitAMzcAhUtAn lOkAn prati patraM likhati|
4101020037	kRpA zAntiH prEma ca bAhulyarUpENa yuSmAsvadhitiSThatu|
41010300e3	hE priyAH, sAdhAraNaparitrANamadhi yuSmAn prati lEkhituM mama bahuyatnE jAtE pUrvvakAlE pavitralOkESu samarpitO yO dharmmastadarthaM yUyaM prANavyayEnApi sacESTA bhavatEti vinayArthaM yuSmAn prati patralEkhanamAvazyakam amanyE|
41010400e0	yasmAd EtadrUpadaNPaprAptayE pUrvvaM likhitAH kEcijjanA asmAn upasRptavantaH, tE 'dhArmmikalOkA asmAkam IzvarasyAnugrahaM dhvajIkRtya lampaTatAm Acaranti, advitIyO 'dhipati ryO 'smAkaM prabhu ryIzukhrISTastaM nAggIkurvvanti|
41010500a1	tasmAd yUyaM purA yad avagatAstat puna ryuSmAn smArayitum icchAmi, phalataH prabhurEkakRtvaH svaprajA misaradEzAd udadhAra yat tataH param avizvAsinO vyanAzayat|
41010600a9	yE ca svargadUtAH svIyakartRtvapadE na sthitvA svavAsasthAnaM parityaktavantastAn sa mahAdinasya vicArArtham andhakAramayE 'dhaHsthAnE sadAsthAyibhi rbandhanairabadhnAt|
41010700d9	aparaM sidOmam amOrA tannikaTasthanagarANi caitESAM nivAsinastatsamarUpaM vyabhicAraM kRtavantO viSamamaithunasya cESTayA vipathaM gatavantazca tasmAt tAnyapi dRSTAntasvarUpANi bhUtvA sadAtanavahninA daNPaM bhunjjatE|
410108006a	tathaivEmE svapnAcAriNO'pi svazarIrANi kalagkayanti rAjAdhInatAM na svIkurvvantyuccapadasthAn nindanti ca|
41010900b3	kintu pradhAnadivyadUtO mIkhAyElO yadA mUsasO dEhE zayatAnEna vivadamAnaH samabhASata tadA tisman nindArUpaM daNPaM samarpayituM sAhasaM na kRtvAkathayat prabhustvAM bhartsayatAM|
41010a0061	kintvimE yanna budhyantE tannindanti yacca nirbbOdhapazava ivEndriyairavagacchanti tEna nazyanti|
41010b0078	tAn dhik, tE kAbilO mArgE caranti pAritOSikasyAzAtO biliyamO bhrAntimanudhAvanti kOrahasya durmmukhatvEna vinazyanti ca|
41010c00c1	yuSmAkaM prEmabhOjyESu tE vighnajanakA bhavanti, Atmambharayazca bhUtvA nirlajjayA yuSmAbhiH sArddhaM bhunjjatE| tE vAyubhizcAlitA nistOyamEghA hEmantakAlikA niSphalA dvi rmRtA unmUlitA vRkSAH,
41010d007d	svakIyalajjAphENOdvamakAH pracaNPAH sAmudrataraggAH sadAkAlaM yAvat ghOratimirabhAgIni bhramaNakArINi nakSatrANi ca bhavanti|
41010e0088	AdamataH saptamaH puruSO yO hanOkaH sa tAnuddizya bhaviSyadvAkyamidaM kathitavAn, yathA, pazya svakIyapuNyAnAm ayutai rvESTitaH prabhuH|
41010f010a	sarvvAn prati vicArAjnjAsAdhanAyAgamiSyati| tadA cAdhArmmikAH sarvvE jAtA yairaparAdhinaH| vidharmmakarmmaNAM tESAM sarvvESAmEva kAraNAt| tathA tadvaiparItyEnApyadharmmAcAripApinAM| uktakaThOravAkyAnAM sarvvESAmapi kAraNAt| paramEzEna dOSitvaM tESAM prakAzayiSyatE||
410110006d	tE vAkkalahakAriNaH svabhAgyanindakAH svEcchAcAriNO darpavAdimukhaviziSTA lAbhArthaM manuSyastAvakAzca santi|
4101110071	kintu hE priyatamAH, asmAkaM prabhO ryIzukhrISTasya prEritai ryad vAkyaM pUrvvaM yuSmabhyaM kathitaM tat smarata,
4101120045	phalataH zESasamayE svEcchAtO 'dharmmAcAriNO nindakA upasthAsyantIti|
410113003d	EtE lOkAH svAn pRthak kurvvantaH sAMsArikA AtmahInAzca santi|
4101140063	kintu hE priyatamAH, yUyaM svESAm atipavitravizvAsE nicIyamAnAH pavitrENAtmanA prArthanAM kurvvanta
4101150062	Izvarasya prEmnA svAn rakSata, anantajIvanAya cAsmAkaM prabhO ryIzukhrISTasya kRpAM pratIkSadhvaM|
410116002a	aparaM yUyaM vivicya kAMzcid anukampadhvaM
4101170063	kAMzcid agnita uddhRtya bhayaM pradarzya rakSata, zArIrikabhAvEna kalagkitaM vastramapi RtIyadhvaM|
4101180062	aparanjca yuSmAn skhalanAd rakSitum ullAsEna svIyatEjasaH sAkSAt nirddOSAn sthApayitunjca samarthO
4101190084	yO 'smAkam advitIyastrANakarttA sarvvajnja Izvarastasya gauravaM mahimA parAkramaH kartRtvanjcEdAnIm anantakAlaM yAvad bhUyAt| AmEn|
420000000a	prakAzitaM
42010100b3	yat prakAzitaM vAkyam IzvaraH svadAsAnAM nikaTaM zIghramupasthAsyantInAM ghaTanAnAM darzanArthaM yIzukhrISTE samarpitavAn tat sa svIyadUtaM prESya nijasEvakaM yOhanaM jnjApitavAn|
4201020051	sa cEzvarasya vAkyE khrISTasya sAkSyE ca yadyad dRSTavAn tasya pramANaM dattavAn|
420103007e	Etasya bhaviSyadvaktRgranthasya vAkyAnAM pAThakaH zrOtArazca tanmadhyE likhitAjnjAgrAhiNazca dhanyA yataH sa kAlaH sannikaTaH|
4201040090	yOhan AziyAdEzasthAH sapta samitIH prati patraM likhati| yO varttamAnO bhUtO bhaviSyaMzca yE ca saptAtmAnastasya siMhAsanasya sammukhE tiSThanti
4201050096	yazca yIzukhrISTO vizvastaH sAkSI mRtAnAM madhyE prathamajAtO bhUmaNPalastharAjAnAm adhipatizca bhavati, EtEbhyO 'nugrahaH zAntizca yuSmAsu varttatAM|
42010600b9	yO 'smAsu prItavAn svarudhirENAsmAn svapApEbhyaH prakSAlitavAn tasya piturIzvarasya yAjakAn kRtvAsmAn rAjavargE niyuktavAMzca tasmin mahimA parAkramazcAnantakAlaM yAvad varttatAM| AmEn|
42010700ab	pazyata sa mEghairAgacchati tEnaikaikasya cakSustaM drakSyati yE ca taM viddhavantastE 'pi taM vilOkiSyantE tasya kRtE pRthivIsthAH sarvvE vaMzA vilapiSyanti| satyam AmEn|
4201080076	varttamAnO bhUtO bhaviSyaMzca yaH sarvvazaktimAn prabhuH paramEzvaraH sa gadati, ahamEva kaH kSazcArthata Adirantazca|
4201090096	yuSmAkaM bhrAtA yIzukhrISTasya klEzarAjyatitikSANAM sahabhAgI cAhaM yOhan Izvarasya vAkyahEtO ryIzukhrISTasya sAkSyahEtOzca pAtmanAmaka upadvIpa AsaM|
42010a004f	tatra prabhO rdinE AtmanAviSTO 'haM svapazcAt tUrIdhvanivat mahAravam azrauSaM,
42010b00c5	tEnOktam, ahaM kaH kSazcArthata Adirantazca| tvaM yad drakSyasi tad granthE likhitvAziyAdEzasthAnAM sapta samitInAM samIpam iphiSaM smurNAM thuyAtIrAM sArddiM philAdilphiyAM lAyadIkEyAnjca prESaya|
42010c0085	tatO mayA sambhASamANasya kasya ravaH zrUyatE taddarzanArthaM mukhaM parAvarttitaM tat parAvartya svarNamayAH sapta dIpavRkSA dRSTAH|
42010d007f	tESAM sapta dIpavRkSANAM madhyE dIrghaparicchadaparihitaH suvarNazRgkhalEna vESTitavakSazca manuSyaputrAkRtirEkO janastiSThati,
42010e004a	tasya ziraH kEzazca zvEtamESalOmAnIva himavat zrEtau lOcanE vahnizikhAsamE
42010f0048	caraNau vahnikuNPEtApitasupittalasadRzau ravazca bahutOyAnAM ravatulyaH|
4201100091	tasya dakSiNahastE sapta tArA vidyantE vaktrAcca tIkSNO dvidhAraH khaggO nirgacchati mukhamaNPalanjca svatEjasA dEdIpyamAnasya sUryyasya sadRzaM|
4201110072	taM dRSTvAhaM mRtakalpastaccaraNE patitastataH svadakSiNakaraM mayi nidhAya tEnOktam mA bhaiSIH; aham Adirantazca|
4201120079	aham amarastathApi mRtavAn kintu pazyAham anantakAlaM yAvat jIvAmi| AmEn| mRtyOH paralOkasya ca kunjjikA mama hastagatAH|
420113004d	atO yad bhavati yaccEtaH paraM bhaviSyati tvayA dRSTaM tat sarvvaM likhyatAM|
42011400c4	mama dakSiNahastE sthitA yAH sapta tArA yE ca svarNamayAH sapta dIpavRkSAstvayA dRSTAstattAtparyyamidaM tAH sapta tArAH sapta samitInAM dUtAH suvarNamayAH sapta dIpavRkSAzca sapta samitayaH santi|
420201009f	iphiSasthasamitE rdUtaM prati tvam idaM likha; yO dakSiNakarENa sapta tArA dhArayati saptAnAM suvarNadIpavRkSANAM madhyE gamanAgamanE karOti ca tEnEdam ucyatE|
42020200a4	tava kriyAH zramaH sahiSNutA ca mama gOcarAH, tvaM duSTAn sOPhuM na zaknOSi yE ca prEritA na santaH svAn prEritAn vadanti tvaM tAn parIkSya mRSAbhASiNO vijnjAtavAn,
4202030065	aparaM tvaM titikSAM vidadhAsi mama nAmArthaM bahu sOPhavAnasi tathApi na paryyaklAmyastadapi jAnAmi|
4202040052	kinjca tava viruddhaM mayaitat vaktavyaM yat tava prathamaM prEma tvayA vyahIyata|
42020500a8	ataH kutaH patitO 'si tat smRtvA manaH parAvarttya pUrvvIyakriyAH kuru na cEt tvayA manasi na parivarttitE 'haM tUrNam Agatya tava dIpavRkSaM svasthAnAd apasArayiSyAmi|
420206005c	tathApi tavESa guNO vidyatE yat nIkalAyatIyalOkAnAM yAH kriyA aham RtIyE tAstvamapi RtIyamE|
4202070095	yasya zrOtraM vidyatE sa samitIH pratyucyamAnAm AtmanaH kathAM zRNOtu| yO janO jayati tasmA aham IzvarasyArAmasthajIvanatarOH phalaM bhOktuM dAsyAmi|
420208006a	aparaM smurNAsthasamitE rdUtaM pratIdaM likha; ya Adirantazca yO mRtavAn punarjIvitavAMzca tEnEdam ucyatE,
42020900ae	tava kriyAH klEzO dainyanjca mama gOcarAH kintu tvaM dhanavAnasi yE ca yihUdIyA na santaH zayatAnasya samAjAH santi tathApi svAn yihUdIyAn vadanti tESAM nindAmapyahaM jAnAmi|
42020a00ea	tvayA yO yaH klEzaH sOPhavyastasmAt mA bhaiSIH pazya zayatAnO yuSmAkaM parIkSArthaM kAMzcit kArAyAM nikSEpsyati daza dinAni yAvat klEzO yuSmAsu varttiSyatE ca| tvaM mRtyuparyyantaM vizvAsyO bhava tEnAhaM jIvanakirITaM tubhyaM dAsyAmi|
42020b0071	yasya zrOtraM vidyatE sa samitIH pratyucyamAnAm AtmanaH kathAM zRNOtu| yO jayati sa dvitIyamRtyunA na hiMsiSyatE|
42020c0066	aparaM pargAmasthasamitE rdUtaM pratIdaM likha, yastIkSNaM dvidhAraM khaggaM dhArayati sa Eva bhASatE|
42020d0101	tava kriyA mama gOcarAH, yatra zayatAnasya siMhAsanaM tatraiva tvaM vasasi tadapi jAnAmi| tvaM mama nAma dhArayasi madbhaktErasvIkArastvayA na kRtO mama vizvAsyasAkSiNa AntipAH samayE 'pi na kRtaH| sa tu yuSmanmadhyE 'ghAni yataH zayatAnastatraiva nivasati|
42020e00d8	tathApi tava viruddhaM mama kinjcid vaktavyaM yatO dEvaprasAdAdanAya paradAragamanAya cEsrAyElaH santAnAnAM sammukha unmAthaM sthApayituM bAlAk yEnAzikSyata tasya biliyamaH zikSAvalambinastava kEcit janAstatra santi|
42020f004f	tathA nIkalAyatIyAnAM zikSAvalambinastava kEcit janA api santi tadEvAham RtIyE|
4202100072	atO hEtOstvaM manaH parivarttaya na cEdahaM tvarayA tava samIpamupasthAya madvaktasthakhaggEna taiH saha yOtsyAmi|
42021100f3	yasya zrOtraM vidyatE sa samitIH pratyucyamAnAm AtmanaH kathAM zRNOtu| yO janO jayati tasmA ahaM guptamAnnAM bhOktuM dAsyAmi zubhraprastaramapi tasmai dAsyAmi tatra prastarE nUtanaM nAma likhitaM tacca grahItAraM vinA nAnyEna kEnApyavagamyatE|
4202120084	aparaM thuyAtIrAsthasamitE rdUtaM pratIdaM likha| yasya lOcanE vahnizikhAsadRzE caraNau ca supittalasagkAzau sa IzvaraputrO bhASatE,
420213007a	tava kriyAH prEma vizvAsaH paricaryyA sahiSNutA ca mama gOcarAH, tava prathamakriyAbhyaH zESakriyAH zrESThAstadapi jAnAmi|
42021400c4	tathApi tava viruddhaM mayA kinjcid vaktavyaM yatO yA ISEbalnAmikA yOSit svAM bhaviSyadvAdinIM manyatE vEzyAgamanAya dEvaprasAdAzanAya ca mama dAsAn zikSayati bhrAmayati ca sA tvayA na nivAryyatE|
420215006d	ahaM manaHparivarttanAya tasyai samayaM dattavAn kintu sA svIyavEzyAkriyAtO manaHparivarttayituM nAbhilaSati|
420216009c	pazyAhaM tAM zayyAyAM nikSEpsyAmi, yE tayA sArddhaM vyabhicAraM kurvvanti tE yadi svakriyAbhyO manAMsi na parAvarttayanti tarhi tAnapi mahAklEzE nikSEpsyAmi
42021700ac	tasyAH santAnAMzca mRtyunA haniSyAmi| tEnAham antaHkaraNAnAM manasAnjcAnusandhAnakArI yuSmAkamEkaikasmai ca svakriyANAM phalaM mayA dAtavyamiti sarvvAH samitayO jnjAsyanti|
42021800ca	aparam avaziSTAn thuyAtIrasthalOkAn arthatO yAvantastAM zikSAM na dhArayanti yE ca kaizcit zayatAnasya gambhIrArthA ucyantE tAn yE nAvagatavantastAnahaM vadAmi yuSmAsu kamapyaparaM bhAraM nArOpayiSyAmi;
420219003b	kintu yad yuSmAkaM vidyatE tat mamAgamanaM yAvad dhArayata|
42021a0062	yO janO jayati zESaparyyantaM mama kriyAH pAlayati ca tasmA aham anyajAtIyAnAm AdhipatyaM dAsyAmi;
42021b0079	pitRtO mayA yadvat kartRtvaM labdhaM tadvat sO 'pi lauhadaNPEna tAn cArayiSyati tEna mRdbhAjanAnIva tE cUrNA bhaviSyanti|
42021c002f	aparam ahaM tasmai prabhAtIyatArAm api dAsyAmi|
42021d0046	yasya zrOtraM vidyatE sa samitIH pratyucyamAnAm AtmanaH kathAM zRNOtu|
42030100c1	aparaM sArddisthasamitE rdUtaM pratIdaM likha, yO jana Izvarasya saptAtmanaH sapta tArAzca dhArayati sa Eva bhASatE, tava kriyA mama gOcarAH, tvaM jIvadAkhyO 'si tathApi mRtO 'si tadapi jAnAmi|
4203020087	prabuddhO bhava, avaziSTaM yadyat mRtakalpaM tadapi sabalIkuru yata Izvarasya sAkSAt tava karmmANi na siddhAnIti pramANaM mayA prAptaM|
42030300d1	ataH kIdRzIM zikSAM labdhavAn zrutavAzcAsi tat smaran tAM pAlaya svamanaH parivarttaya ca| cEt prabuddhO na bhavEstarhyahaM stEna iva tava samIpam upasthAsyAmi kinjca kasmin daNPE upasthAsyAmi tanna jnjAsyasi|
42030400a4	tathApi yaiH svavAsAMsi na kalagkitAni tAdRzAH katipayalOkAH sArddinagarE 'pi tava vidyantE tE zubhraparicchadai rmama saggE gamanAgamanE kariSyanti yatastE yOgyAH|
42030500b1	yO janO jayati sa zubhraparicchadaM paridhApayiSyantE, ahanjca jIvanagranthAt tasya nAma nAntardhApayiSyAmi kintu matpituH sAkSAt tasya dUtAnAM sAkSAcca tasya nAma svIkariSyAmi|
4203060046	yasya zrOtraM vidyatE sa samitIH pratyucyamAnAm AtmanaH kathAM zRNOtu|
42030700ca	aparanjca philAdilphiyAsthasamitE rdUtaM pratIdaM likha, yaH pavitraH satyamayazcAsti dAyUdaH kunjjikAM dhArayati ca yEna mOcitE 'paraH kO'pi na ruNaddhi ruddhE cAparaH kO'pi na mOcayati sa Eva bhASatE|
42030800c5	tava kriyA mama gOcarAH pazya tava samIpE 'haM muktaM dvAraM sthApitavAn tat kEnApi rOddhuM na zakyatE yatastavAlpaM balamAstE tathApi tvaM mama vAkyaM pAlitavAn mama nAmnO 'svIkAraM na kRtavAMzca|
42030900c9	pazya yihUdIyA na santO yE mRSAvAdinaH svAn yihUdIyAn vadanti tESAM zayatAnasamAjIyAnAM kAMzcid aham AnESyAmi pazya tE madAjnjAta Agatya tava caraNayOH praNaMsyanti tvanjca mama priyO 'sIti jnjAsyanti|
42030a00a6	tvaM mama sahiSNutAsUcakaM vAkyaM rakSitavAnasi tatkAraNAt pRthivInivAsinAM parIkSArthaM kRtsnaM jagad yEnAgAmiparIkSAdinEnAkramiSyatE tasmAd ahamapi tvAM rakSiSyAmi|
42030b0056	pazya mayA zIghram AgantavyaM tava yadasti tat dhAraya kO 'pi tava kirITaM nApaharatu|
42030c011f	yO janO jayati tamahaM madIyEzvarasya mandirE stambhaM kRtvA sthApayisyAmi sa puna rna nirgamiSyati| aparanjca tasmin madIyEzvarasya nAma madIyEzvarasya puryyA api nAma arthatO yA navInA yirUzAnam purI svargAt madIyEzvarasya samIpAd avarOkSyati tasyA nAma mamApi nUtanaM nAma lEkhiSyAmi|
42030d0046	yasya zrOtraM vidyatE sa samitIH pratyucyamAnAm AtmanaH kathAM zRNOtu|
42030e008d	aparanjca lAyadikEyAsthasamitE rdUtaM pratIdaM likha, ya AmEn arthatO vizvAsyaH satyamayazca sAkSI, Izvarasya sRSTErAdizcAsti sa Eva bhASatE|
42030f003f	tava kriyA mama gOcarAH tvaM zItO nAsi taptO 'pi nAsIti jAnAmi|
4203100092	tava zItatvaM taptatvaM vA varaM bhavEt, zItO na bhUtvA taptO 'pi na bhUtvA tvamEvambhUtaH kadUSNO 'si tatkAraNAd ahaM svamukhAt tvAm udvamiSyAmi|
4203110096	ahaM dhanI samRddhazcAsmi mama kasyApyabhAvO na bhavatIti tvaM vadasi kintu tvamEva duHkhArttO durgatO daridrO 'ndhO nagnazcAsi tat tvayA nAvagamyatE|
42031200fe	tvaM yad dhanI bhavEstadarthaM mattO vahnau tApitaM suvarNaM krINIhi nagnatvAt tava lajjA yanna prakAzEta tadarthaM paridhAnAya mattaH zubhravAsAMsi krINIhi yacca tava dRSTiH prasannA bhavEt tadarthaM cakSurlEpanAyAnjjanaM mattaH krINIhIti mama mantraNA|
420313005d	yESvahaM prIyE tAn sarvvAn bhartsayAmi zAsmi ca, atastvam udyamaM vidhAya manaH parivarttaya|
42031400a8	pazyAhaM dvAri tiSThan tad Ahanmi yadi kazcit mama ravaM zrutvA dvAraM mOcayati tarhyahaM tasya sannidhiM pravizya tEna sArddhaM bhOkSyE sO 'pi mayA sArddhaM bhOkSyatE|
4203150093	aparamahaM yathA jitavAn mama pitrA ca saha tasya siMhAsana upaviSTazcAsmi, tathA yO janO jayati tamahaM mayA sArddhaM matsiMhAsana upavEzayiSyAmi|
4203160046	yasya zrOtraM vidyatE sa samitIH pratyucyamAnam AtmanaH kathAM zRNOtu|
42040100e2	tataH paraM mayA dRSTipAtaM kRtvA svargE muktaM dvAram EkaM dRSTaM mayA sahabhASamANasya ca yasya tUrIvAdyatulyO ravaH pUrvvaM zrutaH sa mAm avOcat sthAnamEtad ArOhaya, itaH paraM yEna yEna bhavitavyaM tadahaM tvAM darzayiSyE|
4204020072	tEnAhaM tatkSaNAd AtmAviSTO bhUtvA 'pazyaM svargE siMhAsanamEkaM sthApitaM tatra siMhAsanE EkO jana upaviSTO 'sti|
4204030095	siMhAsanE upaviSTasya tasya janasya rUpaM sUryyakAntamaNEH pravAlasya ca tulyaM tat siMhAsananjca marakatamaNivadrUpaviziSTEna mEghadhanuSA vESTitaM|
42040400b2	tasya siMhAsanE caturdikSu caturviMzatisiMhAsanAni tiSThanti tESu siMhAsanESu caturviMzati prAcInalOkA upaviSTAstE zubhravAsaHparihitAstESAM zirAMsi ca suvarNakirITai rbhUSitAni|
4204050084	tasya siMhAsanasya madhyAt taPitO ravAH stanitAni ca nirgacchanti siMhAsanasyAntikE ca sapta dIpA jvalanti ta Izvarasya saptAtmAnaH|
42040600a8	aparaM siMhAsanasyAntikE sphaTikatulyaH kAcamayO jalAzayO vidyatE, aparam agrataH pazcAcca bahucakSuSmantazcatvAraH prANinaH siMhasanasya madhyE caturdikSu ca vidyantE|
4204070089	tESAM prathamaH prANI siMhAkArO dvitIyaH prANI gOvAtsAkArastRtIyaH prANI manuSyavadvadanaviziSTazcaturthazca prANI uPPIyamAnakurarOpamaH|
42040800e4	tESAM caturNAm Ekaikasya prANinaH SaT pakSAH santi tE ca sarvvAggESvabhyantarE ca bahucakSurviziSTAH, tE divAnizaM na vizrAmya gadanti pavitraH pavitraH pavitraH sarvvazaktimAn varttamAnO bhUtO bhaviSyaMzca prabhuH paramEzvaraH|
420409006d	itthaM taiH prANibhistasyAnantajIvinaH siMhAsanOpaviSTasya janasya prabhAvE gauravE dhanyavAdE ca prakIrttitE
42040a0095	tE caturviMzatiprAcInA api tasya siMhAsanOpaviSTasyAntikE praNinatya tam anantajIvinaM praNamanti svIyakirITAMzca siMhAsanasyAntikE nikSipya vadanti,
42040b0092	hE prabhO IzvarAsmAkaM prabhAvaM gauravaM balaM| tvamEvArhasi samprAptuM yat sarvvaM sasRjE tvayA| tavAbhilASatazcaiva sarvvaM sambhUya nirmmamE||
420501007a	anantaraM tasya sihAsanOpaviSTajanasya dakSiNastE 'nta rbahizca likhitaM patramEkaM mayA dRSTaM tat saptamudrAbhiragkitaM|
420502007c	tatpazcAd EkO balavAn dUtO dRSTaH sa uccaiH svarENa vAcamimAM ghOSayati kaH patramEtad vivarItuM tammudrA mOcayitunjcArhati?
420503005b	kintu svargamarttyapAtAlESu tat patraM vivarItuM nirIkSitunjca kasyApi sAmarthyaM nAbhavat|
4205040057	atO yastat patraM vivarItuM nirIkSitunjcArhati tAdRzajanasyAbhAvAd ahaM bahu rOditavAn|
42050500a1	kintu tESAM prAcInAnAm EkO janO mAmavadat mA rOdIH pazya yO yihUdAvaMzIyaH siMhO dAyUdO mUlasvarUpazcAsti sa patrasya tasya saptamudrANAnjca mOcanAya pramUtavAn|
42050600c8	aparaM siMhAsanasya caturNAM prANinAM prAcInavargasya ca madhya EkO mESazAvakO mayA dRSTaH sa chEdita iva tasya saptazRggANi saptalOcanAni ca santi tAni kRtsnAM pRthivIM prESitA Izvarasya saptAtmAnaH|
420507004c	sa upAgatya tasya siMhAsanOpaviSTajanasya dakSiNakarAt tat patraM gRhItavAn|
42050800da	patrE gRhItE catvAraH prANinazcaturviMMzatiprAcInAzca tasya mESazAvakasyAntikE praNipatanti tESAm Ekaikasya karayO rvINAM sugandhidravyaiH paripUrNaM svarNamayapAtranjca tiSThati tAni pavitralOkAnAM prArthanAsvarUpANi|
42050900ed	aparaM tE nUtanamEkaM gItamagAyan, yathA, grahItuM patrikAM tasya mudrA mOcayituM tathA| tvamEvArhasi yasmAt tvaM balivat chEdanaM gataH| sarvvAbhyO jAtibhASAbhyaH sarvvasmAd vaMzadEzataH| Izvarasya kRtE 'smAn tvaM svIyaraktEna krItavAn|
42050a0055	asmadIzvarapakSE 'smAn nRpatIn yAjakAnapi| kRtavAMstEna rAjatvaM kariSyAmO mahItalE||
42050b00a0	aparaM nirIkSamANEna mayA siMhAsanasya prANicatuSTayasya prAcInavargasya ca paritO bahUnAM dUtAnAM ravaH zrutaH, tESAM saMkhyA ayutAyutAni sahasrasahastrANi ca|
42050c0076	tairuccairidam uktaM, parAkramaM dhanaM jnjAnaM zaktiM gauravamAdaraM| prazaMsAnjcArhati prAptuM chEditO mESazAvakaH||
42050d00c0	aparaM svargamarttyapAtAlasAgarESu yAni vidyantE tESAM sarvvESAM sRSTavastUnAM vAgiyaM mayA zrutA, prazaMsAM gauravaM zauryyam AdhipatyaM sanAtanaM| siMhasanOpaviSTazca mESavatsazca gacchatAM|
42050e007a	aparaM tE catvAraH prANinaH kathitavantastathAstu, tatazcaturviMzatiprAcInA api praNipatya tam anantakAlajIvinaM prANaman|
42060100a7	anantaraM mayi nirIkSamANE mESazAvakEna tAsAM saptamudrANAm EkA mudrA muktA tatastESAM caturNAm Ekasya prANina Agatya pazyEtivAcakO mEghagarjanatulyO ravO mayA zrutaH|
420602008c	tataH param EkaH zuklAzcO dRSTaH, tadArUPhO janO dhanu rdhArayati tasmai ca kirITamEkam adAyi tataH sa prabhavan prabhaviSyaMzca nirgatavAn|
4206030057	aparaM dvitIyamudrAyAM tEna mOcitAyAM dvitIyasya prANina Agatya pazyEti vAk mayA zrutA|
42060400bb	tatO 'ruNavarNO 'para EkO 'zvO nirgatavAn tadArOhiNi pRthivItaH zAntyapaharaNasya lOkAnAM madhyE parasparaM pratighAtOtpAdanasya ca sAmarthyaM samarpitam, EkO bRhatkhaggO 'pi tasmA adAyi|
420605009a	aparaM tRtIyamudrAyAM tana mOcitAyAM tRtIyasya prANina Agatya pazyEti vAk mayA zrutA, tataH kAlavarNa EkO 'zvO mayA dRSTaH, tadArOhiNO hastE tulA tiSThati
42060600af	anantaraM prANicatuSTayasya madhyAd vAgiyaM zrutA gOdhUmAnAmEkaH sETakO mudrApAdaikamUlyaH, yavAnAnjca sETakatrayaM mudrApAdaikamUlyaM tailadrAkSArasAzca tvayA mA hiMsitavyAH|
420607005c	anantaraM caturthamudrAyAM tEna mOcitAyAM caturthasya prANina Agatya pazyEti vAk mayA zrutA|
42060800ca	tataH pANPuravarNa EkO 'zvO mayA dRSTaH, tadArOhiNO nAma mRtyuriti paralOkazca tam anucarati khaggEna durbhikSENa mahAmAryyA vanyapazubhizca lOkAnAM badhAya pRthivyAzcaturthAMzasyAdhipatyaM tasmA adAyi|
4206090080	anantaraM panjcamamudrAyAM tEna mOcitAyAm IzvaravAkyahEtOstatra sAkSyadAnAcca chEditAnAM lOkAnAM dEhinO vEdyA adhO mayAdRzyanta|
42060a008b	ta uccairidaM gadanti, hE pavitra satyamaya prabhO asmAkaM raktapAtE pRthivInivAsibhi rvivadituM tasya phala dAtunjca kati kAlaM vilambasE?
42060b00c7	tatastESAm Ekaikasmai zubhraH paricchadO 'dAyi vAgiyanjcAkathyata yUyamalpakAlam arthatO yuSmAkaM yE sahAdAsA bhrAtarO yUyamiva ghAniSyantE tESAM saMkhyA yAvat sampUrNatAM na gacchati tAvad viramata|
42060c009e	anantaraM yadA sa SaSThamudrAmamOcayat tadA mayi nirIkSamANE mahAn bhUkampO 'bhavat sUryyazca uSTralOmajavastravat kRSNavarNazcandramAzca raktasagkAzO 'bhavat
42060d0062	gaganasthatArAzca prabalavAyunA cAlitAd uPumbaravRkSAt nipAtitAnyapakkaphalAnIva bhUtalE nyapatan|
42060e0067	AkAzamaNPalanjca sagkucyamAnagranthaivAntardhAnam agamat giraya upadvIpAzca sarvvE sthAnAntaraM cAlitAH
42060f0090	pRthivIsthA bhUpAlA mahAllOkAH sahastrapatayO dhaninaH parAkramiNazca lOkA dAsA muktAzca sarvvE 'pi guhAsu giristhazailESu ca svAn prAcchAdayan|
420610007a	tE ca girIn zailAMzca vadanti yUyam asmadupari patitvA siMhAsanOpaviSTajanasya dRSTitO mESazAvakasya kOpAccAsmAn gOpAyata;
420611003e	yatastasya krOdhasya mahAdinam upasthitaM kaH sthAtuM zaknOti?
42070100a9	anantaraM catvArO divyadUtA mayA dRSTAH, tE pRthivyAzcaturSu kONESu tiSThanataH pRthivyAM samudrE vRkSESu ca vAyu ryathA na vahEt tathA pRthivyAzcaturO vAyUn dhArayanti|
42070200b5	anantaraM sUryyOdayasthAnAd udyan apara EkO dUtO mayA dRSTaH sO'marEzvarasya mudrAM dhArayati, yESu cartuSu dUtESu pRthivIsamudrayO rhiMsanasya bhArO dattastAn sa uccairidaM avadat|
420703007a	Izvarasya dAsA yAvad asmAbhi rbhAlESu mudrayAgkitA na bhaviSyanti tAvat pRthivI samudrO taravazca yuSmAbhi rna hiMsyantAM|
4207040084	tataH paraM mudrAgkitalOkAnAM saMkhyA mayAzrAvi| isrAyElaH sarvvavaMzAyAzcatuzcatvAriMzatsahasrAdhikalakSalOkA mudrayAgkitA abhavan,
420705005d	arthatO yihUdAvaMzE dvAdazasahasrANi rUbENavaMzE dvAdazasahasrANi gAdavaMzE dvAdazasahasrANi,
4207060057	AzEravaMzE dvAdazasahasrANi naptAlivaMzE dvAdazasahasrANi minazivaMzE dvAdazasahasrANi,
4207070059	zimiyOnavaMzE dvAdazasahasrANi lEvivaMzE dvAdazasahasrANi iSAkharavaMzE dvAdazasahasrANi,
4207080071	sibUlUnavaMzE dvAdazasahasrANi yUSaphavaMzE dvAdazasahasrANi binyAmInavaMzE ca dvAdazasahasrANi lOkA mudrAgkitAH|
4207090101	tataH paraM sarvvajAtIyAnAM sarvvavaMzIyAnAM sarvvadEzIyAnAM sarvvabhASAvAdinAnjca mahAlOkAraNyaM mayA dRSTaM, tAn gaNayituM kEnApi na zakyaM, tE ca zubhraparicchadaparihitAH santaH karaizca tAlavRntAni vahantaH siMhAsanasya mESazAvakasya cAntikE tiSThanti,
42070a0079	uccaiHsvarairidaM kathayanti ca, siMhAsanOpaviSTasya paramEzasya naH stavaH|stavazca mESavatsasya sambhUyAt trANakAraNAt|
42070b008c	tataH sarvvE dUtAH siMhAsanasya prAcInavargasya prANicatuSTayasya ca paritastiSThantaH siMhAsanasyAntikE nyUbjIbhUyEzvaraM praNamya vadanti,
42070c0093	tathAstu dhanyavAdazca tEjO jnjAnaM prazaMsanaM| zauryyaM parAkramazcApi zaktizca sarvvamEva tat| varttatAmIzvarE'smAkaM nityaM nityaM tathAstviti|
42070d0069	tataH paraM tESAM prAcInAnAm EkO janO mAM sambhASya jagAda zubhraparicchadaparihitA imE kE? kutO vAgatAH?
42070e00a7	tatO mayOktaM hE mahEccha bhavAnEva tat jAnAti| tEna kathitaM, imE mahAklEzamadhyAd Agatya mESazAvakasya rudhirENa svIyaparicchadAn prakSAlitavantaH zuklIkRtavantazca|
42070f0084	tatkAraNAt ta Izvarasya siMhAsanasyAntikE tiSThantO divArAtraM tasya mandirE taM sEvantE siMhAsanOpaviSTO janazca tAn adhisthAsyati|
4207100055	tESAM kSudhA pipAsA vA puna rna bhaviSyati raudraM kOpyuttApO vA tESu na nipatiSyati,
42071100a7	yataH siMhAsanAdhiSThAnakArI mESazAvakastAn cArayiSyati, amRtatOyAnAM prasravaNAnAM sannidhiM tAn gamayiSyati ca, IzvarO'pi tESAM nayanabhyaH sarvvamazru pramArkSyati|
4208010052	anantaraM saptamamudrAyAM tEna mOcitAyAM sArddhadaNPakAlaM svargO niHzabdO'bhavat|
4208020054	aparam aham IzvarasyAntikE tiSThataH saptadUtAn apazyaM tEbhyaH saptatUryyO'dIyanta|
42080300e0	tataH param anya EkO dUta AgataH sa svarNadhUpAdhAraM gRhItvA vEdimupAtiSThat sa ca yat siMhAsanasyAntikE sthitAyAH suvarNavEdyA upari sarvvESAM pavitralOkAnAM prArthanAsu dhUpAn yOjayEt tadarthaM pracuradhUpAstasmai dattAH|
420804006b	tatastasya dUtasya karAt pavitralOkAnAM prArthanAbhiH saMyuktadhUpAnAM dhUma Izvarasya samakSaM udatiSThat|
4208050087	pazcAt sa dUtO dhUpAdhAraM gRhItvA vEdyA vahninA pUrayitvA pRthivyAM nikSiptavAn tEna ravA mEghagarjjanAni vidyutO bhUmikampazcAbhavan|
420806004c	tataH paraM saptatUrI rdhArayantaH saptadUtAstUrI rvAdayitum udyatA abhavan|
42080700b7	prathamEna tUryyAM vAditAyAM raktamizritau zilAvahnI sambhUya pRthivyAM nikSiptau tEna pRthivyAstRtIyAMzO dagdhaH, tarUNAmapi tRtIyAMzO dagdhaH, haridvarNatRNAni ca sarvvANi dagdhAni|
420808007f	anantaraM dvitIyadUtEna tUryyAM vAditAyAM vahninA prajvalitO mahAparvvataH sAgarE nikSiptastEna sAgarasya tRtIyAMzO raktIbhUtaH
420809005e	sAgarE sthitAnAM saprANAnAM sRSTavastUnAM tRtIyAMzO mRtaH, arNavayAnAnAm api tRtIyAMzO naSTaH|
42080a0082	aparaM tRtIyadUtEna tUryyAM vAditAyAM dIpa iva jvalantI EkA mahatI tArA gagaNAt nipatya nadInAM jalaprasravaNAnAnjcOparyyAvatIrNA|
42080b0073	tasyAstArAyA nAma nAgadamanakamiti, tEna tOyAnAM tRtIyAMzE nAgadamanakIbhUtE tOyAnAM tiktatvAt bahavO mAnavA mRtAH|
42080c00e3	aparaM caturthadUtEna tUryyAM vAditAyAM sUryyasya tRtIyAMzazcandrasya tRtIyAMzO nakSatrANAnjca tRtIyAMzaH prahRtaH, tEna tESAM tRtIyAMzE 'ndhakArIbhUtE divasastRtIyAMzakAlaM yAvat tEjOhInO bhavati nizApi tAmEvAvasthAM gacchati|
42080d00de	tadA nirIkSamANEna mayAkAzamadhyEnAbhipatata Ekasya dUtasya ravaH zrutaH sa uccai rgadati, aparai ryaistribhi rdUtaistUryyO vAditavyAstESAm avaziSTatUrIdhvanitaH pRthivInivAsinAM santApaH santApaH santApazca sambhaviSyati|
4209010083	tataH paraM saptamadUtEna tUryyAM vAditAyAM gaganAt pRthivyAM nipatita EkastArakO mayA dRSTaH, tasmai rasAtalakUpasya kunjjikAdAyi|
4209020078	tEna rasAtalakUpE muktE mahAgnikuNPasya dhUma iva dhUmastasmAt kUpAd udgataH| tasmAt kUpadhUmAt sUryyAkAzau timirAvRtau|
4209030055	tasmAd dhUmAt pataggESu pRthivyAM nirgatESu naralOkasthavRzcikavat balaM tEbhyO'dAyi|
42090400a9	aparaM pRthivyAstRNAni haridvarNazAkAdayO vRkSAzca tai rna siMhitavyAH kintu yESAM bhAlESvIzvarasya mudrAyA agkO nAsti kEvalaM tE mAnavAstai rhiMsitavyA idaM ta AdiSTAH|
42090500ae	parantu tESAM badhAya nahi kEvalaM panjca mAsAn yAvat yAtanAdAnAya tEbhyaH sAmarthyamadAyi| vRzcikEna daSTasya mAnavasya yAdRzI yAtanA jAyatE tairapi tAdRzI yAtanA pradIyatE|
420906008b	tasmin samayE mAnavA mRtyuM mRgayiSyantE kintu prAptuM na zakSyanti, tE prANAn tyaktum abhilaSiSyanti kintu mRtyustEbhyO dUraM palAyiSyatE|
42090700a3	tESAM pataggAnAm AkArO yuddhArthaM susajjitAnAm azvAnAm AkArasya tulyaH, tESAM ziraHsu suvarNakirITAnIva kirITAni vidyantE, mukhamaNPalAni ca mAnuSikamukhatulyAni,
420908003b	kEzAzca yOSitAM kEzAnAM sadRzAH, dantAzca siMhadantatulyAH,
420909006c	lauhakavacavat tESAM kavacAni santi, tESAM pakSANAM zabdO raNAya dhAvatAmazvarathAnAM samUhasya zabdatulyaH|
42090a008a	vRzcikAnAmiva tESAM lAggUlAni santi, tESu lAggUlESu kaNTakAni vidyantE, aparaM panjca mAsAn yAvat mAnavAnAM hiMsanAya tE sAmarthyaprAptAH|
42090b0072	tESAM rAjA ca rasAtalasya dUtastasya nAma ibrIyabhASayA abaddOn yUnAnIyabhASayA ca apalluyOn arthatO vinAzaka iti|
42090c0052	prathamaH santApO gatavAn pazya itaH paramapi dvAbhyAM santApAbhyAm upasthAtavyaM|
42090d0076	tataH paraM SaSThadUtEna tUryyAM vAditAyAm IzvarasyAntikE sthitAyAH suvarNavEdyAzcatuzcUPAtaH kasyacid ravO mayAzrAvi|
42090e0062	sa tUrIdhAriNaM SaSThadUtam avadat, pharAtAkhyE mahAnadE yE catvArO dUtA baddhAH santi tAn mOcaya|
42090f0080	tatastaddaNPasya taddinasya tanmAsasya tadvatsarasya ca kRtE nirUpitAstE catvArO dUtA mAnavAnAM tRtIyAMzasya badhArthaM mOcitAH|
4209100042	aparam azvArOhisainyAnAM saMkhyA mayAzrAvi, tE viMzatikOTaya Asan|
42091100d6	mayA yE 'zvA azvArOhiNazca dRSTAsta EtAdRzAH, tESAM vahnisvarUpANi nIlaprastarasvarUpANi gandhakasvarUpANi ca varmmANyAsan, vAjinAnjca siMhamUrddhasadRzA mUrddhAnaH, tESAM mukhEbhyO vahnidhUmagandhakA nirgacchanti|
420912006b	Etaistribhi rdaNPairarthatastESAM mukhEbhyO nirgacchadbhi rvahnidhUmagandhakai rmAnuSANAM tutIyAMzO 'ghAni|
420913007b	tESAM vAjinAM balaM mukhESu lAggUlESu ca sthitaM, yatastESAM lAggUlAni sarpAkArANi mastakaviziSTAni ca tairEva tE hiMsanti|
42091400dc	aparam avaziSTA yE mAnavA tai rdaNPai rna hatAstE yathA dRSTizravaNagamanazaktihInAn svarNaraupyapittalaprastarakASThamayAn vigrahAn bhUtAMzca na pUjayiSyanti tathA svahastAnAM kriyAbhyaH svamanAMsi na parAvarttitavantaH
4209150046	svabadhakuhakavyabhicAracauryyObhyO 'pi manAMsi na parAvarttitavantaH|
420a0100b0	anantaraM svargAd avarOhan apara EkO mahAbalO dUtO mayA dRSTaH, sa parihitamEghastasya zirazca mEghadhanuSA bhUSitaM mukhamaNPalanjca sUryyatulyaM caraNau ca vahnistambhasamau|
420a02006d	sa svakarENa vistIrNamEkaM kSUdragranthaM dhArayati, dakSiNacaraNEna samudrE vAmacaraNEna ca sthalE tiSThati|
420a030061	sa siMhagarjanavad uccaiHsvarENa nyanadat ninAdE kRtE sapta stanitAni svakIyAn svanAn prAkAzayan|
420a04009a	taiH sapta stanitai rvAkyE kathitE 'haM tat lEkhitum udyata AsaM kintu svargAd vAgiyaM mayA zrutA sapta stanitai ryad yad uktaM tat mudrayAgkaya mA likha|
420a05005a	aparaM samudramEdinyOstiSThan yO dUtO mayA dRSTaH sa gaganaM prati svadakSiNakaramutthApya
420a0600cf	aparaM svargAd yasya ravO mayAzrAvi sa puna rmAM sambhAvyAvadat tvaM gatvA samudramEdinyOstiSThatO dUtasya karAt taM vistIrNa kSudragranthaM gRhANa, tEna mayA dUtasamIpaM gatvA kathitaM granthO 'sau dIyatAM|
420a0700ad	kintu tUrIM vAdiSyataH saptamadUtasya tUrIvAdanasamaya Izvarasya guptA mantraNA tasya dAsAn bhaviSyadvAdinaH prati tEna susaMvAdE yathA prakAzitA tathaiva siddhA bhaviSyati|
420a080095	aparaM svargAd yasya ravO mayAzrAvi sa puna rmAM sambhASyAvadat tvaM gatvA samudramEdinyOstiSThatO dUtasya karAt taM vistIrNaM kSudragranthaM gRhANa,
420a0900a3	tEna mayA dUtasamIpaM gatvA kathitaM granthO 'sau dIyatAM| sa mAm avadat taM gRhItvA gila, tavOdarE sa tiktarasO bhaviSyati kintu mukhE madhuvat svAdu rbhaviSyati|
420a0a0081	tEna mayA dUtasya karAd granthO gRhItO gilitazca| sa tu mama mukhE madhuvat svAdurAsIt kintvadanAt paraM mamOdarastiktatAM gataH|
420a0b005d	tataH sa mAm avadat bahUn jAtivaMzabhASAvadirAjAn adhi tvayA puna rbhaviSyadvAkyaM vaktavyaM|
420b01008d	anantaraM parimANadaNPavad EkO nalO mahyamadAyi, sa ca dUta upatiSThan mAm avadat, utthAyEzvarasya mandiraM vEdIM tatratyasEvakAMzca mimISva|
420b02009a	kintu mandirasya bahiHprAggaNaM tyaja na mimISva yatastad anyajAtIyEbhyO dattaM, pavitraM nagaranjca dvicatvAriMzanmAsAn yAvat tESAM caraNai rmarddiSyatE|
420b0300a0	pazcAt mama dvAbhyAM sAkSibhyAM mayA sAmarthyaM dAyiSyatE tAvuSTralOmajavastraparihitau SaSThyadhikadvizatAdhikasahasradinAni yAvad bhaviSyadvAkyAni vadiSyataH|
420b04003f	tAvEva jagadIzvarasyAntikE tiSThantau jitavRkSau dIpavRkSau ca|
420b05009e	yadi kEcit tau hiMsituM cESTantE tarhi tayO rvadanAbhyAm agni rnirgatya tayOH zatrUn bhasmIkariSyati| yaH kazcit tau hiMsituM cESTatE tEnaivamEva vinaSTavyaM|
420b0600dd	tayO rbhaviSyadvAkyakathanadinESu yathA vRSTi rna jAyatE tathA gaganaM rOddhuM tayOH sAmarthyam asti, aparaM tOyAni zONitarUpANi karttuM nijAbhilASAt muhurmuhuH sarvvavidhadaNPaiH pRthivIm Ahantunjca tayOH sAmarthyamasti|
420b070070	aparaM tayOH sAkSyE samAptE sati rasAtalAd yEnOtthitavyaM sa pazustAbhyAM saha yuddhvA tau jESyati haniSyati ca|
420b08009f	tatastayOH prabhurapi yasyAM mahApuryyAM kruzE hatO 'rthatO yasyAH pAramArthikanAmanI sidOmaM misarazcEti tasyA mahApuryyAMH sannivEzE tayOH kuNapE sthAsyataH|
420b0900a8	tatO nAnAjAtIyA nAnAvaMzIyA nAnAbhASAvAdinO nAnAdEzIyAzca bahavO mAnavAH sArddhadinatrayaM tayOH kuNapE nirIkSiSyantE, tayOH kuNapayOH zmazAnE sthApanaM nAnujnjAsyanti|
420b0a00a5	pRthivInivAsinazca tayO rhEtOrAnandiSyanti sukhabhOgaM kurvvantaH parasparaM dAnAni prESayiSyanti ca yatastAbhyAM bhaviSyadvAdibhyAM pRthivInivAsinO yAtanAM prAptAH|
420b0b0096	tasmAt sArddhadinatrayAt param IzvarAt jIvanadAyaka Atmani tau praviSTE tau caraNairudatiSThatAM, tEna yAvantastAvapazyan tE 'tIva trAsayuktA abhavan|
420b0c009c	tataH paraM tau svargAd uccairidaM kathayantaM ravam azRNutAM yuvAM sthAnam Etad ArOhatAM tatastayOH zatruSu nirIkSamANESu tau mEghEna svargam ArUPhavantau|
420b0d00a8	taddaNPE mahAbhUmikampE jAtE puryyA dazamAMzaH patitaH saptasahasrANi mAnuSAzca tEna bhUmikampEna hatAH, avaziSTAzca bhayaM gatvA svargIyEzvarasya prazaMsAm akIrttayan|
420b0e003e	dvitIyaH santApO gataH pazya tRtIyaH santApastUrNam Agacchati|
420b0f00d5	anantaraM saptadUtEna tUryyAM vAditAyAM svarga uccaiH svarairvAgiyaM kIrttitA, rAjatvaM jagatO yadyad rAjyaM tadadhunAbhavat| asmatprabhOstadIyAbhiSiktasya tArakasya ca| tEna cAnantakAlIyaM rAjatvaM prakariSyatE||
420b100070	aparam IzvarasyAntikE svakIyasiMhAsanESUpaviSTAzcaturviMzatiprAcInA bhuvi nyagbhUkhA bhUtvEzvaraM praNamyAvadan,
420b11008f	hE bhUta varttamAnApi bhaviSyaMzca parEzvara| hE sarvvazaktiman svAmin vayaM tE kurmmahE stavaM| yat tvayA kriyatE rAjyaM gRhItvA tE mahAbalaM|
420b12010c	vijAtIyESu kupyatsu prAdurbhUtA tava krudhA| mRtAnAmapi kAlO 'sau vicArO bhavitA yadA| bhRtyAzca tava yAvantO bhaviSyadvAdisAdhavaH|yE ca kSudrA mahAntO vA nAmatastE hi bibhyati| yadA sarvvEbhya EtEbhyO vEtanaM vitariSyatE| gantavyazca yadA nAzO vasudhAyA vinAzakaiH||
420b1300b3	anantaram Izvarasya svargasthamandirasya dvAraM muktaM tanmandiramadhyE ca niyamamanjjUSA dRzyAbhavat, tEna taPitO ravAH stanitAni bhUmikampO gurutarazilAvRSTizcaitAni samabhavan|
420c010086	tataH paraM svargE mahAcitraM dRSTaM yOSidEkAsIt sA parihitasUryyA candrazca tasyAzcaraNayOradhO dvAdazatArANAM kirITanjca zirasyAsIt|
420c02003c	sA garbhavatI satI prasavavEdanayA vyathitArttarAvam akarOt|
420c03008e	tataH svargE 'param EkaM citraM dRSTaM mahAnAga Eka upAtiSThat sa lOhitavarNastasya sapta zirAMsi sapta zRggANi ziraHsu ca sapta kirITAnyAsan|
420c0400ae	sa svalAggUlEna gaganasthanakSatrANAM tRtIyAMzam avamRjya pRthivyAM nyapAtayat| sa Eva nAgO navajAtaM santAnaM grasitum udyatastasyAH prasaviSyamANAyA yOSitO 'ntikE 'tiSThat|
420c05009f	sA tu puMsantAnaM prasUtA sa Eva lauhamayarAjadaNPEna sarvvajAtIzcArayiSyati, kinjca tasyAH santAna Izvarasya samIpaM tadIyasiMhAsanasya ca sannidhim uddhRtaH|
420c060085	sA ca yOSit prAntaraM palAyitA yatastatrEzvarENa nirmmita AzramE SaSThyadhikazatadvayAdhikasahasradinAni tasyAH pAlanEna bhavitavyaM|
420c0700a3	tataH paraM svargE saMgrAma upApiSThat mIkhAyElastasya dUtAzca tEna nAgEna sahAyudhyan tathA sa nAgastasya dUtAzca saMgrAmam akurvvan, kintu prabhavituM nAzaknuvan
420c08002b	yataH svargE tESAM sthAnaM puna rnAvidyata|
420c0900d1	aparaM sa mahAnAgO 'rthatO diyAvalaH (apavAdakaH) zayatAnazca (vipakSaH) iti nAmnA vikhyAtO yaH purAtanaH sarpaH kRtsnaM naralOkaM bhrAmayati sa pRthivyAM nipAtitastEna sArddhaM tasya dUtA api tatra nipAtitAH|
420c0a00fa	tataH paraM svargE uccai rbhASamANO ravO 'yaM mayAzrAvi, trANaM zaktizca rAjatvamadhunaivEzvarasya naH| tathA tEnAbhiSiktasya trAtuH parAkramO 'bhavatM|| yatO nipAtitO 'smAkaM bhrAtRNAM sO 'bhiyOjakaH| yEnEzvarasya naH sAkSAt tE 'dUSyanta divAnizaM||
420c0b0084	mESavatsasya raktEna svasAkSyavacanEna ca| tE tu nirjitavantastaM na ca snEham akurvvata| prANOSvapi svakIyESu maraNasyaiva sagkaTE|
420c0c00ae	tasmAd Anandatu svargO hRSyantAM tannivAminaH| hA bhUmisAgarau tApO yuvAmEvAkramiSyati| yuvayOravatIrNO yat zaitAnO 'tIva kApanaH| alpO mE samayO 'styEtaccApi tEnAvagamyatE||
420c0d0058	anantaraM sa nAgaH pRthivyAM svaM nikSiptaM vilOkya tAM putraprasUtAM yOSitam upAdravat|
420c0e00c2	tataH sA yOSit yat svakIyaM prAntarasthAzramaM pratyutpatituM zaknuyAt tadarthaM mahAkurarasya pakSadvayaM tasvai dattaM, sA tu tatra nAgatO dUrE kAlaikaM kAladvayaM kAlArddhanjca yAvat pAlyatE|
420c0f005f	kinjca sa nAgastAM yOSitaM srOtasA plAvayituM svamukhAt nadIvat tOyAni tasyAH pazcAt prAkSipat|
420c100056	kintu mEdinI yOSitam upakurvvatI nijavadanaM vyAdAya nAgamukhAd udgIrNAM nadIm apivat|
420c11008f	tatO nAgO yOSitE kruddhvA tadvaMzasyAvaziSTalOkairarthatO ya IzvarasyAjnjAH pAlayanti yIzOH sAkSyaM dhArayanti ca taiH saha yOddhuM nirgatavAn|
420d0100bf	tataH paramahaM sAgarIyasikatAyAM tiSThan sAgarAd udgacchantam EkaM pazuM dRSTavAn tasya daza zRggANi sapta zirAMsi ca daza zRggESu daza kirITAni ziraHsu cEzvaranindAsUcakAni nAmAni vidyantE|
420d0200ab	mayA dRSTaH sa pazuzcitravyAghrasadRzaH kintu tasya caraNau bhallUkasyEva vadananjca siMhavadanamiva| nAganE tasmai svIyaparAkramaH svIyaM siMhAsanaM mahAdhipatyanjcAdAyi|
420d0300a7	mayi nirIkSamANE tasya zirasAm Ekam antakAghAtEna chEditamivAdRzyata, kintu tasyAntakakSatasya pratIkArO 'kriyata tataH kRtsnO naralOkastaM pazumadhi camatkAraM gataH,
420d04008c	yazca nAgastasmai pazavE sAmarthyaM dattavAn sarvvE taM prANaman pazumapi praNamantO 'kathayan, kO vidyatE pazOstulyastEna kO yOddhumarhati|
420d050069	anantaraM tasmai darpavAkyEzvaranindAvAdi vadanaM dvicatvAriMzanmAsAn yAvad avasthitEH sAmarthyanjcAdAyi|
420d060065	tataH sa IzvaranindanArthaM mukhaM vyAdAya tasya nAma tasyAvAsaM svarganivAsinazca ninditum Arabhata|
420d07009e	aparaM dhArmmikaiH saha yOdhanasya tESAM parAjayasya cAnumatiH sarvvajAtIyAnAM sarvvavaMzIyAnAM sarvvabhASAvAdinAM sarvvadEzIyAnAnjcAdhipatyamapi tasmA adAyi|
420d080095	tatO jagataH sRSTikAlAt chEditasya mESavatsasya jIvanapustakE yAvatAM nAmAni likhitAni na vidyantE tE pRthivInivAsinaH sarvvE taM pazuM praNaMsyanti|
420d090020	yasya zrOtraM vidyatE sa zRNOtu|
420d0a00bd	yO janO 'parAn vandIkRtya nayati sa svayaM vandIbhUya sthAnAntaraM gamiSyati, yazca khaggEna hanti sa svayaM khaggEna ghAniSyatE| atra pavitralOkAnAM sahiSNutayA vizvAsEna ca prakAzitavyaM|
420d0b0074	anantaraM pRthivIta udgacchan apara EkaH pazu rmayA dRSTaH sa mESazAvakavat zRggadvayaviziSTa AsIt nAgavaccAbhASata|
420d0c00a3	sa prathamapazOrantikE tasya sarvvaM parAkramaM vyavaharati vizESatO yasya prathamapazOrantikakSataM pratIkAraM gataM tasya pUjAM pRthivIM tannivAsinazca kArayati|
420d0d004a	aparaM mAnavAnAM sAkSAd AkAzatO bhuvi vahnivarSaNAdIni mahAcitrANi karOti|
420d0e00d4	tasya pazOH sAkSAd yESAM citrakarmmaNAM sAdhanAya sAmarthyaM tasmai dattaM taiH sa pRthivInivAsinO bhrAmayati, vizESatO yaH pazuH khaggEna kSatayuktO bhUtvApyajIvat tasya pratimAnirmmANaM pRthivInivAsina Adizati|
420d0f00ab	aparaM tasya pazOH pratimA yathA bhASatE yAvantazca mAnavAstAM pazupratimAM na pUjayanti tE yathA hanyantE tathA pazupratimAyAH prANapratiSThArthaM sAmarthyaM tasmA adAyi|
420d100059	aparaM kSudramahaddhanidaridramuktadAsAn sarvvAn dakSiNakarE bhAlE vA kalagkaM grAhayati|
420d110088	tasmAd yE taM kalagkamarthataH pazO rnAma tasya nAmnaH saMkhyAgkaM vA dhArayanti tAn vinA parENa kEnApi krayavikrayE karttuM na zakyEtE|
420d120094	atra jnjAnEna prakAzitavyaM| yO buddhiviziSTaH sa pazOH saMkhyAM gaNayatu yataH sA mAnavasya saMkhyA bhavati| sA ca saMkhyA SaTSaSTyadhikaSaTzatAni|
420e0100d2	tataH paraM nirIkSamANEna mayA mESazAvakO dRSTaH sa siyOnaparvvatasyOparyyatiSThat, aparaM yESAM bhAlESu tasya nAma tatpituzca nAma likhitamAstE tAdRzAzcatuzcatvAriMzatsahasrAdhikA lakSalOkAstEna sArddham Asan|
420e020093	anantaraM bahutOyAnAM rava iva gurutarastanitasya ca rava iva EkO ravaH svargAt mayAzrAvi| mayA zrutaH sa ravO vINAvAdakAnAM vINAvAdanasya sadRzaH|
420e0300d3	siMhasanasyAntikE prANicatuSTayasya prAcInavargasya cAntikE 'pi tE navInamEkaM gItam agAyan kintu dharaNItaH parikrItAn tAn catuzcatvAriMzatyahasrAdhikalakSalOkAn vinA nAparENa kEnApi tad gItaM zikSituM zakyatE|
420e0400d7	imE yOSitAM saggEna na kalagkitA yatastE 'maithunA mESazAvakO yat kimapi sthAnaM gacchEt tatsarvvasmin sthAnE tam anugacchanti yatastE manuSyANAM madhyataH prathamaphalAnIvEzvarasya mESazAvakasya ca kRtE parikrItAH|
420e05005c	tESAM vadanESu cAnRtaM kimapi na vidyatE yatastE nirddOSA IzvarasiMhAsanasyAntikE tiSThanti|
420e0600dc	anantaram AkAzamadhyEnOPPIyamAnO 'para EkO dUtO mayA dRSTaH sO 'nantakAlIyaM susaMvAdaM dhArayati sa ca susaMvAdaH sarvvajAtIyAn sarvvavaMzIyAn sarvvabhASAvAdinaH sarvvadEzIyAMzca pRthivInivAsinaH prati tEna ghOSitavyaH|
420e0700cb	sa uccaiHsvarENEdaM gadati yUyamIzvarAd bibhIta tasya stavaM kuruta ca yatastadIyavicArasya daNPa upAtiSThat tasmAd AkAzamaNPalasya pRthivyAH samudrasya tOyaprasravaNAnAnjca sraSTA yuSmAbhiH praNamyatAM|
420e080084	tatpazcAd dvitIya EkO dUta upasthAyAvadat patitA patitA sA mahAbAbil yA sarvvajAtIyAn svakIyaM vyabhicArarUpaM krOdhamadam apAyayat|
420e090085	tatpazcAd tRtIyO dUta upasthAyOccairavadat, yaH kazcita taM zazuM tasya pratimAnjca praNamati svabhAlE svakarE vA kalagkaM gRhlAti ca
420e0a00a5	sO 'pIzvarasya krOdhapAtrE sthitam amizritaM madat arthata Izvarasya krOdhamadaM pAsyati pavitradUtAnAM mESazAvakasya ca sAkSAd vahnigandhakayO ryAtanAM lapsyatE ca|
420e0b00a5	tESAM yAtanAyA dhUmO 'nantakAlaM yAvad udgamiSyati yE ca pazuM tasya pratimAnjca pUjayanti tasya nAmnO 'gkaM vA gRhlanti tE divAnizaM kanjcana virAmaM na prApsyanti|
420e0c0066	yE mAnavA IzvarasyAjnjA yIzau vizvAsanjca pAlayanti tESAM pavitralOkAnAM sahiSNutayAtra prakAzitavyaM|
420e0d00e0	aparaM svargAt mayA saha sambhASamANa EkO ravO mayAzrAvi tEnOktaM tvaM likha, idAnImArabhya yE prabhau mriyantE tE mRtA dhanyA iti; AtmA bhASatE satyaM svazramEbhyastai rvirAmaH prAptavyaH tESAM karmmANi ca tAn anugacchanti|
420e0e009f	tadanantaraM nirIkSamANEna mayA zvEtavarNa EkO mEghO dRSTastanmEghArUPhO janO mAnavaputrAkRtirasti tasya zirasi suvarNakirITaM karE ca tIkSNaM dAtraM tiSThati|
420e0f00ca	tataH param anya EkO dUtO mandirAt nirgatyOccaiHsvarENa taM mEghArUPhaM sambhASyAvadat tvayA dAtraM prasAryya zasyacchEdanaM kriyatAM zasyacchEdanasya samaya upasthitO yatO mEdinyAH zasyAni paripakkAni|
420e100051	tatastEna mEghArUPhEna pRthivyAM dAtraM prasAryya pRthivyAH zasyacchEdanaM kRtaM|
420e110056	anantaram apara EkO dUtaH svargasthamandirAt nirgataH sO 'pi tIkSNaM dAtraM dhArayati|
420e1200d6	aparam anya EkO dUtO vEditO nirgataH sa vahnEradhipatiH sa uccaiHsvarENa taM tIkSNadAtradhAriNaM sambhASyAvadat tvayA svaM tIkSNaM dAtraM prasAryya mEdinyA drAkSAgucchacchEdanaM kriyatAM yatastatphalAni pariNatAni|
420e130099	tataH sa dUtaH pRthivyAM svadAtraM prasAryya pRthivyA drAkSAphalacchEdanam akarOt tatphalAni cEzvarasya krOdhasvarUpasya mahAkuNPasya madhyaM nirakSipat|
420e14007e	tatkuNPasthaphalAni ca bahi rmardditAni tataH kuNPamadhyAt nirgataM raktaM krOzazataparyyantam azvAnAM khalInAn yAvad vyApnOt|
420f0100a6	tataH param ahaM svargE 'param Ekam adbhutaM mahAcihnaM dRSTavAn arthatO yai rdaNPairIzvarasya kOpaH samAptiM gamiSyati tAn daNPAn dhArayantaH sapta dUtA mayA dRSTAH|
420f0200b4	vahnimizritasya kAcamayasya jalAzayasyAkRtirapi dRSTA yE ca pazOstatpratimAyAstannAmnO 'gkasya ca prabhUtavantastE tasya kAcamayajalAzayasya tIrE tiSThanta IzvarIyavINA dhArayanti,
420f0300d3	IzvaradAsasya mUsasO gItaM mESazAvakasya ca gItaM gAyantO vadanti, yathA, sarvvazaktiviziSTastvaM hE prabhO paramEzvara|tvadIyasarvvakarmmANi mahAnti cAdbhutAni ca| sarvvapuNyavatAM rAjan mArgA nyAyyA RtAzca tE|
420f0400e8	hE prabhO nAmadhEyAttE kO na bhItiM gamiSyati| kO vA tvadIyanAmnazca prazaMsAM na kariSyati| kEvalastvaM pavitrO 'si sarvvajAtIyamAnavAH| tvAmEvAbhipraNaMsyanti samAgatya tvadantikaM| yasmAttava vicArAjnjAH prAdurbhAvaM gatAH kila||
420f050051	tadanantaraM mayi nirIkSamANE sati svargE sAkSyAvAsasya mandirasya dvAraM muktaM|
420f0600a9	yE ca sapta dUtAH sapta daNPAn dhArayanti tE tasmAt mandirAt niragacchan| tESAM paricchadA nirmmalazRbhravarNavastranirmmitA vakSAMsi ca suvarNazRgkhalai rvESTitAnyAsan|
420f07004e	aparaM caturNAM prANinAm EkastEbhyaH saptadUtEbhyaH saptasuvarNakaMsAn adadAt|
420f08009e	anantaram Izvarasya tEjaHprabhAvakAraNAt mandiraM dhUmEna paripUrNaM tasmAt taiH saptadUtaiH saptadaNPAnAM samAptiM yAvat mandiraM kEnApi pravESTuM nAzakyata|
4210010092	tataH paraM mandirAt tAn saptadUtAn sambhASamANa ESa mahAravO mayAzrAvi, yUyaM gatvA tEbhyaH saptakaMsEbhya Izvarasya krOdhaM pRthivyAM srAvayata|
42100200af	tataH prathamO dUtO gatvA svakaMsE yadyad avidyata tat pRthivyAm asrAvayat tasmAt pazOH kalagkadhAriNAM tatpratimApUjakAnAM mAnavAnAM zarIrESu vyathAjanakA duSTavraNA abhavan|
421003009b	tataH paraM dvitIyO dUtaH svakaMsE yadyad avidyata tat samudrE 'srAvayat tEna sa kuNapasthazONitarUpyabhavat samudrE sthitAzca sarvvE prANinO mRtyuM gatAH|
42100400ae	aparaM tRtIyO dUtaH svakaMsE yadyad avidyata tat sarvvaM nadISu jalaprasravaNESu cAsrAvayat tatastAni raktamayAnyabhavan| aparaM tOyAnAm adhipasya dUtasya vAgiyaM mayA zrutA|
4210050060	varttamAnazca bhUtazca bhaviSyaMzca paramEzvaraH| tvamEva nyAyyakArI yad EtAdRk tvaM vyacArayaH|
421006005f	bhaviSyadvAdisAdhUnAM raktaM tairEva pAtitaM| zONitaM tvantu tEbhyO 'dAstatpAnaM tESu yujyatE||
42100700a1	anantaraM vEdItO bhASamANasya kasyacid ayaM ravO mayA zrutaH, hE parazvara satyaM tat hE sarvvazaktiman prabhO| satyA nyAyyAzca sarvvA hi vicArAjnjAstvadIyakAH||
4210080082	anantaraM caturthO dUtaH svakaMsE yadyad avidyata tat sarvvaM sUryyE 'srAvayat tasmai ca vahninA mAnavAn dagdhuM sAmarthyam adAyi|
4210090086	tEna manuSyA mahAtApEna tApitAstESAM daNPAnAm AdhipatyaviziSTasyEzvarasya nAmAnindan tatprazaMsArthanjca manaHparivarttanaM nAkurvvan|
42100a00b0	tataH paraM panjcamO dUtaH svakaMsE yadyad avidyata tat sarvvaM pazOH siMhAsanE 'srAvayat tEna tasya rASTraM timirAcchannam abhavat lOkAzca vEdanAkAraNAt svarasanA adaMdazyata|
42100b0059	svakIyavyathAvraNakAraNAcca svargastham anindan svakriyAbhyazca manAMsi na parAvarttayan|
42100c00b0	tataH paraM SaSThO dUtaH svakaMsE yadyad avidyata tat sarvvaM pharAtAkhyO mahAnadE 'srAvayat tEna sUryyOdayadiza AgamiSyatAM rAjnjAM mArgasugamArthaM tasya tOyAni paryyazuSyan|
42100d0086	anantaraM nAgasya vadanAt pazO rvadanAt mithyAbhaviSyadvAdinazca vadanAt nirgacchantastrayO 'zucaya AtmAnO mayA dRSTAstE maNPUkAkArAH|
42100e00b2	ta AzcaryyakarmmakAriNO bhUtAnAm AtmAnaH santi sarvvazaktimata Izvarasya mahAdinE yEna yuddhEna bhavitavyaM tatkRtE kRtsrajagatO rAjnjAH saMgrahItuM tESAM sannidhiM nirgacchanti|
42100f0039	aparam ibribhASayA harmmagiddOnAmakasthanE tE saggRhItAH|
42101000a4	pazyAhaM cairavad AgacchAmi yO janaH prabuddhastiSThati yathA ca nagnaH san na paryyaTati tasya lajjA ca yathA dRzyA na bhavati tathA svavAsAMsi rakSati sa dhanyaH|
42101100a2	tataH paraM saptamO dUtaH svakaMsE yadyad avidyata tat sarvvam AkAzE 'srAvayat tEna svargIyamandiramadhyasthasiMhAsanAt mahAravO 'yaM nirgataH samAptirabhavaditi|
421012009e	tadanantaraM taPitO ravAH stanitAni cAbhavan, yasmin kAlE ca pRthivyAM manuSyAH sRSTAstam Arabhya yAdRgmahAbhUmikampaH kadApi nAbhavat tAdRg bhUkampO 'bhavat|
421013008c	tadAnIM mahAnagarI trikhaNPA jAtA bhinnajAtIyAnAM nagarANi ca nyapatan mahAbAbil cEzvarENa svakIyapracaNPakOpamadirApAtradAnArthaM saMsmRtA|
4210140024	dvIpAzca palAyitA girayazcAntahitAH|
421015009d	gaganamaNPalAcca manuSyANAm uparyyEkaikadrONaparimitazilAnAM mahAvRSTirabhavat tacchilAvRSTEH klEzAt manuSyA Izvaram anindam yatastajjAtaH klEzO 'tIva mahAn|
42110100a3	tadanantaraM tESAM saptakaMsadhAriNAM saptadUtAnAm Eka Agatya mAM sambhASyAvadat, atrAgaccha, mEdinyA narapatayO yayA vEzyayA sArddhaM vyabhicArakarmma kRtavantaH,
4211020079	yasyA vyabhicAramadEna ca pRthivInivAsinO mattA abhavan tasyA bahutOyESUpaviSTAyA mahAvEzyAyA daNPam ahaM tvAM darzayAmi|
42110300a5	tatO 'ham AtmanAviSTastEna dUtEna prAntaraM nItastatra nindAnAmabhiH paripUrNaM saptazirObhi rdazazRggaizca viziSTaM sindUravarNaM pazumupaviSTA yOSidEkA mayA dRSTA|
42110400c5	sA nArI kRSNalOhitavarNaM sindUravarNanjca paricchadaM dhArayati svarNamaNimuktAbhizca vibhUSitAsti tasyAH karE ghRNArhadravyaiH svavyabhicArajAtamalaizca paripUrNa EkaH suvarNamayaH kaMsO vidyatE|
4211050069	tasyA bhAlE nigUPhavAkyamidaM pRthivIsthavEzyAnAM ghRNyakriyANAnjca mAtA mahAbAbiliti nAma likhitam AstE|
421106008c	mama dRSTigOcarasthA sA nArI pavitralOkAnAM rudhirENa yIzOH sAkSiNAM rudhirENa ca mattAsIt tasyA darzanAt mamAtizayam AzcaryyajnjAnaM jAtaM|
42110700a2	tataH sa dUtO mAm avadat kutastavAzcaryyajnjAnaM jAyatE? asyA yOSitastadvAhanasya saptazirObhi rdazazRggaizca yuktasya pazOzca nigUPhabhAvam ahaM tvAM jnjApayAmi|
421108010a	tvayA dRSTO 'sau pazurAsIt nEdAnIM varttatE kintu rasAtalAt tEnOdEtavyaM vinAzazca gantavyaH| tatO yESAM nAmAni jagataH sRSTikAlam Arabhya jIvanapustakE likhitAni na vidyantE tE pRthivInivAsinO bhUtam avarttamAnamupasthAsyantanjca taM pazuM dRSTvAzcaryyaM maMsyantE|
4211090084	atra jnjAnayuktayA buddhyA prakAzitavyaM| tAni saptazirAMsi tasyA yOSita upavEzanasthAnasvarUpAH saptagirayaH sapta rAjAnazca santi|
42110a0072	tESAM panjca patitA Ekazca varttamAnaH zESazcAdyApyanupasthitaH sa yadOpasthAsyati tadApi tEnAlpakAlaM sthAtavyaM|
42110b005e	yaH pazurAsIt kintvidAnIM na varttatE sa EvASTamaH, sa saptAnAm EkO 'sti vinAzaM gamiSyati ca|
42110c009d	tvayA dRSTAni dazazRggANyapi daza rAjAnaH santiH, adyApi tai rAjyaM na prAptaM kintu muhUrttamEkaM yAvat pazunA sArddhaM tE rAjAna iva prabhutvaM prApsyanti|
42110d0044	ta EkamantraNA bhaviSyanti svakIyazaktiprabhAvau pazavE dAsyanti ca|
42110e009c	tE mESazAvakEna sArddhaM yOtsyanti, kintu mESazAvakastAn jESyati yataH sa prabhUnAM prabhU rAjnjAM rAjA cAsti tasya sagginO 'pyAhUtA abhirucitA vizvAsyAzca|
42110f0064	aparaM sa mAm avadat sA vEzyA yatrOpavizati tAni tOyAni lOkA janatA jAtayO nAnAbhASAvAdinazca santi|
421110008c	tvayA dRSTAni daza zRggANi pazuzcEmE tAM vEzyAm RtIyiSyantE dInAM nagnAnjca kariSyanti tasyA mAMsAni bhOkSyantE vahninA tAM dAhayiSyanti ca|
42111100b5	yata Izvarasya vAkyAni yAvat siddhiM na gamiSyanti tAvad Izvarasya manOgataM sAdhayitum EkAM mantraNAM kRtvA tasmai pazavE svESAM rAjyaM dAtunjca tESAM manAMsIzvarENa pravarttitAni|
4211120051	aparaM tvayA dRSTA yOSit sA mahAnagarI yA pRthivyA rAjnjAm upari rAjatvaM kurutE|
421201006f	tadanantaraM svargAd avarOhan apara EkO dUtO mayA dRSTaH sa mahAparAkramaviziSTastasya tEjasA ca pRthivI dIptA|
42120200ac	sa balavatA svarENa vAcamimAm aghOSayat patitA patitA mahAbAbil, sA bhUtAnAM vasatiH sarvvESAm azucyAtmanAM kArA sarvvESAm azucInAM ghRNyAnAnjca pakSiNAM pinjjarazcAbhavat|
42120300b9	yataH sarvvajAtIyAstasyA vyabhicArajAtAM kOpamadirAM pItavantaH pRthivyA rAjAnazca tayA saha vyabhicAraM kRtavantaH pRthivyA vaNijazca tasyAH sukhabhOgabAhulyAd dhanAPhyatAM gatavantaH|
42120400ab	tataH paraM svargAt mayApara ESa ravaH zrutaH, hE mama prajAH, yUyaM yat tasyAH pApAnAm aMzinO na bhavata tasyA daNPaizca daNPayuktA na bhavata tadarthaM tatO nirgacchata|
4212050051	yatastasyAH pApAni gaganasparzAnyabhavan tasyA adharmmakriyAzcEzvarENa saMsmRtAH|
42120600c5	parAn prati tayA yadvad vyavahRtaM tadvat tAM prati vyavaharata, tasyAH karmmaNAM dviguNaphalAni tasyai datta, yasmin kaMsE sA parAn madyam apAyayat tamEva tasyAH pAnArthaM dviguNamadyEna pUrayata|
42120700a0	tayA yAtmazlAghA yazca sukhabhOgaH kRtastayO rdviguNau yAtanAzOkau tasyai datta, yataH sA svakIyAntaHkaraNE vadati, rAjnjIvad upaviSTAhaM nAnAthA na ca zOkavit|
4212080089	tasmAd divasa Ekasmin mArIdurbhikSazOcanaiH, sA samAplOSyatE nArI dhyakSyatE vahninA ca sA; yad vicArAdhipastasyA balavAn prabhurIzvaraH,
421209008b	vyabhicArastayA sArddhaM sukhabhOgazca yaiH kRtaH, tE sarvva Eva rAjAnastaddAhadhUmadarzanAt, prarOdiSyanti vakSAMsi cAhaniSyanti bAhubhiH|
42120a0086	tasyAstai ryAtanAbhItE rdUrE sthitvEdamucyatE, hA hA bAbil mahAsthAna hA prabhAvAnvitE puri, Ekasmin AgatA daNPE vicArAjnjA tvadIyakA|
42120b005d	mEdinyA vaNijazca tasyAH kRtE rudanti zOcanti ca yatastESAM paNyadravyANi kEnApi na krIyantE|
42120c00d9	phalataH suvarNaraupyamaNimuktAH sUkSmavastrANi kRSNalOhitavAsAMsi paTTavastrANi sindUravarNavAsAMsi candanAdikASThAni gajadantEna mahArghakASThEna pittalalauhAbhyAM marmmaraprastarENa vA nirmmitAni sarvvavidhapAtrANi
42120d00a2	tvagElA dhUpaH sugandhidravyaM gandharasO drAkSArasastailaM zasyacUrNaM gOdhUmO gAvO mESA azvA rathA dAsEyA manuSyaprANAzcaitAni paNyadravyANi kEnApi na krIyantE|
42120e0087	tava manO'bhilASasya phalAnAM samayO gataH, tvattO dUrIkRtaM yadyat zObhanaM bhUSaNaM tava, kadAcana taduddEzO na puna rlapsyatE tvayA|
42120f0075	tadvikrEtArO yE vaNijastayA dhaninO jAtAstE tasyA yAtanAyA bhayAd dUrE tiSThanatO rOdiSyanti zOcantazcEdaM gadiSyanti
4212100079	hA hA mahApuri, tvaM sUkSmavastraiH kRSNalOhitavastraiH sindUravarNavAsObhizcAcchAditA svarNamaNimuktAbhiralagkRtA cAsIH,
4212110072	kintvEkasmin daNPE sA mahAsampad luptA| aparaM pOtAnAM karNadhArAH samUhalOkA nAvikAH samudravyavasAyinazca sarvvE
4212120065	dUrE tiSThantastasyA dAhasya dhUmaM nirIkSamANA uccaiHsvarENa vadanti tasyA mahAnagaryyAH kiM tulyaM?
42121300dc	aparaM svaziraHsu mRttikAM nikSipya tE rudantaH zOcantazcOccaiHsvarENEdaM vadanti hA hA yasyA mahApuryyA bAhulyadhanakAraNAt, sampattiH sanjcitA sarvvaiH sAmudrapOtanAyakaiH, EkasminnEva daNPE sA sampUrNOcchinnatAM gatA|
42121400be	hE svargavAsinaH sarvvE pavitrAH prEritAzca hE| hE bhAvivAdinO yUyaM kRtE tasyAH praharSata| yuSmAkaM yat tayA sArddhaM yO vivAdaH purAbhavat| daNPaM samucitaM tasya tasyai vyataradIzvaraH||
42121500bc	anantaram EkO balavAn dUtO bRhatpESaNIprastaratulyaM pASANamEkaM gRhItvA samudrE nikSipya kathitavAn, IdRgbalaprakAzEna bAbil mahAnagarI nipAtayiSyatE tatastasyA uddEzaH puna rna lapsyatE|
42121600bc	vallakIvAdinAM zabdaM puna rna zrOSyatE tvayi| gAthAkAnAnjca zabdO vA vaMzItUryyAdivAdinAM| zilpakarmmakaraH kO 'pi puna rna drakSyatE tvayi| pESaNIprastaradhvAnaH puna rna zrOSyatE tvayi|
42121700be	dIpasyApi prabhA tadvat puna rna drakSyatE tvayi| na kanyAvarayOH zabdaH punaH saMzrOSyatE tvayi| yasmAnmukhyAH pRthivyA yE vaNijastE'bhavan tava| yasmAcca jAtayaH sarvvA mOhitAstava mAyayA|
421218005e	bhAvivAdipavitrANAM yAvantazca hatA bhuvi| sarvvESAM zONitaM tESAM prAptaM sarvvaM tavAntarE||
421301009f	tataH paraM svargasthAnAM mahAjanatAyA mahAzabdO 'yaM mayA zrUtaH, brUta parEzvaraM dhanyam asmadIyO ya IzvaraH| tasyAbhavat paritrANAM prabhAvazca parAkramaH|
42130200bd	vicArAjnjAzca tasyaiva satyA nyAyyA bhavanti ca| yA svavEzyAkriyAbhizca vyakarOt kRtsnamEdinIM| tAM sa daNPitavAn vEzyAM tasyAzca karatastathA| zONitasya svadAsAnAM saMzOdhaM sa gRhItavAn||
421303007f	punarapi tairidamuktaM yathA, brUta parEzvaraM dhanyaM yannityaM nityamEva ca| tasyA dAhasya dhUmO 'sau dizamUrddhvamudESyati||
4213040097	tataH paraM caturvviMzatiprAcInAzcatvAraH prANinazca praNipatya siMhAsanOpaviSTam IzvaraM praNamyAvadan, tathAstu paramEzazca sarvvairEva prazasyatAM||
4213050090	anantaraM siMhAsanamadhyAd ESa ravO nirgatO, yathA, hE Izvarasya dAsEyAstadbhaktAH sakalA narAH| yUyaM kSudrA mahAntazca prazaMsata va IzvaraM||
42130600da	tataH paraM mahAjanatAyAH zabda iva bahutOyAnAnjca zabda iva gRrutarastanitAnAnjca zabda iva zabdO 'yaM mayA zrutaH, brUta parEzvaraM dhanyaM rAjatvaM prAptavAn yataH| sa paramEzvarO 'smAkaM yaH sarvvazaktimAn prabhuH|
4213070089	kIrttayAmaH stavaM tasya hRSTAzcOllAsitA vayaM| yanmESazAvakasyaiva vivAhasamayO 'bhavat| vAgdattA cAbhavat tasmai yA kanyA sA susajjitA|
4213080030	paridhAnAya tasyai ca dattaH zubhraH sucElakaH||
42130900b6	sa sucElakaH pavitralOkAnAM puNyAni| tataH sa mAm uktavAn tvamidaM likha mESazAvakasya vivAhabhOjyAya yE nimantritAstE dhanyA iti| punarapi mAm avadat, imAnIzvarasya satyAni vAkyAni|
42130a00f0	anantaraM ahaM tasya caraNayOrantikE nipatya taM praNantumudyataH|tataH sa mAm uktavAn sAvadhAnastiSTha maivaM kuru yIzOH sAkSyaviziSTaistava bhrAtRbhistvayA ca sahadAsO 'haM| IzvaramEva praNama yasmAd yIzOH sAkSyaM bhaviSyadvAkyasya sAraM|
42130b00a4	anantaraM mayA muktaH svargO dRSTaH, EkaH zvEtavarNO 'zvO 'pi dRSTastadArUPhO janO vizvAsyaH satyamayazcEti nAmnA khyAtaH sa yAthArthyEna vicAraM yuddhanjca karOti|
42130c0083	tasya nEtrE 'gnizikhAtulyE zirasi ca bahukirITAni vidyantE tatra tasya nAma likhitamasti tamEva vinA nAparaH kO 'pi tannAma jAnAti|
42130d0049	sa rudhiramagnEna paricchadEnAcchAdita IzvaravAda iti nAmnAbhidhIyatE ca|
42130e0068	aparaM svargasthasainyAni zvEtAzvArUPhAni parihitanirmmalazvEtasUkSmavastrANi ca bhUtvA tamanugacchanti|
42130f00ee	tasya vaktrAd EkastIkSaNaH khaggO nirgacchati tEna khaggEna sarvvajAtIyAstEnAghAtitavyAH sa ca lauhadaNPEna tAn cArayiSyati sarvvazaktimata Izvarasya pracaNPakOparasOtpAdakadrAkSAkuNPE yadyat tiSThati tat sarvvaM sa Eva padAbhyAM pinaSTi|
4213100056	aparaM tasya paricchada urasi ca rAjnjAM rAjA prabhUnAM prabhuzcEti nAma nikhitamasti|
421311008a	anantaraM sUryyE tiSThan EkO dUtO mayA dRSTaH, AkAzamadhya uPPIyamAnAn sarvvAn pakSiNaH prati sa uccaiHsvarENEdaM ghOSayati, atrAgacchata|
42131200c0	Izvarasya mahAbhOjyE milata, rAjnjAM kravyANi sEnApatInAM kravyANi vIrANAM kravyANyazvAnAM tadArUPhAnAnjca kravyANi dAsamuktAnAM kSudramahatAM sarvvESAmEva kravyANi ca yuSmAbhi rbhakSitavyAni|
4213130090	tataH paraM tEnAzvArUPhajanEna tadIyasainyaizca sArddhaM yuddhaM karttuM sa pazuH pRthivyA rAjAnastESAM sainyAni ca samAgacchantIti mayA dRSTaM|
42131400db	tataH sa pazu rdhRtO yazca mithyAbhaviSyadvaktA tasyAntikE citrakarmmANi kurvvan tairEva pazvagkadhAriNastatpratimApUjakAMzca bhramitavAn sO 'pi tEna sArddhaM dhRtaH| tau ca vahnigandhakajvalitahradE jIvantau nikSiptau|
4213150068	avaziSTAzca tasyAzvArUPhasya vaktranirgatakhaggEna hatAH, tESAM kravyaizca pakSiNaH sarvvE tRptiM gatAH|
4214010070	tataH paraM svargAd avarOhan EkO dUtO mayA dRSTastasya karE ramAtalasya kunjjikA mahAzRgkhalanjcaikaM tiSThataH|
421402006c	aparaM nAgO 'rthataH yO vRddhaH sarpO 'pavAdakaH zayatAnazcAsti tamEva dhRtvA varSasahasraM yAvad baddhavAn|
42140300da	aparaM rasAtalE taM nikSipya tadupari dvAraM ruddhvA mudrAgkitavAn yasmAt tad varSasahasraM yAvat sampUrNaM na bhavEt tAvad bhinnajAtIyAstEna puna rna bhramitavyAH| tataH param alpakAlArthaM tasya mOcanEna bhavitavyaM|
4214040161	anantaraM mayA siMhAsanAni dRSTAni tatra yE janA upAvizan tEbhyO vicArabhArO 'dIyata; anantaraM yIzOH sAkSyasya kAraNAd IzvaravAkyasya kAraNAcca yESAM zirazchEdanaM kRtaM pazOstadIyapratimAyA vA pUjA yai rna kRtA bhAlE karE vA kalagkO 'pi na dhRtastESAm AtmAnO 'pi mayA dRSTAH, tE prAptajIvanAstadvarSasahasraM yAvat khrISTEna sArddhaM rAjatvamakurvvan|
4214050050	kintvavaziSTA mRtajanAstasya varSasahasrasya samAptEH pUrvvaM jIvanaM na prApan|
42140600da	ESA prathamOtthitiH| yaH kazcit prathamAyA utthitEraMzI sa dhanyaH pavitrazca| tESu dvitIyamRtyOH kO 'pyadhikArO nAsti ta Izvarasya khrISTasya ca yAjakA bhaviSyanti varSasahasraM yAvat tEna saha rAjatvaM kariSyanti ca|
4214070032	varSasahasrE samAptE zayatAnaH svakArAtO mOkSyatE|
42140800ac	tataH sa pRthivyAzcaturdikSu sthitAn sarvvajAtIyAn vizESatO jUjAkhyAn mAjUjAkhyAMzca sAmudrasikatAvad bahusaMkhyakAn janAn bhramayitvA yuddhArthaM saMgrahItuM nirgamiSyati|
4214090094	tatastE mEdinyAH prasthEnAgatya pavitralOkAnAM durgaM priyatamAM nagarInjca vESTitavantaH kintvIzvarENa nikSiptO 'gnirAkAzAt patitvA tAn khAditavAn|
42140a00b3	tESAM bhramayitA ca zayatAnO vahnigandhakayO rhradE 'rthataH pazu rmithyAbhaviSyadvAdI ca yatra tiSThatastatraiva nikSiptaH, tatrAnantakAlaM yAvat tE divAnizaM yAtanAM bhOkSyantE|
42140b0090	tataH zuklam EkaM mahAsiMhAsanaM mayA dRSTaM tadupaviSTO 'pi dRSTastasya vadanAntikAd bhUnabhOmaNPalE palAyEtAM punastAbhyAM sthAnaM na labdhaM|
42140c00f5	aparaM kSudrA mahAntazca sarvvE mRtA mayA dRSTAH, tE siMhAsanasyAntikE 'tiSThan granthAzca vyastIryyanta jIvanapustakAkhyam aparam EkaM pustakamapi vistIrNaM| tatra granthESu yadyat likhitaM tasmAt mRtAnAm Ekaikasya svakriyAnuyAyI vicAraH kRtaH|
42140d009d	tadAnIM samudrENa svAntarasthA mRtajanAH samarpitAH, mRtyuparalOkAbhyAmapi svAntarasthA mRtajanAH sarmipatAH, tESAnjcaikaikasya svakriyAnuyAyI vicAraH kRtaH|
42140e0043	aparaM mRtyuparalOkau vahnihradE nikSiptau, ESa Eva dvitIyO mRtyuH|
42140f005a	yasya kasyacit nAma jIvanapustakE likhitaM nAvidyata sa Eva tasmin vahnihradE nyakSipyata|
421501009d	anantaraM navInam AkAzamaNPalaM navInA pRthivI ca mayA dRSTE yataH prathamam AkAzamaNPalaM prathamA pRthivI ca lOpaM gatE samudrO 'pi tataH paraM na vidyatE|
421502007d	aparaM svargAd avarOhantI pavitrA nagarI, arthatO navInA yirUzAlamapurI mayA dRSTA, sA varAya vibhUSitA kanyEva susajjitAsIt|
42150300cc	anantaraM svargAd ESa mahAravO mayA zrutaH pazyAyaM mAnavaiH sArddham IzvarasyAvAsaH, sa taiH sArddhaM vatsyati tE ca tasya prajA bhaviSyanti, Izvarazca svayaM tESAm IzvarO bhUtvA taiH sArddhaM sthAsyati|
42150400a2	tESAM nEtrEbhyazcAzrUNi sarvvANIzvarENa pramArkSyantE mRtyurapi puna rna bhaviSyati zOkavilApaklEzA api puna rna bhaviSyanti, yataH prathamAni sarvvANi vyatItini|
4215050084	aparaM siMhAsanOpaviSTO janO'vadat pazyAhaM sarvvANi nUtanIkarOmi| punaravadat likha yata imAni vAkyAni satyAni vizvAsyAni ca santi|
4215060086	pana rmAm avadat samAptaM, ahaM kaH kSazca, aham Adirantazca yaH pipAsati tasmA ahaM jIvanadAyiprasravaNasya tOyaM vinAmUlyaM dAsyAmi|
4215070066	yO jayati sa sarvvESAm adhikArI bhaviSyati, ahanjca tasyEzvarO bhaviSyAmi sa ca mama putrO bhaviSyati|
42150800b1	kintu bhItAnAm avizvAsinAM ghRNyAnAM narahantRNAM vEzyAgAminAM mOhakAnAM dEvapUjakAnAM sarvvESAm anRtavAdinAnjcAMzO vahnigandhakajvalitahradE bhaviSyati, ESa Eva dvitIyO mRtyuH|
42150900bd	anantaraM zESasaptadaNPaiH paripUrNAH sapta kaMsA yESAM saptadUtAnAM karESvAsan tESAmEka Agatya mAM sambhASyAvadat, AgacchAhaM tAM kanyAm arthatO mESazAvakasya bhAvibhAryyAM tvAM darzayAmi|
42150a008d	tataH sa AtmAviSTaM mAm atyuccaM mahAparvvatamEMka nItvEzvarasya sannidhitaH svargAd avarOhantIM yirUzAlamAkhyAM pavitrAM nagarIM darzitavAn|
42150b005a	sA IzvarIyapratApaviziSTA tasyAstEjO mahArgharatnavad arthataH sUryyakAntamaNitEjastulyaM|
42150c00b4	tasyAH prAcIraM bRhad uccanjca tatra dvAdaza gOpurANi santi tadgOpurOpari dvAdaza svargadUtA vidyantE tatra ca dvAdaza nAmAnyarthata isrAyElIyAnAM dvAdazavaMzAnAM nAmAni likhitAni|
42150d0073	pUrvvadizi trINi gOpurANi uttaradizi trINi gOpurANi dakSiNadiSi trINi gOpurANi pazcImadizi ca trINi gOpurANi santi|
42150e0069	nagaryyAH prAcIrasya dvAdaza mUlAni santi tatra mESAzAvAkasya dvAdazaprEritAnAM dvAdaza nAmAni likhitAni|
42150f0082	anaraM nagaryyAstadIyagOpurANAM tatprAcIrasya ca mApanArthaM mayA sambhASamANasya dUtasya karE svarNamaya EkaH parimANadaNPa AsIt|
42151000c6	nagaryyA AkRtizcaturasrA tasyA dairghyaprasthE samE| tataH paraM sa tEga parimANadaNPEna tAM nagarIM parimitavAn tasyAH parimANaM dvAdazasahasranalvAH| tasyA dairghyaM prastham uccatvanjca samAnAni|
4215110083	aparaM sa tasyAH prAcIraM parimitavAn tasya mAnavAsyArthatO dUtasya parimANAnusAratastat catuzcatvAriMzadadhikAzatahastaparimitaM |
4215120066	tasya prAcIrasya nirmmitiH sUryyakAntamaNibhi rnagarI ca nirmmalakAcatulyEna zuddhasuvarNEna nirmmitA|
42151300ae	nagaryyAH prAcIrasya mUlAni ca sarvvavidhamahArghamaNibhi rbhUSitAni| tESAM prathamaM bhittimUlaM sUryyakAntasya, dvitIyaM nIlasya, tRtIyaM tAmramaNEH, caturthaM marakatasya,
42151400b3	panjcamaM vaidUryyasya, SaSThaM zONaratnasya, saptamaM candrakAntasya, aSTamaM gOmEdasya, navamaM padmarAgasya, dazamaM lazUnIyasya, EkAdazaM SErOjasya, dvAdazaM marTISmaNEzcAsti|
4215150091	dvAdazagOpurANi dvAdazamuktAbhi rnirmmitAni, EkaikaM gOpuram EkaikayA muktayA kRtaM nagaryyA mahAmArgazcAcchakAcavat nirmmalasuvarNEna nirmmitaM|
421516007a	tasyA antara Ekamapi mandiraM mayA na dRSTaM sataH sarvvazaktimAn prabhuH paramEzvarO mESazAvakazca svayaM tasya mandiraM|
4215170086	tasyai nagaryyai dIptidAnArthaM sUryyAcandramasOH prayOjanaM nAsti yata Izvarasya pratApastAM dIpayati mESazAvakazca tasyA jyOtirasti|
4215180085	paritrANaprAptalOkanivahAzca tasyA AlOkE gamanAgamanE kurvvanti pRthivyA rAjAnazca svakIyaM pratApaM gauravanjca tanmadhyam Anayanti|
4215190042	tasyA dvArANi divA kadApi na rOtsyantE nizApi tatra na bhaviSyati|
42151a0032	sarvvajAtInAM gauravapratApau tanmadhyam AnESyEtE|
42151b0097	parantvapavitraM ghRNyakRd anRtakRd vA kimapi tanmadhyaM na pravEkSyati mESazAvakasya jIvanapustakE yESAM nAmAni likhitAni kEvalaM ta Eva pravEkSyanti|
4216010079	anantaraM sa sphaTikavat nirmmalam amRtatOyasya srOtO mAm aurzayat tad Izvarasya mESazAvakasya ca siMhAsanAt nirgacchati|
42160200b7	nagaryyA mArgamadhyE tasyA nadyAH pArzvayOramRtavRkSA vidyantE tESAM dvAdazaphalAni bhavanti, EkaikO vRkSaH pratimAsaM svaphalaM phalati tadvRkSapatrANi cAnyajAtIyAnAm ArOgyajanakAni|
4216030088	aparaM kimapi zApagrastaM puna rna bhaviSyati tasyA madhya Izvarasya mESazAvakasya ca siMhAsanaM sthAsyati tasya dAsAzca taM sEviSyantE|
421604004a	tasya vadanadarzanaM prApsyanti bhAlESu ca tasya nAma likhitaM bhaviSyati|
4216050077	tadAnIM rAtriH puna rna bhaviSyati yataH prabhuH paramEzvarastAn dIpayiSyati tE cAnantakAlaM yAvad rAjatvaM kariSyantE|
42160600af	anantaraM sa mAm avadat, vAkyAnImAni vizvAsyAni satyAni ca, acirAd yai rbhavitavyaM tAni svadAsAn jnjApayituM pavitrabhaviSyadvAdinAM prabhuH paramEzvaraH svadUtaM prESitavAn|
4216070057	pazyAhaM tUrNam AgacchAmi, Etadgranthasya bhaviSyadvAkyAni yaH pAlayati sa Eva dhanyaH|
4216080072	yOhanaham EtAni zrutavAn dRSTavAMzcAsmi zrutvA dRSTvA ca taddarzakadUtasya praNAmArthaM taccaraNayOrantikE 'pataM|
42160900a1	tataH sa mAm avadat sAvadhAnO bhava maivaM kRru, tvayA tava bhrAtRbhi rbhaviSyadvAdibhirEtadgranthasthavAkyapAlanakAribhizca sahadAsO 'haM| tvam IzvaraM praNama|
42160a006a	sa puna rmAm avadat, EtadgranthasthabhaviSyadvAkyAni tvayA na mudrAgkayitavyAni yataH samayO nikaTavarttI|
42160b00ae	adharmmAcAra itaH paramapyadharmmam Acaratu, amEdhyAcAra itaH paramapyamEdhyam Acaratu dharmmAcAra itaH paramapi dharmmam Acaratu pavitrAcArazcEtaH paramapi pavitram Acaratu|
42160c0064	pazyAhaM tUrNam AgacchAmi, Ekaikasmai svakriyAnuyAyiphaladAnArthaM maddAtavyaphalaM mama samavartti|
42160d002c	ahaM kaH kSazca prathamaH zESazcAdirantazca|
42160e0066	amutavRkSasyAdhikAraprAptyarthaM dvArai rnagarapravEzArthanjca yE tasyAjnjAH pAlayanti ta Eva dhanyAH|
42160f0076	kukkurai rmAyAvibhiH puggAmibhi rnarahantRbhi rdEvArccakaiH sarvvairanRtE prIyamANairanRtAcAribhizca bahiH sthAtavyaM|
421610008d	maNPalISu yuSmabhyamEtESAM sAkSyadAnArthaM yIzurahaM svadUtaM prESitavAn, ahamEva dAyUdO mUlaM vaMzazca, ahaM tEjOmayaprabhAtIyatArAsvarUpaH|
4216110098	AtmA kanyA ca kathayataH, tvayAgamyatAM| zrOtApi vadatu, AgamyatAmiti| yazca tRSArttaH sa Agacchatu yazcEcchati sa vinA mUlyaM jIvanadAyi jalaM gRhlAtu|
42161200b6	yaH kazcid EtadgranthasthabhaviSyadvAkyAni zRNOti tasmA ahaM sAkSyamidaM dadAmi, kazcid yadyaparaM kimapyEtESu yOjayati tarhIzvarOgranthE'smin likhitAn daNPAn tasminnEva yOjayiSyati|
4216130098	yadi ca kazcid EtadgranthasthabhaviSyadvAkyEbhyaH kimapyapaharati tarhIzvarO granthE 'smin likhitAt jIvanavRkSAt pavitranagarAcca tasyAMzamapahariSyati|
421614006b	Etat sAkSyaM yO dadAti sa Eva vakti satyam ahaM tUrNam AgacchAmi| tathAstu| prabhO yIzO, AgamyatAM bhavatA|
4216150047	asmAkaM prabhO ryIzukhrISTasyAnugrahaH sarvvESu yuSmAsu varttatAM|AmEn|
